00 15 23 -39 11 34 NGC 55
00 24 20 -72 02 43 47 Tucanae
00 40 38 +41 42 50 M 110
00 42 58 +40 53 33 M 32
00 43 00 +41 17 47 Andromeda Galaxy
00 47 49 -25 15 54 Sculptor Galaxy
00 52 48 -72 46 23 Small Magellanic Cloud
00 52 53 -26 34 05 NGC 288
01 02 28 -70 49 16 NGC 362
01 19 22 +58 21 19 NGC 457
01 29 49 +63 20 02 NGC 559
01 33 34 +60 43 55 M 103
01 34 08 +30 41 08 Pinwheel
01 42 40 +51 35 36 Little Dumbbell/Barbell/Cork
01 43 17 +64 01 36 NGC 637
01 46 24 +61 16 30 NGC 663
01 58 05 +37 42 03 NGC 752
02 19 23 +57 10 09 h Perseus
02 19 23 +57 10 09 h Perseus
02 22 48 +57 08 00 Chi Perseus
02 33 05 +61 28 19 IC 1805
02 34 00 +57 33 29 NGC 957
02 42 20 +42 48 02 M 34
02 42 55 +00 00 28 M 77
02 43 04 +61 34 01 NGC 1027
03 15 00 +47 16 13 NGC 1245
03 31 57 +37 21 10 NGC 1342
03 47 17 +24 08 10 Pleiades
03 49 46 +52 41 01 NGC 1444
04 08 10 +62 20 47 NGC 1502
04 15 47 +51 15 13 NGC 1528
04 27 08 +15 52 22 Hyades
04 46 20 +19 04 56 NGC 1647
04 51 25 +43 42 34 NGC 1664
05 03 56 +23 49 34 NGC 1746
05 14 13 -40 01 17 NGC 1851
05 23 32 -69 45 06 Large Magellanic Cloud
05 28 59 +35 50 38 M 38
05 34 48 +22 01 11 Crab
05 35 39 -05 26 49 Great Orion Nebula
05 35 51 -05 15 49 M 43
05 36 27 +34 08 01 M 36
05 38 34 -69 04 51 Tarantula/30 Doradus
05 41 15 -02 23 52 Horsehead
05 46 57 +00 03 06 M 78
05 52 42 +32 32 43 M 37
06 01 20 +23 18 02 NGC 2129
06 08 43 +13 57 25 NGC 2169
06 09 10 +24 20 24 M 35
06 10 04 +20 19 20 NGC 2175
06 30 34 +05 02 47 Rosette
06 41 20 +09 52 49 NGC 2264
06 47 16 -20 43 40 M 41
06 52 01 +00 27 59 NGC 2301
07 03 26 -08 19 55 M 50
07 14 48 -10 17 47 NGC 2353
07 17 12 +13 46 03 NGC 2355
07 18 00 -15 37 02 NGC 2360
07 29 29 +20 54 04 Eskimo/Clown Face
07 30 25 +34 01 03 NGC 2393
07 36 50 -14 29 26 M 47
07 37 21 -13 51 28 NGC 2423
07 41 02 -31 38 46 NGC 2439
07 42 02 -14 48 49 M 46
07 42 08 -18 13 14 NGC 2440
07 44 50 -23 52 02 M 93
07 45 34 -37 58 05 NGC 2451
07 52 28 -38 32 35 NGC 2477
07 58 25 -60 52 02 NGC 2516
08 00 25 -10 47 07 NGC 2506
08 10 49 -49 15 52 NGC 2547
08 12 38 -37 37 59 NGC 2546
08 19 08 -29 44 24 NGC 2571
08 40 22 +19 58 17 Praesepe/Beehive
08 40 23 -53 03 47 IC 2391
08 41 17 -48 11 50 IC 2395
08 51 42 +11 47 35 M 67
09 12 05 -64 52 37 NGC 2808
09 27 45 -56 59 26 IC 2488
09 55 57 +69 02 34 Bode's Nebula
09 56 19 +69 39 31 M 82
10 02 53 -60 06 59 NGC 3114
10 07 14 -40 27 39 Eight Burst
10 07 14 -40 27 39 Eight Burst
10 17 45 -46 25 32 NGC 3201
10 21 58 -51 43 41 NGC 3228
10 23 47 +19 50 17 NGC 3227
10 25 03 -18 39 47 Ghost of Jupiter/Eye
10 27 33 -57 38 52 IC 2581
10 43 23 -64 24 20 IC 2602
11 06 39 -58 40 51 NGC 3532
11 15 04 +54 59 01 Owl
11 19 11 +13 03 56 M 65
11 20 30 +12 58 03 M 66
11 36 22 -61 37 16 NGC 3766
12 19 13 +47 16 36 M 106
12 25 19 +12 51 34 M 84
12 25 21 +26 04 44 Melotte 111
12 26 14 -72 42 17 NGC 4372
12 26 27 +12 55 09 M 86
12 29 22 +02 01 30 3CR 273
12 29 22 +02 01 30 3CR 273
12 30 01 +07 58 19 M 49
12 31 05 +12 21 45 M 87
12 36 36 +25 57 41 NGC 4565
12 39 43 -26 46 07 M 68
12 40 15 -11 39 02 Sombrero
12 51 08 +41 05 32 M 94
12 53 54 -60 20 54 Jewel Box
12 56 59 +21 39 28 Black Eye
12 59 41 -70 53 48 NGC 4833
13 25 47 -43 02 33 NGC 5128
13 27 06 -47 30 07 Omega Centauri
13 30 06 +47 10 16 Whirlpool
13 30 12 +47 14 48 NGC 5195
13 37 17 -29 53 35 M 83
13 42 26 +28 21 24 M 3
14 03 24 +54 19 37 M 101
14 07 56 -48 19 40 NGC 5460
15 05 32 -54 20 47 NGC 5822
15 17 46 -21 02 02 NGC 5897
15 18 29 +02 04 01 M 5
15 46 25 -37 47 14 NGC 5986
16 04 06 -60 30 04 NGC 6025
16 13 38 -54 12 23 NGC 6067
16 17 23 -23 00 05 M 80
16 25 59 -40 39 28 NGC 6124
16 26 17 -72 12 32 NGC 6101
16 34 45 -49 35 51 NGC 6167
16 36 05 -45 37 44 NGC 6178
16 41 38 -48 45 19 NGC 6193
16 41 52 +36 26 47 Keystone
16 47 28 -01 57 49 M 12
16 57 24 -04 07 04 M 10
17 01 36 -30 07 46 M 62
17 02 55 -26 16 40 M 19
17 14 05 -37 06 32 Bug
17 17 17 +43 08 31 M 92
17 18 50 -42 56 26 NGC 6322
17 19 26 -18 31 22 M 9
17 32 17 -67 03 26 NGC 6362
17 35 06 -32 33 08 NGC 6383
17 36 37 -44 44 02 NGC 6388
17 37 53 -03 14 53 M 14
17 40 24 -32 11 43 Butterfly
17 41 16 -53 40 40 NGC 6397
17 46 30 +05 42 49 IC 4665
17 54 16 -34 47 37 M 7
17 57 09 -19 00 21 M 23
17 58 33 +66 37 58 Cat's Eye
18 02 38 -23 00 55 M 20
18 04 06 -24 22 58 Lagoon
18 04 55 -22 28 44 M 21
18 08 24 -43 43 29 NGC 6541
18 12 23 +06 50 53 NGC 6572
18 18 44 -18 23 38 M 24
18 19 07 -13 45 36 M 16
18 20 11 -17 06 30 M 18
18 21 04 -16 09 27 M 17
18 24 55 -25 52 08 M 28
18 27 59 +06 34 08 NGC 6633
18 31 57 -19 13 34 M 25
18 36 45 -23 55 12 M 22
18 39 12 +05 27 01 IC 4756
18 43 35 -32 16 40 M 70
18 51 21 -06 15 02 Wild Duck
18 53 46 +33 02 29 Ring
18 54 51 -19 51 46 NGC 6716
18 55 25 -30 27 44 M 54
18 59 54 -36 37 24 NGC 6723
19 11 14 -59 58 34 NGC 6752
19 16 45 +30 10 57 M 56
19 40 23 -30 55 20 M 55
19 44 13 -14 09 05 Little Gem
19 53 57 +18 47 41 M 71
19 59 47 +22 43 38 Dumbbell
20 06 04 +35 47 32 NGC 6871
20 23 16 +40 47 42 NGC 6910
20 24 08 +38 32 44 M 29
21 04 29 -11 20 51 Saturn Nebula
21 30 15 +12 11 32 M 15
21 32 23 +48 27 38 M 39
21 33 43 -00 48 19 M 2
21 39 15 +57 31 22 IC 1396
21 40 43 -23 10 00 M 30
21 53 36 +47 17 25 Cocoon
21 53 53 +62 37 37 NGC 7160
22 15 29 +49 54 27 NGC 7243
22 29 54 -20 46 04 Helix
23 24 27 +61 37 08 M 52
23 57 17 +56 45 22 NGC 7789
23 58 41 +61 14 22 NGC 7790
