13 40 59 +19 55 25 1
14 28 50 +28 15 46 Struve 1850
14 33 53 +35 33 30 Struve 1858
14 41 02 +16 23 29 Pi
14 41 50 +51 22 17 Struve 1871
14 45 16 +27 02 53 Epsilon
14 46 35 +09 37 14 Struve 1879
14 28 41 +24 20 21 Struve 1884
14 49 55 +48 41 43 39
14 51 21 +09 41 52 Struve 1886
14 53 41 +15 40 45 Otto Struve 288
14 57 43 +40 08 12 Struve 1895
14 59 48 +53 50 08 Sh 191
15 00 53 +47 15 10 Otto Struve 291
15 04 02 +47 37 47 44
15 07 52 +09 12 07 Struve 1910
15 10 10 +37 57 08 Struve 1916
15 12 15 +38 38 47 Struve 1921
15 15 46 +33 17 29 Delta
15 24 44 +37 21 17 Mu-1
15 24 46 +37 19 31 Mu-2
15 26 40 +43 58 53 Otto Struve 296
15 36 17 +39 46 53 Otto Struve 298
13 49 22 +26 56 58 Struve 1785
13 59 23 +25 47 10 Struve 1793
14 09 30 +07 21 19 Otto Struve 275
14 14 08 +11 58 06 Struve 279
14 13 43 +51 45 35 Kappa
14 15 43 +50 24 39 Struve 1829
14 16 51 +20 05 35 Struve 1825
14 16 25 +51 20 22 Iota
14 20 33 +48 28 45 Struve 1834
14 23 42 +08 25 06 Struve 1835
