19 28 11 +36 32 38 Struve 2534
19 31 12 +27 58 39 Alberio
19 31 08 +50 11 39 Otto Struve 374
19 46 11 +33 36 45 Struve 2576
19 46 11 +36 05 45 Struve 2578
19 46 11 +33 44 45 17
19 49 10 +44 22 46 Struve 2588
19 50 11 +38 43 46 19
19 55 12 +30 12 48 Otto Struve 390
19 55 12 +30 11 48 J781
19 56 08 +52 26 49 Psi
19 58 10 +44 23 49 Otto Struve 393
19 59 11 +38 06 50 Struve 2609
19 59 09 +47 22 50 Struve 2611
20 00 11 +36 25 50 Otto Struve 394
20 02 10 +40 18 51 h1468
20 04 11 +36 01 52 Struve 2624
20 03 11 +38 20 51 h1470
20 08 12 +32 35 53 Struve 2633
20 09 11 +35 29 53 Struve 2639
20 13 08 +53 08 55 Struve 2658
20 16 08 +52 30 56 Otto Struve 404
20 17 11 +39 41 56 Struve 2663
20 18 11 +40 44 57 Struve 2666
20 22 11 +40 16 58 Gamma
20 23 08 +53 25 59 Struve 2681
20 35 12 +32 33 03 Struve 2700
20 35 12 +35 11 03 Struve 2702
20 41 12 +32 22 05 49
20 42 09 +49 16 05 Arg 39
20 46 12 +30 44 06 52
19 43 08 +50 32 44 16
