02 25 57 +50 18 04 65 And 6.5 .0 4.71
02 58 27 -40 17 06 ACAMAR -5.2 -.3 3.18
01 37 54 -57 12 41 ACHERNAR -1.7 -.5 .53
12 26 53 -63 07 37 ACRUX -1.9 -.2 1.27
08 58 45 +11 50 18 ACUBENS 3.4 -.5 4.25
06 58 50 -28 58 44 ADHARA -6.9 .5 1.52
22 08 33 -46 56 11 AL_NA'IR .5 .1 1.77
09 08 11 -43 27 10 AL_SUHAI -3.8 .3 2.18
19 30 55 +27 58 14 ALBIREO 4.2 .1 3.01
03 47 47 +24 07 13 ALCYONE 1.2 .3 2.85
04 36 12 +16 31 09 ALDEBARA 3.8 .2 .99
21 18 42 +62 36 24 ALDERAMI -2.2 .3 2.43
00 13 29 +15 12 41 ALGENIB 2.3 -.1 2.80
10 20 14 +19 48 59 Algieba 4.9 -.1 2.23
03 08 30 +40 58 28 ALGOL 2.0 .3 2.11
06 38 00 +16 23 42 ALHENA -3.7 -.4 2.02
12 54 15 +55 55 58 ALIOTH -3.3 .3 1.76
13 47 44 +49 17 19 ALKAID 5.9 -.2 1.86
02 04 13 +42 21 13 ALMAAK -.8 -.2 2.15
05 36 28 -01 11 57 ALNILAM -2.8 -.1 1.72
09 27 50 -08 40 50 ALPHARD 3.6 -.2 1.97
15 34 54 +26 41 54 ALPHECCA 4.5 -.4 2.22
18 35 26 +08 14 55 ALP SCT 6.3 -.2 3.84
19 55 34 +06 25 11 ALSHAIN -3.0 -.5 3.71
19 51 01 +08 52 54 ALTAIR .19 .4 .93
00 26 32 -42 16 43 ANKAA 1.4 .4 2.38
16 29 43 -26 26 34 ANTARES -7.4 .1 1.06
14 15 53 +19 09 26 ARCTURUS 5.7 .1 .16
05 32 57 -17 49 08 ARNEB -2.8 .2 2.56
08 22 37 -59 31 32 AVIOR -2.7 -.1 2.17
05 25 24 +06 21 14 BELLATRI -2.1 -.1 1.66
05 55 26 +07 24 27 BETELGEU 4.5 .4 .56
06 24 04 -52 41 54 CANOPUS 1.7 .3 -.62
05 17 03 +46 00 10 CAPELLA 5.9 .1 .24
00 09 27 +59 10 38 CAPH -.5 .5 2.26
07 34 55 +31 52 38 CASTOR -2.7 -.4 1.93
12 56 16 +38 17 29 COR_CARO -6.3 .4 2.86
05 08 06 -05 04 49 CURSA -.6 -.5 2.76
20 41 36 +45 17 54 DENEB -1.3 .2 3.44
11 49 18 +14 32 39 DENEBOLA 5.9 -.1 21.3
00 43 50 -17 57 34 DIPHDA 6.6 -.4 2.03
16 00 38 -22 38 08 DSCHUBBA .1 .4 2.29
11 04 02 +61 43 26 DUBHE -5.6 .5 4.94
05 26 37 +28 36 41 ELNATH -7.2 .2 1.68
17 56 43 +51 29 19 ELTANIN 5.42 -.1 2.20
21 44 26 +09 53 53 ENIF 2.5 .1 2.35
22 57 55 -29 35 44 FOMALHAU 2.0 -.3 1.23
12 31 27 -57 08 28 GACRUX -.4 -.4 1.65
20 46 25 +33 59 20 GIENAH -3.1 .2 2.46
16 05 43 -19 49 08 GRAFFIAS 3.4 -.3 2.61
14 04 10 -60 23 49 HADAR 5.8 .0 .58
02 07 27 +23 29 09 HAMAL 7.0 .1 2.00
02 43 34 +03 15 24 KAFFALJI -.0 .4 3.54
16 57 54 +09 22 03 KAP OPH .3 .1 3.13
20 39 22 +10 06 14 KAP DEL -2 .4 5.07
18 24 30 -34 22 54 KAUS_AUS 4.6 .1 1.81
14 50 41 +74 08 06 KOCHAB 4.4 -.1 2.04
22 52 53 -07 33 10 lAM AQR -1.8 .4 3.74
23 05 01 +15 13 56 MARKAB -4.9 -.2 2.46
12 15 41 +57 00 17 MEGREZ -5.8 .4 3.29
05 59 54 +44 56 51 MENKALIN -4.5 -.2 1.90
03 02 33 +04 06 33 MENKAR -3.5 -.2 2.52
14 06 59 -36 23 39 MENKENT -3.2 -.2 2.04
11 02 09 +56 21 20 MERAK -7.3 -.2 2.35
09 13 15 -69 44 16 MIAPLACI -7.3 .5 1.67
12 48 01 -59 42 58 MIMOSA 4.4 -.4 1.31
05 32 15 -00 17 45 MINTAKA 6 .5 2.41
01 10 01 +35 38 50 MIRACH -.3 -.4 2.06
03 24 41 +49 52 43 MIRPHAK 5.7 .1 1.81
06 22 55 -17 57 31 MIRZAM -.2 .3 1.96
13 24 08 +54 53 57 MIZAR -6.1 .2 2.22
15 02 08 +40 22 16 NEKKAR -3.8 -.1 3.47
05 28 28 -20 45 20 NIHAL -4.2 .3 2.81
18 55 35 -26 17 24 NUNKI -1.1 .4 2.07
20 26 03 -56 43 08 PEACOCK -.21 -.4 1.92
05 39 50 -34 04 18 PHACT -.9 -.1 2.62
11 54 06 +53 40 01 PHECDA -1.7 .2 2.40
02 37 25 +89 17 10 POLARIS 1.0 -.5 1.97
07 45 38 +28 00 50 POLLUX -1.3 .1 1.22
07 39 34 +05 12 44 PROCYON -.9 .0 .46
17 35 10 +12 33 24 RASALHAG 1.4 .3 2.09
10 08 38 +11 56 34 REGULUS 3.7 .2 1.41
05 14 46 -08 11 46 RIGEL 4.1 -.1 28
14 40 02 -60 51 18 RIGEL_KE 6.5 -.0 .12
01 26 09 +60 15 40 RUCHBAH 1.9 -.2 2.65
19 24 14 -40 36 22 RUKBAT -2.14 .2 3.95
17 10 40 -15 43 51 SABIK -4.4 .2 2.47
22 06 02 -00 17 43 SADALMEL .6 .5 2.93
21 31 50 -05 32 56 SADALSUU -6.9 .2 2.87
20 22 25 +40 16 22 SADR -4.5 .0 2.20
05 47 59 -09 40 06 SAIPH 5.9 -.4 2.06
17 37 41 -43 00 01 SARGAS 2.0 -.3 1.86
17 15 14 +24 50 01 SARIN -1.5 -.5 3.11
22 54 55 -15 47 39 SCHEAT -.0 .0 3.25
00 40 47 +56 33 53 SCHEDAR 7.0 .3 2.22
01 54 55 +20 49 56 SHARATAN 6.6 .5 2.64
17 33 57 -37 06 26 SHAULA -7.3 -.1 1.63
18 50 16 +33 22 08 SHELIAK 2.58 -.4 3.63
01 54 55 +20 49 56 SHERATAN -6.20 .4 2.64
06 45 22 -16 43 12 SIRIUS 1.6 -.2 1.09
13 25 28 -11 11 14 SPICA -6.5 -.1 1.05
09 08 11 -43 27 10 SUHAIL -3.8 .3 2.18
19 46 30 +10 37 33 TARAZED -6.3 -.3 2.68
14 04 31 +64 21 07 THUBAN 4.7 .1 3.64
15 44 31 +06 24 06 UNUKALHA .1 .4 2.61
18 37 06 +38 47 18 VEGA 5.9 .3 .09
13 02 26 +10 55 56 VINDEMIA -7.1 0.0 2.81
07 20 25 +21 58 23 WASAT 6.6 .2 3.52
07 08 35 -26 24 04 WEZEN 7.3 .5 1.83
03 58 16 -13 29 40 ZAURAK -3.3 .1 2.94
11 50 57 +01 44 12 ZAVIJAVA -1.1 -.1 3.59
11 14 23 +20 29 47 ZOSMA -6.8 -.2 2.53
14 51 10 -16 03 45 UBENELG -4.7 -.4 2.72
