01 53 49 +03 12 43 Xi Psc
01 30 27 +06 10 11 Mu Psc
01 41 42 +05 30 46 Nu Psc
02 02 19 +02 47 16 Alrisha
02 02 19 +02 47 16 HR 595
02 39 44 +00 21 00 Delta Cet
02 43 34 +03 15 25 Kaffaljidhma
02 36 08 +05 36 54 Nu Cet
03 02 33 +04 06 33 Menkar
03 19 38 +03 23 18 Kappa 1 Cet
03 37 07 +00 25 05 10 Tau
04 03 25 +06 00 10 Nu Tau
04 58 49 +01 43 17 Pi 6 Ori
04 54 31 +02 26 54 Pi 5 Ori
04 51 28 +05 36 48 Pi 4 Ori
04 50 06 +06 58 11 Tabit
05 25 01 +01 51 02 Psi 1 Ori
05 13 33 +02 52 01 Rho Ori
05 23 06 +03 32 56 23 Ori
05 27 06 +03 05 58 Psi 2 Ori
05 27 06 +03 06 01 HIP 25473
05 25 24 +06 21 14 Bellatrix
05 42 45 +01 28 37 51 Ori
05 52 42 +01 51 21 56 Ori
05 39 27 +04 07 26 Omega Ori
05 31 03 +05 57 06 32 Ori
05 55 26 +07 24 27 Betelgeuse
06 24 02 +04 35 24 Epsilon Mon
06 48 08 +02 24 23 18 Mon
06 33 10 +07 19 45 13 Mon
07 39 34 +05 12 48 Procyon
08 02 32 +02 19 13 HR 3145
08 43 29 +03 22 50 Eta Hya
08 39 01 +03 19 25 Al Minliar al Shuja
08 37 55 +05 41 10 Delta Hya
08 47 03 +06 24 01 Epsilon Hya
08 47 02 +06 24 02 HIP 43109
08 48 42 +05 49 09 Rho Hya
08 55 40 +05 55 35 Zeta Hya
09 14 38 +02 17 36 Theta Hya
09 06 14 +05 04 19 Omega Hya
09 38 43 +04 37 35 HR 3834
09 37 29 +06 48 48 10 Leo
10 35 04 +06 55 40 48 Leo
11 00 49 +03 35 26 58 Leo
11 28 11 +02 49 44 Tau Leo
11 01 01 +06 04 28 59 Leo
11 05 17 +07 18 33 Chi Leo
11 21 23 +06 00 07 Sigma Leo
11 50 57 +01 44 13 Zavijah
11 46 07 +06 30 06 Nu Vir
12 20 36 +03 17 05 16 Vir
12 01 07 +06 35 12 Pi Vir
12 55 51 +03 22 14 Auva
13 17 51 +05 26 37 Sigma Vir
13 34 23 +03 38 00 78 Vir
14 01 54 +01 31 14 Tau Vir
14 46 30 +01 52 19 109 Vir
15 03 09 +02 04 19 110 Vir
15 51 04 +04 27 46 Epsilon Ser
15 44 31 +06 24 36 Unukalhai
15 46 42 +07 20 16 Lambda Ser
16 22 19 +01 01 03 Sigma Ser
16 31 10 +01 58 24 Marfic
16 31 10 +01 58 26 HIP 80883
17 26 46 +04 08 10 Sigma Oph
17 48 09 +02 42 21 Gamma Oph
17 43 43 +04 33 55 Cebalrai
18 02 00 +01 18 19 68 Oph
18 00 54 +02 55 54 67 Oph
18 05 42 +02 30 09 HIP 88601
18 05 42 +02 30 02 70 Oph
18 21 07 +03 22 47 74 Oph
18 00 31 +04 22 07 66 Oph
18 56 28 +04 12 37 Theta 1 Ser
18 56 30 +04 12 32 Theta 2 Ser
19 26 46 +00 20 56 Nu Aql
19 25 45 +03 07 30 Delta Aql
19 52 43 +01 01 07 Eta Aql
19 34 20 +07 23 24 Mu Aql
19 55 34 +06 25 12 Alshain
21 16 04 +05 16 08 Kitalpha
22 25 32 +01 24 11 Pi Aqr
22 28 07 +04 43 16 35 Peg
22 05 56 +05 04 59 Nu Peg
22 10 27 +06 13 21 Baham
23 27 11 +01 16 59 Kappa Psc
23 04 08 +03 50 49 Fum al Samakah
23 17 25 +03 18 34 Gamma Psc
23 28 13 +06 24 23 Theta Psc
23 42 18 +01 48 28 Lambda Psc
23 40 12 +05 39 15 Iota Psc
23 59 34 +06 53 28 Omega Psc
00 48 57 +07 36 44 Delta Psc
01 03 13 +07 55 00 Epsilon Psc
01 45 40 +09 10 58 Omicron Psc
02 13 16 +08 52 12 Xi 1 Cet
02 28 26 +08 28 56 Xi 2 Cet
02 59 59 +08 55 38 Menkar
02 45 13 +10 08 06 Mu Cet
03 27 26 +09 45 00 Xi Tau
03 25 05 +09 02 47 Omicron Tau
03 31 09 +12 57 13 5 Tau
03 44 20 +09 03 55 HD 23260
04 00 58 +12 30 15 Lambda Tau
04 15 48 +08 54 16 Mu Tau
04 14 12 +09 16 35 47 Tau
04 14 12 +09 16 36 HIP 19740
04 35 55 +10 10 15 88 Tau
04 26 53 +14 43 30 Pi Tau
04 34 08 +14 51 17 Rho Tau
04 50 53 +08 54 31 Pi 2 Ori
04 55 11 +10 09 31 Pi 1 Ori
04 38 26 +12 31 14 90 Tau
04 52 49 +14 15 31 Omicron 1 Ori
04 56 39 +13 31 19 Omicron 2 Ori
05 37 10 +09 17 36 Phi 2 Ori
05 35 25 +09 56 14 Meissa
05 35 25 +09 56 17 HR 1880
05 35 05 +09 29 33 Phi 1 Ori
06 02 40 +09 38 49 Mu Ori
05 49 50 +12 39 10 134 Tau
06 07 51 +14 46 04 Nu Ori
06 12 13 +14 12 27 Xi Ori
06 47 36 +08 01 53 17 Mon
06 41 16 +09 53 27 15 Mon
06 41 16 +09 53 24 HIP 31978
06 45 34 +12 53 24 Alzirr
06 44 16 +13 13 22 30 Gem
06 54 56 +13 10 16 38 Gem
06 54 56 +13 10 11 HIP 33202
07 25 55 +09 15 57 Epsilon CMi
07 28 26 +08 54 54 Gamma CMi
07 27 25 +08 16 45 Gomeisa
07 30 05 +11 59 46 6 CMi
08 16 47 +09 10 12 Altarf
08 58 45 +11 50 18 Acubens
09 41 25 +09 52 10 Subra
09 32 13 +11 16 39 Xi Leo
10 00 29 +08 01 12 Pi Leo
10 08 10 +09 58 23 31 Leo
10 08 38 +11 56 33 Regulus
10 33 05 +09 16 51 Rho Leo
11 24 11 +10 30 07 Iota Leo
11 24 11 +10 30 07 HIP 55642
11 45 32 +08 13 49 Xi Vir
12 05 28 +08 42 19 Omicron Vir
11 49 19 +14 32 39 Denebola
12 42 08 +10 12 29 Rho Vir
13 02 26 +10 55 56 Vindemiatrix
13 28 41 +13 45 11 70 Vir
14 23 38 +08 25 27 HR 5386
14 41 54 +08 08 26 31 Boo
14 41 23 +13 42 26 Zeta Boo
15 35 02 +10 31 21 Delta Ser
16 32 50 +11 28 40 29 Her
16 25 39 +14 01 20 Kajam
16 57 54 +09 22 03 Kappa Oph
16 54 14 +10 09 27 Iota Oph
17 05 37 +12 44 03 60 Her
17 03 22 +14 05 06 HR 6337
17 14 53 +14 23 05 Rasalgethi
17 35 10 +12 33 25 Rasalhague
18 07 32 +08 44 05 71 Oph
18 07 35 +09 33 53 72 Oph
19 05 39 +13 52 17 Deneb el Okab
19 51 01 +08 52 53 Altair
19 54 30 +08 28 29 Xi Aql
19 46 30 +10 37 33 Tarazed
20 33 27 +11 19 14 Deneb Dulfim
20 35 33 +14 41 30 Zeta Del
20 37 47 +14 36 46 Rotanev
21 10 35 +10 09 08 Gamma Equ
21 10 35 +10 09 09 HIP 104521
21 14 44 +10 01 40 Delta Equ
21 44 26 +09 53 53 Enif
22 21 46 +12 13 50 31 Peg
22 55 29 +08 50 34 Rho Peg
22 46 57 +12 11 57 Xi Peg
22 41 43 +10 51 27 Homam
23 07 15 +09 26 12 55 Peg
23 29 24 +12 47 17 70 Peg
00 13 29 +15 12 41 Algenib
00 14 52 +20 14 04 Chi Peg
01 31 45 +15 22 17 Eta Psc
01 11 43 +21 03 40 Chi Psc
01 53 48 +19 19 13 Gamma 2 Ari
01 53 48 +19 19 06 HIP 8832
01 54 55 +20 49 57 Sharatan
03 11 55 +19 44 43 Botein
02 59 30 +21 21 37 Epsilon Ari
03 15 11 +21 03 46 Zeta Ari
04 05 00 +22 05 43 37 Tau
04 20 05 +15 38 22 Gamma Tau
04 28 43 +16 22 14 75 Tau
04 30 51 +16 12 16 HR 1427
04 28 51 +15 58 23 Theta 1 Tau
04 28 57 +15 52 54 Theta 2 Tau
04 26 38 +15 37 46 71 Tau
04 36 12 +16 31 09 Aldebaran
04 39 34 +15 55 40 Sigma 2 Tau
04 23 13 +17 33 14 Hyadum II
04 24 23 +17 27 20 Delta 2 Tau
04 25 46 +17 56 20 Delta 3 Tau
04 25 46 +17 56 22 HIP 20648
04 17 34 +20 35 26 Omega 2 Tau
04 28 55 +19 11 29 Ain
04 25 40 +22 18 18 Kappa 1 Tau
05 09 59 +15 36 12 15 Ori
05 04 51 +15 24 39 11 Ori
05 07 45 +18 39 05 104 Tau
05 03 24 +21 35 49 Iota Tau
05 19 35 +22 06 05 109 Tau
05 41 35 +16 32 11 126 Tau
05 24 42 +17 23 16 111 Tau
05 32 31 +18 35 51 119 Tau
05 27 56 +21 56 27 114 Tau
05 37 57 +21 08 43 Zeta Tau
06 12 20 +16 07 44 69 Ori
05 54 41 +20 16 36 Chi 1 Ori
06 04 13 +20 08 16 Chi 2 Ori
06 38 00 +16 23 41 Alhena
06 29 16 +20 12 31 Nu Gem
07 18 23 +16 31 52 Lambda Gem
07 04 25 +20 33 45 Mekbuda
07 20 25 +21 58 22 Wasat
07 46 24 +18 29 51 81 Gem
08 12 30 +17 37 57 Tegmen
08 12 30 +17 37 58 Zeta 1 Cnc
08 12 30 +17 37 59 HR 3210
08 44 58 +18 08 10 Asellus Australis
08 43 34 +21 27 01 Asellus Borealis
10 07 36 +16 44 18 Eta Leo
10 20 14 +19 48 58 Algieba
10 20 14 +19 48 57 HR 4058
10 20 00 +19 26 44 40 Leo
11 02 36 +20 09 10 60 Leo
11 14 30 +15 24 08 Chort
11 14 22 +20 29 47 Zosma
11 48 15 +20 11 28 93 Leo
12 20 58 +17 45 54 11 Com
12 59 10 +17 22 57 36 Com
13 10 14 +17 30 10 Diadem
12 53 33 +21 13 04 35 Com
13 47 30 +17 25 56 Tau Boo
13 49 44 +15 46 23 Upsilon Boo
13 49 57 +21 14 22 6 Boo
14 19 59 +16 17 03 20 Boo
13 54 55 +18 22 24 Mufrid
14 15 54 +19 09 34 Arcturus
14 45 28 +16 56 36 Omicron Boo
14 40 58 +16 23 49 Pi 1 Boo
14 51 37 +19 04 49 Xi Boo
15 46 25 +15 24 24 Beta Ser
15 56 41 +15 38 51 Gamma Ser
15 41 46 +19 39 16 Iota Ser
15 48 58 +18 07 36 Kappa Ser
15 51 29 +20 57 48 Rho Ser
16 08 19 +17 02 02 Marfik
16 22 08 +19 08 29 Gamma Her
16 30 26 +21 28 45 Kornephoros
18 00 16 +16 45 03 93 Her
18 06 15 +22 13 11 98 Her
18 01 43 +21 35 46 95 Her
18 08 58 +20 48 56 102 Her
18 20 31 +21 57 50 106 Her
18 23 55 +21 46 21 109 Her
18 59 51 +15 04 32 Deneb el Okab
18 47 14 +18 11 13 111 Her
18 45 53 +20 33 07 110 Her
19 40 19 +18 01 32 Sham
19 41 16 +17 29 17 Beta Sge
19 34 48 +19 47 04 9 Vul
19 16 26 +21 23 59 1 Vul
20 14 31 +15 12 46 Rho Aql
19 47 36 +18 32 48 Delta Sge
19 49 12 +19 09 17 Zeta Sge
19 58 58 +19 30 22 Gamma Sge
20 39 52 +15 55 47 Sualocin
20 43 42 +15 05 34 Delta Del
20 46 54 +16 08 34 Gamma 2 Del
20 38 44 +21 13 08 29 Vul
21 44 45 +17 22 23 9 Peg
21 22 19 +19 49 33 1 Peg
23 05 01 +15 13 56 Markab
00 08 39 +29 07 06 Alpheratz
00 47 36 +24 17 40 Zeta And
00 57 28 +23 26 41 Eta And
00 38 49 +29 20 21 Epsilon And
01 14 01 +24 36 36 Phi Psc
01 19 45 +27 17 25 Upsilon Psc
01 58 13 +23 37 13 Lambda Ari
02 07 27 +23 29 10 Hamal
02 09 42 +25 57 49 14 Ari
01 53 22 +29 36 12 Metallah
02 43 45 +27 43 42 35 Ari
02 48 13 +29 16 04 39 Ari
03 20 38 +29 03 58 HR 999
03 46 08 +24 22 59 Maia
03 45 11 +24 07 44 Electra
03 47 47 +24 07 13 Alcyone
03 49 28 +24 04 06 Atlas
03 46 38 +23 57 49 Merope
03 45 30 +24 28 58 Taygeta
04 26 36 +22 49 29 Upsilon Tau
04 20 40 +27 21 45 Phi Tau
04 42 33 +22 57 58 Tau Tau
05 26 37 +28 36 42 Alnath
06 04 25 +23 15 46 Propus
05 49 19 +24 34 08 132 Tau
05 58 19 +25 57 15 139 Tau
05 53 39 +27 36 47 136 Tau
06 15 11 +22 30 17 Propus
06 15 11 +22 30 17 HIP 29655
06 23 16 +22 30 39 Mu Gem
06 15 42 +29 29 46 Kappa Aur
06 44 14 +25 07 33 Mebsuta
07 44 45 +24 23 09 Kappa Gem
07 26 03 +27 47 16 Propus
07 36 13 +26 53 04 Upsilon Gem
07 45 38 +28 00 50 Pollux
07 43 38 +28 52 17 Sigma Gem
07 53 48 +26 45 09 Phi Gem
08 03 49 +27 46 49 Chi Gem
08 47 00 +28 44 29 Iota Cnc
09 24 56 +26 09 38 Al Minliar al Asad
09 32 00 +22 56 45 Alterf
09 46 08 +23 45 03 Ras Elased Australis
09 53 03 +25 59 00 Ras Elased Borealis
10 16 58 +23 23 32 Adhafera
10 55 53 +24 43 23 54 Leo
11 15 28 +23 04 06 72 Leo
12 16 36 +23 55 03 7 Com
12 22 45 +25 49 06 12 Com
12 35 06 +22 36 06 23 Com
12 27 11 +28 14 26 Gamma Com
12 26 39 +27 14 26 14 Com
12 27 14 +26 47 53 16 Com
12 51 57 +27 30 49 31 Com
13 12 06 +27 51 06 Beta Com
13 07 25 +27 35 53 41 Com
14 10 38 +25 04 06 12 Boo
14 45 12 +27 03 15 HR 5505
14 45 12 +27 03 12 Izar
14 43 38 +26 30 24 34 Boo
15 02 20 +24 59 19 Omega Boo
14 34 54 +29 43 24 Sigma Boo
15 07 31 +24 51 00 45 Boo
15 04 40 +26 55 43 Psi Boo
15 34 54 +26 41 54 Alphekka
15 28 02 +29 05 19 Nusakan
16 02 31 +22 47 27 Pi Ser
15 42 58 +26 16 48 Gamma CrB
15 57 47 +26 51 49 Epsilon CrB
15 49 49 +26 03 12 Delta CrB
16 01 39 +29 50 14 Iota CrB
16 51 57 +24 38 54 51 Her
17 15 14 +24 50 01 Sarin
17 30 56 +26 06 25 Maasym
17 46 40 +27 43 08 Mu Her
17 57 58 +29 14 51 Xi Her
18 07 45 +28 45 48 Omicron Her
18 54 58 +22 39 06 113 Her
18 46 16 +26 40 04 HR 7064
19 28 55 +24 40 32 Alpha Vul
19 30 55 +27 58 14 Albireo
19 24 20 +29 37 53 2 Cyg
19 53 41 +24 05 35 13 Vul
19 53 41 +24 05 34 HIP 97886
19 51 17 +22 37 23 12 Vul
20 01 18 +27 46 04 15 Vul
20 15 29 +25 36 27 HR 7739
20 15 58 +27 49 47 23 Vul
20 45 06 +25 17 20 30 Vul
20 52 21 +27 06 57 31 Vul
21 30 11 +23 39 39 2 Peg
21 44 53 +25 40 05 Kappa Peg
21 44 22 +28 45 56 HIP 107310
22 07 15 +25 22 10 Iota Peg
22 46 46 +23 35 31 Lambda Peg
22 50 14 +24 37 42 Mu Peg
22 21 33 +28 21 21 32 Peg
22 41 59 +29 20 02 Omicron Peg
23 20 53 +23 46 04 Salm
23 25 38 +23 25 54 Upsilon Peg
23 07 22 +25 29 44 56 Peg
23 04 01 +28 06 35 Scheat
23 58 01 +25 10 09 Psi Peg
23 44 14 +29 23 21 78 Peg
00 18 36 +36 48 47 Sigma And
00 39 36 +30 53 19 Delta And
01 11 57 +30 06 58 Tau Psc
00 37 09 +33 44 49 Pi And
01 10 01 +35 38 50 Mirach
02 12 40 +30 19 35 6 Tri
02 09 51 +35 00 39 Beta Tri
02 17 21 +34 14 50 Delta Tri
02 17 37 +33 52 13 Gamma Tri
02 59 23 +35 12 10 24 Per
02 51 50 +35 04 48 17 Per
03 19 03 +34 14 27 HR 991
03 44 38 +32 18 14 Atik
03 44 38 +32 18 15 HIP 17448
03 54 27 +31 53 53 Zeta Per
03 42 42 +33 58 51 40 Per
03 59 18 +35 48 18 Menkib
04 20 45 +34 34 42 54 Per
04 57 20 +33 10 25 Hassaleh
05 18 31 +33 22 36 16 Aur
04 52 58 +36 42 40 2 Aur
04 50 15 +37 29 48 HR 1533
05 33 04 +32 11 43 Chi Aur
05 51 22 +37 18 24 Upsilon Aur
06 00 03 +37 12 45 Theta Aur
07 11 27 +30 14 12 Tau Gem
06 53 07 +33 57 18 Theta Gem
07 29 26 +31 46 26 Rho Gem
07 34 55 +31 52 38 Castor
07 34 55 +31 52 40 HIP 36850
07 39 30 +34 34 22 Omicron Gem
09 21 21 +34 22 16 Alpha Lyn
09 19 10 +36 46 53 38 Lyn
09 19 10 +36 46 53 HIP 45688
09 34 31 +36 22 30 10 LMi
10 07 44 +35 13 13 21 LMi
10 39 00 +31 57 00 37 LMi
10 26 12 +33 46 14 30 LMi
10 28 10 +36 40 54 Beta LMi
11 18 45 +33 04 01 Alula Borealis
10 53 36 +34 11 18 Praecipua
12 16 45 +33 02 01 HR 4668
13 00 30 +30 45 29 37 Com
13 35 01 +37 09 25 BH CVn
13 37 41 +36 16 11 25 CVn
13 37 41 +36 16 10 HIP 66458
13 52 00 +34 25 10 AW CVn
14 18 13 +35 29 11 HR 5361
14 32 03 +30 20 58 Rho Boo
15 23 24 +30 16 13 Eta CrB
15 33 08 +31 20 33 Theta CrB
15 15 42 +33 17 47 Delta Boo
15 24 40 +37 21 35 Alkalurops
15 39 34 +36 37 11 Zeta 2 CrB
15 51 25 +35 38 34 Kappa CrB
16 09 09 +36 28 40 Tau CrB
16 22 18 +30 52 49 Xi CrB
16 41 29 +31 35 36 Zeta Her
16 41 30 +31 35 33 HIP 81693
17 00 29 +30 55 09 Epsilon Her
17 17 31 +33 05 41 68 Her
17 15 13 +36 48 13 Pi Her
17 17 50 +37 17 11 69 Her
17 23 51 +37 08 29 Rho Her
17 58 41 +30 11 20 Nu Her
17 56 25 +37 15 00 Theta Her
18 12 05 +31 24 24 104 Her
18 20 03 +36 04 01 Kappa Lyr
18 50 16 +33 22 08 Sheliak
18 59 08 +32 41 47 Sulafat
19 00 12 +32 09 10 Lambda Lyr
18 54 40 +36 54 19 Delta 2 Lyr
19 39 35 +30 09 54 Phi Cyg
19 46 37 +33 44 24 17 Cyg
19 31 57 +34 27 50 8 Cyg
19 44 28 +37 22 00 15 Cyg
19 50 46 +32 55 37 Chi Cyg
20 24 04 +32 12 24 39 Cyg
19 56 29 +35 05 49 Eta Cyg
20 09 37 +36 51 17 28 Cyg
20 14 43 +36 49 19 29 Cyg
20 29 36 +30 23 08 41 Cyg
20 45 52 +30 44 17 52 Cyg
20 34 06 +35 16 05 47 Cyg
20 47 23 +34 23 34 T Cyg
20 46 25 +33 59 19 Gienah Cygni
20 47 37 +36 30 34 Lambda Cyg
21 13 09 +30 14 52 Zeta Cyg
21 18 07 +34 55 05 Upsilon Cyg
22 10 12 +33 12 11 Pi 2 Peg
22 43 14 +30 14 51 Eta Peg
23 34 12 +31 21 11 72 Peg
00 17 22 +38 42 34 Theta And
00 57 02 +38 31 35 Mu And
00 50 06 +41 06 22 Nu And
01 40 53 +40 36 08 Tau And
01 37 06 +41 25 51 Upsilon And
01 42 05 +42 38 18 HR 483
02 08 47 +37 52 58 58 And
02 04 13 +42 21 13 Almaak
02 04 14 +42 21 18 HR 604
02 13 32 +44 15 18 60 And
02 50 54 +38 20 21 16 Per
03 05 30 +38 51 34 Gorgonea Tertia
02 42 34 +40 12 54 12 Per
02 59 05 +39 40 57 Pi Per
03 08 30 +40 58 28 Algol
03 11 36 +39 37 49 Gorgonea Quarta
03 09 50 +44 52 35 Kappa Per
03 58 11 +40 01 28 Epsilon Per
03 45 32 +42 35 39 Nu Per
03 21 47 +43 20 51 32 Per
04 15 13 +40 29 45 52 Per
04 37 02 +41 16 29 58 Per
04 59 35 +37 53 51 Omega Aur
05 13 47 +38 29 24 Mu Aur
05 02 50 +41 04 58 Haedi
05 06 52 +41 14 27 Hoedus II
05 19 29 +40 06 15 Lambda Aur
05 02 20 +43 49 49 Al Anz
05 49 31 +39 10 57 Tau Aur
05 51 50 +39 08 59 Nu Aur
05 59 54 +44 56 51 Menkalinan
06 39 41 +42 29 03 Psi 2 Aur
07 12 00 +39 18 43 63 Aur
06 51 07 +41 46 30 Psi 7 Aur
08 23 10 +43 10 19 Alsciaukat
09 06 51 +38 25 55 HR 3612
09 00 58 +41 45 47 HR 3579
09 35 23 +39 35 56 HR 3809
10 22 38 +41 28 27 Mu UMa
10 33 31 +40 23 59 HR 4132
10 17 24 +42 53 22 Tania Borealis
11 19 24 +38 09 29 55 UMa
10 54 16 +43 09 48 Omega UMa
11 09 57 +44 28 17 Psi UMa
12 34 00 +41 19 48 Chara
12 56 16 +38 17 29 Cor CAROLI
13 17 46 +40 32 46 20 CVn
13 13 57 +40 07 35 HR 4997
14 32 17 +38 17 11 Seginus
15 02 08 +40 22 16 Nekkar
15 52 50 +42 26 12 Chi Her
16 34 16 +42 25 36 Sigma Her
16 08 55 +44 55 19 Phi Her
16 43 04 +38 54 47 Eta Her
18 37 06 +38 47 17 Vega
18 07 38 +43 27 46 HR 6791
18 44 56 +37 36 37 Zeta 1 Lyr
19 13 55 +39 09 17 Aladfar
19 16 32 +38 08 34 Theta Lyr
18 44 30 +39 40 31 Epsilon 1 Lyr
18 44 33 +39 37 05 Epsilon 2 Lyr
18 55 29 +43 57 10 13 Lyr
19 56 03 +38 30 01 22 Cyg
20 17 58 +38 02 56 34 Cyg
20 22 25 +40 16 22 Sadr
21 14 59 +38 03 58 Tau Cyg
20 57 21 +41 11 12 Nu Cyg
21 17 37 +39 24 57 Sigma Cyg
20 53 26 +44 24 23 57 Cyg
21 05 07 +43 56 52 Xi Cyg
21 34 59 +38 33 24 72 Cyg
22 16 11 +37 46 25 1 Lac
22 39 30 +39 04 35 10 Lac
22 39 34 +39 05 16 10 Lac
22 14 06 +39 44 24 HR 8485
22 30 42 +43 08 57 6 Lac
23 02 09 +42 21 11 Omicron And
22 40 44 +44 18 09 11 Lac
22 52 16 +43 20 21 15 Lac
23 38 23 +43 17 45 Iota And
23 40 39 +44 21 42 Kappa And
00 43 45 +47 03 06 Pi Cas
00 45 01 +48 18 42 Omicron Cas
00 42 21 +50 32 24 Xi Cas
01 22 38 +45 33 18 Adhil
01 27 57 +45 25 57 Omega And
01 09 48 +47 16 06 Phi And
00 49 07 +50 59 43 Nu Cas
01 38 19 +48 39 13 51 And
01 43 59 +50 42 49 Phi Per
02 25 57 +50 18 04 65 And
02 44 32 +49 14 58 Theta Per
03 30 55 +48 00 44 Sigma Per
03 36 50 +48 12 32 Psi Per
03 43 16 +47 48 11 Delta Per
03 09 25 +49 37 56 Iota Per
03 24 41 +49 52 43 Mirphak
03 29 44 +49 31 33 34 Per
03 28 24 +49 04 48 HR 1034
04 21 55 +46 30 38 53 Per
04 15 16 +48 25 18 Mu Per
04 09 02 +47 43 32 48 Per
04 06 57 +50 21 53 Lambda Per
04 18 38 +50 18 27 ZZ Per
05 07 05 +51 36 15 9 Aur
05 17 03 +46 00 12 Capella
06 00 18 +45 56 12 Pi Aur
06 25 17 +49 17 05 Psi 1 Aur
06 57 59 +45 05 14 16 Lyn
07 27 06 +49 12 04 21 Lyn
08 08 49 +51 29 31 27 Lyn
08 59 34 +48 01 20 Talitha
09 03 58 +47 08 11 Kappa UMa
09 09 13 +51 35 03 15 UMa
09 35 09 +52 01 44 26 UMa
09 33 12 +51 39 18 Theta UMa
11 46 19 +47 45 06 Chi UMa
12 24 15 +51 32 04 5 CVn
12 45 22 +45 24 47 Y CVn
13 34 39 +48 59 25 24 CVn
13 47 44 +49 17 19 Alkaid
14 13 40 +51 46 00 Asellus Tertius
14 16 34 +46 03 55 Lambda Boo
14 25 22 +51 49 42 Theta Boo
14 16 21 +51 20 39 Iota Boo
15 03 57 +47 38 05 44 Boo
15 03 58 +47 38 06 I Boo
16 02 57 +46 01 23 Upsilon Her
16 19 53 +46 18 06 Tau Her
16 49 23 +45 58 30 52 Her
16 49 23 +45 58 32 HIP 82321
16 38 53 +48 55 07 42 Her
17 39 36 +46 00 14 Iota Her
17 30 33 +52 17 52 Rastaban
17 56 43 +51 29 19 Etamin
18 53 21 +50 42 53 HR 7137
19 29 50 +51 44 25 Iota 2 Cyg
19 45 07 +45 08 35 Delta Cyg
20 13 27 +46 49 51 30 Cyg
20 13 47 +46 45 24 31 Cyg
19 36 35 +50 13 57 Theta Cyg
19 55 46 +52 27 08 Psi Cyg
20 41 36 +45 17 54 Deneb
20 49 06 +46 07 58 55 Cyg
20 15 37 +47 43 47 32 Cyg
20 30 13 +48 58 07 Ruchba
21 34 10 +45 36 52 Rho Cyg
21 06 46 +47 40 07 63 Cyg
21 42 17 +51 12 46 Azelfafage
22 21 14 +46 33 43 2 Lac
22 29 45 +47 43 58 5 Lac
21 46 59 +49 19 58 Pi 2 Cyg
22 24 43 +49 30 07 4 Lac
22 23 46 +52 15 16 Beta Lac
22 31 29 +50 18 30 Alpha Lac
22 56 39 +49 45 37 HR 8726
23 04 24 +50 04 45 3 And
23 12 47 +49 26 00 7 And
22 37 34 +51 34 16 9 Lac
23 37 49 +46 29 09 Lambda And
23 17 59 +49 02 34 8 And
00 37 15 +53 55 28 Zeta Cas
00 32 03 +54 32 59 Lambda Cas
00 40 47 +56 33 53 Shedir
00 49 24 +57 50 33 Achird
00 49 22 +57 50 46 HIP 3821
00 09 26 +59 10 39 Beta Cas
01 11 24 +55 10 35 Marfak
00 56 58 +59 12 29 Upsilon 2 Cas
00 55 18 +58 59 59 Upsilon 1 Cas
01 20 24 +58 15 28 Phi Cas
01 34 16 +59 15 27 Chi Cas
03 05 10 +53 31 32 Gamma Per
02 54 36 +52 46 58 Tau Per
02 51 04 +55 54 58 Miram
03 05 55 +56 43 30 HR 918
03 29 29 +59 57 26 HR 1035
03 29 29 +59 57 24 HIP 16228
03 30 19 +58 53 45 HR 1040
04 57 41 +53 45 35 7 Cam
05 59 57 +54 17 05 Delta Aur
05 55 16 +55 42 27 Xi Aur
06 20 03 +59 00 30 2 Lyn
06 46 40 +59 26 10 12 Lyn
06 46 40 +59 26 10 HIP 32438
06 57 43 +58 24 57 15 Lyn
07 43 25 +58 41 53 24 Lyn
09 16 32 +54 00 03 18 UMa
09 52 26 +54 02 27 Phi UMa
10 30 57 +55 57 17 36 UMa
09 51 21 +59 00 54 Upsilon UMa
11 02 08 +56 21 20 Merak
11 54 06 +53 40 01 Phad
12 15 41 +57 00 17 Megrez
13 00 57 +56 20 22 78 UMa
12 54 15 +55 55 58 Alioth
13 25 25 +54 57 44 Alcor
13 24 07 +54 53 57 Mizar
13 24 08 +54 53 45 Zeta UMa
13 40 55 +54 39 23 83 UMa
15 57 55 +54 44 08 CL Dra
15 25 03 +58 56 55 Ed Asich
16 45 24 +56 46 23 HR 6237
16 02 00 +58 33 06 Theta Dra
17 05 26 +54 27 48 Arrakis
17 32 17 +55 10 51 Nu 1 Dra
17 32 22 +55 10 11 Kuma
17 53 37 +56 52 19 Grumium
18 32 40 +57 02 58 45 Dra
18 23 59 +58 48 13 39 Dra
19 17 13 +53 22 39 Kappa Cyg
19 14 00 +57 42 50 54 Dra
18 51 16 +59 23 40 Omicron Dra
20 13 31 +56 34 59 33 Cyg
20 45 28 +57 35 53 Castula
21 43 39 +58 48 11 Garnet Star
22 11 01 +58 13 34 Zeta Cep
22 15 13 +57 04 07 Epsilon Cep
22 29 21 +58 26 27 Delta Cep
23 06 50 +59 26 49 1 Cas
23 59 16 +55 46 58 HD 224572
23 54 38 +57 31 38 Rho Cas
23 30 16 +58 34 35 AR Cas
23 47 18 +58 40 47 Tau Cas
00 53 22 +61 09 04 HR 244
00 57 01 +60 44 37 Gamma Cas
00 33 17 +62 57 33 Kappa Cas
01 26 09 +60 15 40 Ruchbah
01 54 46 +63 41 40 Segin
02 29 29 +67 25 29 Iota Cas
03 20 26 +65 40 12 BK Cam
03 46 28 +63 21 37 HR 1129
03 49 59 +65 32 28 BE Cam
05 03 52 +60 26 56 Beta Cam
04 54 33 +66 21 02 Alpha Cam
08 30 41 +60 42 04 Muscida
08 40 39 +64 18 37 Muscida
09 11 19 +63 29 35 Tau UMa
09 31 55 +63 02 23 23 UMa
09 10 50 +67 06 48 Sigma 2 UMa
11 04 02 +61 43 27 Dubhe
10 24 29 +65 32 27 HR 4072
13 51 35 +64 41 55 10 Dra
14 04 31 +64 21 07 Thuban
14 57 40 +65 54 45 RR UMi
16 24 03 +61 30 10 Eta Dra
16 40 57 +64 34 47 18 Dra
16 56 03 +65 07 37 19 Dra
18 13 55 +64 23 56 36 Dra
17 08 48 +65 42 31 Aldhibah
18 26 00 +65 34 00 42 Dra
19 20 41 +65 43 27 Pi Dra
20 29 40 +63 00 40 Theta Cep
20 45 23 +61 51 26 Eta Cep
21 18 42 +62 36 24 Alderamin
21 38 03 +62 06 17 9 Cep
21 45 36 +61 08 38 Nu Cep
21 56 47 +63 38 58 VV Cep
22 03 56 +64 39 09 HIP 108917
22 49 52 +66 13 37 Iota Cep
23 25 03 +62 18 37 4 Cas
01 26 17 +68 09 21 Psi Cas
01 56 24 +68 42 35 Omega Cas
02 02 23 +70 55 51 48 Cas
02 03 52 +72 26 43 50 Cas
03 12 29 +74 24 44 HR 932
03 50 53 +71 20 50 Gamma Cam
06 19 24 +69 19 03 HR 2209
09 03 00 +67 36 35 Rho UMa
09 34 55 +69 48 28 24 UMa
11 31 42 +69 18 13 Gianfar
12 33 42 +69 45 39 Kappa Dra
12 34 57 +69 59 39 6 Dra
15 20 44 +71 48 58 Pherkad
14 50 41 +74 08 06 Kocab
17 36 55 +68 45 19 Omega Dra
17 41 51 +72 08 48 Dsiban
18 20 57 +72 44 07 Chi Dra
18 20 41 +71 20 25 Phi Dra
18 54 20 +71 18 14 Upsilon Dra
19 12 33 +67 40 13 Nodus Secundus
20 02 50 +67 53 16 Rho Dra
19 32 20 +69 40 19 Alsafi
19 48 09 +70 16 51 Epsilon Dra
19 15 27 +73 21 52 Tau Dra
21 28 44 +70 34 58 Alfirk
21 41 59 +71 20 04 11 Cep
22 09 54 +72 21 57 24 Cep
23 18 49 +68 08 20 Omicron Cep
23 18 49 +68 08 18 HIP 115088
07 00 47 +76 58 13 HR 2527
07 32 06 +82 24 02 VZ Cam
10 35 31 +75 41 14 HR 4126
09 37 46 +81 18 14 HR 3751
14 27 32 +75 40 26 5 UMi
15 31 17 +77 19 57 Theta UMi
14 08 50 +77 31 26 4 UMi
15 43 53 +77 46 44 Zeta UMi
16 17 22 +75 44 36 Eta UMi
16 45 28 +82 01 42 Epsilon UMi
20 08 42 +77 43 34 Kappa Cep
23 08 04 +75 24 53 Pi Cep
23 39 34 +77 39 36 Alrai
01 09 30 +86 17 02 HR 285
02 37 22 +89 17 10 Polaris
22 54 20 +84 22 22 HR 8748
22 47 27 +83 10 49 HR 8702
17 30 37 +86 34 59 Yildun
00 05 35 -05 40 47 33 Psc
00 02 13 -05 59 11 30 Psc
00 53 15 -01 07 01 20 Cet
01 42 59 -03 39 55 HR 500
02 19 36 -02 57 18 Mira
03 54 33 -02 56 25 32 Eri
03 30 52 -05 03 30 17 Eri
04 12 07 -06 49 29 Beid
04 32 08 -00 02 00 45 Eri
04 36 34 -03 20 33 Nu Eri
04 45 45 -03 14 45 Mu Eri
04 53 09 -05 26 41 Omega Eri
05 22 01 -00 22 40 22 Ori
05 29 59 -01 05 19 31 Ori
05 24 44 -02 23 35 Eta Ori
05 24 44 -02 23 34 HIP 25281
05 08 06 -05 04 48 Cursa
05 01 41 -07 10 01 Psi Eri
05 17 51 -06 50 22 Tau Ori
05 32 15 -00 17 45 Mintaka
05 36 28 -01 11 57 Alnilam
05 41 06 -01 07 36 HR 1952
05 41 01 -01 56 25 Alnitak
05 41 01 -01 56 28 HR 1949
05 39 00 -02 35 51 Sigma Ori
05 35 38 -04 50 07 42 Ori
05 35 38 -05 24 47 Theta 2 Ori
05 35 31 -05 23 03 Theta 1 Ori
05 35 31 -05 23 03 Theta 1 Ori
05 35 41 -05 54 25 Nair al Saif
05 35 18 -05 59 56 HR 1887
05 32 11 -07 17 54 Thabit
05 39 08 -07 12 37 49 Ori
06 00 18 -03 04 27 HR 2113
06 20 15 -02 56 49 HR 2275
06 15 06 -06 16 35 Gamma Mon
06 29 04 -07 02 12 Beta Mon
07 12 07 -00 30 05 Delta Mon
07 03 10 -04 14 48 19 Mon
07 10 29 -04 14 44 20 Mon
07 59 59 -03 41 36 27 Mon
08 01 28 -01 24 24 28 Mon
08 08 51 -02 59 55 Zeta Mon
08 25 55 -03 55 22 HR 3314
08 43 55 -07 15 07 HR 3459
09 29 24 -02 47 27 Tau 1 Hya
09 32 14 -01 12 25 Tau 2 Hya
09 40 06 -01 09 56 Iota Hya
10 08 11 -00 23 46 Alpha Sex
11 02 05 -02 30 42 61 Leo
11 16 55 -03 40 44 Phi Leo
11 37 12 -00 51 05 Upsilon Leo
11 30 34 -03 01 52 87 Leo
12 20 09 -00 41 40 Zaniah
12 41 55 -01 28 37 Porrima
12 41 55 -01 28 37 HR 4826
13 34 57 -00 37 17 Heze
13 32 14 -06 16 53 74 Vir
14 28 28 -02 15 01 Phi Vir
14 16 17 -06 01 25 Syrma
14 51 17 -02 19 11 11 Lib
14 57 27 -04 21 59 16 Lib
14 43 20 -05 40 46 Rijl al Awwa
15 49 53 -03 26 43 Mu Ser
16 14 37 -03 42 25 Yed Prior
16 18 35 -04 42 16 Yed Posterior
17 16 52 -00 27 02 41 Oph
17 01 20 -04 13 47 30 Oph
17 26 54 -05 05 27 HR 6493
18 00 45 -03 41 25 Zeta Ser
18 21 35 -02 53 47 Eta Ser
18 47 26 -04 44 32 Beta Sct
18 57 20 -05 50 22 Eta Sct
19 06 31 -04 52 28 Lambda Aql
19 20 49 -05 24 22 26 Aql
19 01 57 -05 43 54 12 Aql
19 36 59 -01 16 31 Iota Aql
19 37 09 -07 00 58 Kappa Aql
20 11 33 -00 48 23 Theta Aql
20 29 55 -02 52 07 69 Aql
20 38 35 -01 05 14 71 Aql
20 37 00 -02 31 57 70 Aql
20 48 00 -05 00 33 3 Aqr
21 31 50 -05 32 56 Sadalsuud
22 06 02 -00 17 43 Sadalmelik
22 03 34 -02 07 51 Omicron Aqr
22 29 05 +00 00 20 Zeta 1 Aqr
22 29 05 +00 00 18 Zeta 2 Aqr
22 21 54 -01 21 43 Sadalachbia
22 35 36 -00 05 30 Eta Aqr
23 14 35 -06 01 18 Phi Aqr
23 58 55 -03 31 42 27 Psc
00 19 41 -08 47 46 Deneb Kaitos Shemali
00 04 45 -10 28 54 3 Cet
00 44 26 -10 34 56 Phi 1 Cet
01 08 50 -10 09 20 Dheneb
01 24 16 -08 09 26 Theta Cet
01 25 52 -14 34 23 46 Cet
01 51 43 -10 18 37 Baten Kaitos
01 49 50 -10 39 42 Chi Cet
02 26 12 -12 16 05 Rho Cet
02 56 41 -08 52 41 Eta Eri
02 39 48 -11 51 03 Epsilon Cet
02 44 21 -13 50 15 Pi Cet
03 16 05 -08 48 05 Zibal
03 33 10 -09 26 30 Epsilon Eri
03 43 29 -09 44 52 Rana
03 46 23 -12 05 11 Pi Eri
03 58 16 -13 29 40 Zaurak
04 15 31 -07 38 26 Keid
04 14 38 -10 14 38 39 Eri
04 38 25 -14 17 39 Sceptrum
05 00 10 -12 31 49 64 Eri
05 09 23 -08 44 53 Lambda Eri
05 14 46 -08 11 46 Rigel
05 24 11 -07 48 13 29 Ori
05 12 32 -11 51 48 Iota Lep
05 13 28 -12 56 09 Kappa Lep
05 13 28 -12 56 06 HIP 24327
05 19 49 -13 10 18 Lambda Lep
05 47 59 -09 40 06 Saiph
06 02 04 -10 35 54 3 Mon
06 02 04 -10 35 52 HIP 28574
05 47 11 -14 49 13 Zeta Lep
05 56 38 -14 10 02 Eta Lep
06 06 23 -14 56 10 Theta Lep
06 54 25 -12 02 42 Theta CMa
06 39 31 -14 09 02 HR 2450
06 56 21 -14 03 00 Mu CMa
07 34 02 -14 32 06 KQ Pup
07 41 29 -09 33 47 Alpha Mon
08 11 30 -12 56 31 19 Pup
08 40 15 -12 29 35 6 Hya
08 46 37 -13 33 59 12 Hya
09 27 50 -08 40 50 Alphard
09 20 44 -09 34 37 27 Hya
09 20 00 -11 59 46 26 Hya
10 05 22 -13 05 21 Upsilon 2 Hya
10 10 50 -12 22 44 Lambda Hya
09 51 43 -14 52 13 Upsilon 1 Hya
10 37 48 -13 24 38 U Hya
11 36 56 -09 49 48 Theta Crt
11 24 52 -10 53 13 Epsilon Crt
11 19 35 -14 48 22 Delta Crt
12 39 31 -08 01 23 Chi Vir
14 13 10 -10 17 49 Kappa Vir
14 19 23 -13 23 38 Lambda Vir
15 01 14 -08 32 19 Zuben Elakribi
15 17 16 -09 24 04 Zuben Elschemali
15 24 28 -10 20 23 Epsilon Lib
15 34 27 -10 04 52 37 Lib
15 35 49 -14 48 21 Zuben Elakrab
16 12 16 -10 04 36 Psi Sco
16 04 39 -11 23 11 Grafias
15 58 28 -14 17 37 48 Lib
16 28 04 -08 22 57 Upsilon Oph
16 37 27 -10 34 37 Zeta Oph
16 50 07 -10 47 29 20 Oph
17 21 07 -12 51 06 Nu Ser
17 38 07 -08 07 18 Mu Oph
17 41 42 -12 52 39 Omicron Ser
18 03 21 -08 10 48 Tau Oph
18 03 21 -08 10 48 HIP 88404
17 59 19 -09 46 25 Nu Oph
18 23 56 -08 55 54 Zeta Sct
18 35 28 -08 14 24 Alpha Sct
18 43 47 -08 16 12 Epsilon Sct
18 42 32 -09 02 51 Delta Sct
18 46 20 -10 17 06 HD 173498
18 29 29 -14 33 44 Gamma Sct
20 17 56 -12 29 33 Alpha 1 Cap
20 18 20 -12 31 44 Secunda Giedi
20 20 57 -12 44 35 Alshat
20 21 18 -14 45 55 Dabih
20 52 55 -08 57 51 Mu Aqr
20 47 57 -09 28 38 Albali
21 09 52 -11 21 04 Nu Aqr
21 38 01 -07 49 53 Xi Aqr
22 17 06 -07 45 30 Ancha
22 06 42 -13 50 43 Iota Aqr
22 52 53 -07 33 11 Lambda Aqr
22 30 55 -10 39 08 Sigma Aqr
22 30 55 -10 39 04 HIP 111123
22 49 52 -13 33 57 Tau 2 Aqr
23 17 07 -07 41 57 Chi Aqr
23 16 09 -09 03 38 Psi 1 Aqr
23 18 10 -09 09 18 Psi 2 Aqr
23 19 14 -09 35 00 Psi 3 Aqr
23 40 03 -14 11 40 Omega 1 Aqr
23 42 59 -14 31 02 Omega 2 Aqr
00 03 59 -17 18 30 2 Cet
00 11 31 -15 26 25 6 Cet
00 14 53 -18 54 18 7 Cet
00 43 50 -17 57 34 Diphda
01 44 19 -15 54 45 Tau Cet
02 00 14 -21 03 13 Upsilon Cet
02 32 19 -15 13 22 Sigma Cet
02 45 20 -18 33 06 Tau 1 Eri
02 51 16 -20 59 00 Angetenar
03 19 44 -21 44 23 Tau 4 Eri
03 34 00 -21 36 58 Tau 5 Eri
04 40 40 -19 39 43 54 Eri
05 13 09 -16 12 00 Mu Lep
05 01 39 -20 02 42 HR 1621
05 05 41 -22 21 52 Epsilon Lep
05 32 57 -17 49 08 Arneb
05 20 40 -21 14 06 HR 1762
05 28 28 -20 45 20 Nihal
05 51 32 -20 52 41 Delta Lep
05 44 41 -22 26 47 Gamma Lep
06 05 12 -16 29 06 17 Lep
06 22 55 -17 57 31 Murzim
06 45 22 -16 43 18 Sirius
06 38 06 -18 14 31 Nu 3 CMa
06 38 06 -18 14 30 HIP 31700
06 36 54 -19 15 37 Nu 2 CMa
06 55 50 -20 08 35 Pi CMa
06 53 46 -20 13 50 15 CMa
07 03 59 -15 38 28 Muliphen
06 56 21 -17 03 39 Iota CMa
07 22 27 -19 01 35 HR 2812
07 40 37 -15 16 33 HR 2959
08 00 05 -18 24 47 HR 3131
07 34 16 -22 18 26 HR 2906
08 09 15 -19 15 35 16 Pup
08 41 57 -15 57 41 9 Hya
09 27 32 -22 21 57 HR 3749
09 55 06 -19 02 00 HR 3923
10 26 20 -16 51 43 Mu Hya
10 38 50 -16 54 10 Phi 3 Hya
10 49 52 -16 13 13 Nu Hya
11 00 01 -18 19 33 Alpha Crt
11 25 08 -17 42 41 Gamma Crt
11 45 01 -18 22 42 Zeta Crt
12 16 04 -17 34 11 Gamma Crv
14 11 06 -16 19 31 ET Vir
14 51 10 -16 03 44 Zuben Elgenubi
15 12 30 -19 48 37 Iota 1 Lib
15 54 07 -16 44 37 Theta Lib
15 42 14 -19 41 41 Kappa Lib
16 31 25 -16 37 24 Phi Oph
16 27 18 -18 28 03 Chi Oph
16 05 44 -19 48 55 Beta 2 Sco
16 05 43 -19 49 08 Graffias
16 12 17 -19 28 24 Jabbah
16 12 17 -19 28 22 HIP 79374
16 24 24 -20 02 55 Psi Oph
16 07 06 -20 40 57 Omega 1 Sco
16 07 42 -20 52 55 Omega 2 Sco
16 41 51 -17 45 06 HR 6196
16 32 26 -21 28 36 Omega Oph
17 10 40 -15 43 52 Sabik
17 21 18 -21 07 04 Xi Oph
17 37 52 -15 24 05 Xi Ser
17 43 44 -21 41 06 58 Oph
18 25 39 -20 32 19 21 Sgr
18 25 39 -20 32 18 HIP 90289
18 58 02 -21 05 59 Xi 2 Sgr
19 10 04 -21 00 55 Albaldah
19 04 59 -21 44 01 Omicron Sgr
19 22 01 -15 56 43 Upsilon Sgr
19 21 57 -17 50 15 Rho 1 Sgr
19 17 56 -18 56 37 43 Sgr
19 46 40 -19 44 55 56 Sgr
20 29 09 -17 47 48 Rho Cap
21 06 14 -17 12 45 Theta Cap
21 04 41 -19 50 06 Eta Cap
21 22 32 -16 48 47 Iota Cap
21 40 22 -16 38 22 Nashira
21 47 18 -16 06 14 Deneb Algedi
21 42 57 -18 50 36 Kappa Cap
21 37 22 -19 26 37 Epsilon Cap
21 26 57 -22 23 22 Zeta Cap
21 29 00 -21 47 07 36 Cap
22 54 55 -15 47 39 Skat
22 43 51 -18 48 14 66 Aqr
23 09 43 -21 08 43 88 Aqr
23 10 11 -22 25 49 89 Aqr
23 23 14 -20 04 23 98 Aqr
23 26 19 -20 36 52 99 Aqr
23 42 02 -17 47 20 104 Aqr
23 33 33 -20 53 12 101 Aqr
00 58 50 -29 19 50 Alpha Scl
01 56 54 -22 30 08 56 Cet
02 04 42 -29 16 23 Nu For
02 34 04 -28 12 38 Omega For
03 02 37 -23 36 18 Tau 3 Eri
03 18 35 -22 29 35 15 Eri
03 12 17 -28 58 08 Fornacis
03 47 04 -23 14 04 Tau 6 Eri
03 53 56 -24 35 52 Tau 8 Eri
04 00 08 -24 00 08 Tau 9 Eri
04 33 43 -29 45 22 Upsilon 1 Eri
05 21 58 -24 46 06 HR 1771
06 32 04 -23 25 20 Xi 1 CMa
06 35 16 -22 58 08 Xi 2 CMa
06 54 20 -24 11 26 Omicron 1 CMa
07 03 14 -23 50 27 Omicron 2 CMa
07 01 55 -27 56 32 Sigma CMa
07 14 27 -26 21 41 27 CMa
07 08 35 -26 24 05 Wezen
07 15 01 -26 46 54 Omega CMa
06 58 50 -28 58 45 Adara
07 16 50 -23 19 29 HR 2764
07 30 04 -23 02 05 HR 2874
07 18 52 -24 34 05 29 CMa
07 18 54 -24 57 50 Tau CMa
07 38 30 -25 22 35 PU Pup
07 48 17 -25 57 00 Omicron Pup
07 16 47 -27 53 25 HR 2766
07 39 01 -26 48 48 Markab
07 39 02 -26 48 56 HR 2949
07 24 18 -29 18 47 Aludra
07 35 35 -28 22 51 HR 2922
07 43 44 -28 25 23 1 Pup
07 44 00 -28 58 01 3 Pup
07 57 05 -22 53 37 11 Pup
08 07 46 -24 19 09 Rho Pup
07 49 31 -24 52 21 Azmidiske
08 55 45 -27 42 04 Delta Pyx
08 50 45 -27 43 43 Gamma Pyx
08 39 54 -29 34 44 Zeta Pyx
09 08 16 -25 52 44 Kappa Pyx
09 21 43 -25 59 13 Theta Pyx
09 23 25 -28 51 20 Lambda Pyx
09 41 31 -23 36 51 HR 3858
09 42 28 -23 56 19 HR 3862
09 54 26 -25 57 21 HR 3919
09 44 25 -27 47 33 Theta Ant
10 37 28 -27 26 19 HR 4162
11 05 35 -27 19 14 Chi 1 Hya
11 11 54 -22 51 11 Beta Crt
11 32 31 -29 17 19 HD 100287
15 04 22 -25 18 05 Brachium
14 50 35 -27 58 51 58 Hya
15 37 19 -28 09 05 Upsilon Lib
15 40 35 -23 50 02 42 Lib
16 00 38 -22 38 08 Dschubba
15 53 55 -25 20 31 2 Sco
15 53 55 -25 20 30 HIP 77840
15 51 17 -25 45 58 1 Sco
15 59 09 -26 07 42 Pi Sco
16 03 39 -25 52 44 HR 5969
15 38 57 -29 47 38 Tau Lib
15 57 12 -29 13 42 Rho Sco
16 25 53 -23 27 30 Rho Oph
16 25 53 -23 27 27 HR 6113
16 20 56 -24 10 52 Omicron Sco
16 21 29 -25 36 16 Alniyat
16 30 30 -25 07 33 22 Sco
16 12 37 -27 56 20 13 Sco
16 29 42 -26 26 34 Antares
16 18 37 -28 37 33 HR 6070
16 36 12 -28 13 34 Tau Sco
17 15 40 -26 36 29 36 Oph
17 15 40 -26 36 19 HR 6401
17 26 40 -24 10 46 44 Oph
17 31 43 -23 57 58 51 Oph
17 22 19 -25 00 15 Theta Oph
17 47 53 -27 49 56 3 Sgr
17 27 40 -29 52 15 45 Oph
18 00 06 -23 48 58 4 Sgr
18 12 01 -23 41 59 11 Sgr
18 18 22 -27 02 26 HR 6842
18 08 24 -28 27 22 HR 6766
18 05 20 -29 34 46 Gamma 1 Sgr
18 21 19 -29 49 32 Kaus Meridionalis
18 55 25 -22 39 53 Nu 2 Sgr
18 54 28 -22 44 18 Nu 1 Sgr
18 28 17 -25 25 06 Lambda Sgr
18 45 58 -26 59 07 Phi Sgr
18 55 35 -26 17 24 Nunki
19 15 50 -25 14 52 Psi Sgr
19 07 15 -27 39 45 Tau Sgr
19 02 56 -29 52 21 Ascella
19 37 00 -24 52 20 52 Sgr
19 59 15 -26 10 55 60 Sgr
19 56 08 -26 17 09 Terebellum
19 57 15 -27 09 23 Terebellum
20 02 57 -27 41 44 62 Sgr
20 46 24 -25 15 09 Psi Cap
21 07 26 -24 59 08 24 Cap
20 52 07 -26 54 01 Omega Cap
22 40 56 -27 01 03 Epsilon PsA
23 06 57 -23 42 57 86 Aqr
22 57 55 -29 35 43 Fomalhaut
23 49 12 -28 06 09 Delta Scl
00 28 11 -32 58 47 Eta Scl
02 49 18 -32 23 07 Beta For
03 42 27 -31 55 21 Delta For
03 43 01 -37 17 53 HR 1143
03 49 38 -36 11 07 HR 1195
04 35 45 -30 33 08 Theemim
04 18 05 -33 47 11 Upsilon 4 Eri
04 24 13 -34 00 20 43 Eri
05 17 40 -34 53 25 Omicron Col
05 04 35 -35 28 35 Gamma 1 Cae
05 04 35 -35 28 32 HIP 23595
05 31 24 -35 28 01 Epsilon Col
05 39 50 -34 04 18 Alpha Col
05 53 18 -33 48 02 Lambda Col
05 57 43 -35 16 59 Gamma Col
05 51 09 -35 46 02 Wezn
05 55 40 -37 07 12 Xi Col
06 20 31 -30 03 57 Furud
06 22 18 -33 26 21 Delta Col
06 28 21 -32 35 00 Lambda CMa
06 16 44 -35 08 33 Kappa Col
06 07 42 -37 15 14 Theta Col
06 50 01 -32 30 53 Kappa CMa
06 51 03 -34 22 24 HR 2549
07 30 55 -30 58 23 HR 2881
07 37 33 -34 58 48 HR 2937
07 18 29 -36 44 36 NV Pup
07 17 20 -37 06 24 Pi Pup
07 57 52 -30 20 53 HR 3113
08 21 35 -33 04 14 HR 3282
08 13 41 -35 54 53 MX Pup
08 18 44 -36 40 30 HR 3270
08 43 48 -33 12 17 Alpha Pyx
08 40 18 -35 19 34 Beta Pyx
09 15 57 -37 26 03 HR 3684
09 29 27 -35 58 24 Epsilon Ant
10 27 23 -31 05 36 Alpha Ant
10 56 57 -37 09 52 Iota Ant
11 33 15 -31 53 07 Xi Hya
15 18 08 -30 10 00 2 Lup
15 14 55 -31 32 15 1 Lup
15 22 07 -36 16 45 Phi 1 Lup
15 23 28 -36 52 34 Phi 2 Lup
15 51 17 -33 38 31 Chi Lup
15 40 05 -34 25 41 Psi 1 Lup
15 43 00 -34 43 34 Psi 2 Lup
16 06 56 -36 48 56 Theta Lup
16 31 43 -34 42 54 HR 6143
16 36 42 -35 15 55 HR 6166
16 50 30 -34 18 06 Epsilon Sco
17 05 09 -34 07 47 HR 6334
17 49 29 -31 42 17 HR 6628
17 59 24 -30 15 11 HR 6694
17 31 06 -37 17 58 Lesath
17 33 57 -37 06 26 Shaula
17 50 11 -37 02 40 HR 6630
18 06 07 -30 25 24 Nash
18 24 30 -34 22 54 Kaus Australis
18 17 58 -36 45 34 Eta Sgr
18 44 39 -35 38 12 HR 7029
18 59 03 -37 06 01 Epsilon CrA
19 06 45 -37 03 17 HR 7227
19 06 45 -37 03 19 Gamma CrA
20 04 39 -32 02 31 HR 7659
20 00 03 -35 15 45 Theta 1 Sgr
20 50 17 -33 45 39 Alpha Mic
21 01 35 -32 14 17 Gamma Mic
21 18 14 -32 09 05 Epsilon Mic
21 45 15 -33 00 10 Iota PsA
22 10 26 -32 31 25 Tau PsA
22 08 40 -32 57 49 Mu PsA
22 08 43 -34 01 09 Upsilon PsA
21 54 14 -37 20 28 Gamma Gru
22 31 47 -32 19 13 Beta PsA
22 56 14 -32 30 47 Delta PsA
22 52 49 -32 50 56 Gamma PsA
23 19 05 -32 30 16 Gamma Scl
00 26 32 -42 16 42 Ankaa
00 26 27 -43 39 07 Kappa Phe
01 28 35 -43 17 33 Gamma Phe
02 39 59 -42 52 13 HR 789
02 40 52 -39 50 02 Iota Eri
02 58 27 -40 17 06 Acamar
02 58 27 -40 17 06 Theta 2 Eri
03 20 06 -43 03 07 HR 1008
03 48 47 -37 36 19 HR 1190
03 37 17 -40 15 29 HR 1106
04 11 01 -41 58 51 Delta Hor
04 14 10 -42 16 55 Alpha Hor
04 40 44 -41 51 16 Alpha Cae
05 59 18 -42 48 54 Eta Col
06 37 55 -43 12 01 Nu Pup
07 09 01 -39 39 50 HR 2702
07 13 41 -44 38 55 HR 2748
07 39 38 -38 19 11 HR 2961
07 45 26 -37 58 51 c Puppis
07 52 50 -38 52 33 b Puppis
07 52 23 -40 35 20 a Puppis
07 29 24 -43 18 43 Sigma Pup
08 03 46 -40 01 02 Naos
08 11 32 -39 38 01 NS Pup
08 14 14 -40 21 47 HR 3243
08 11 36 -43 00 08 HR 3226
08 37 50 -43 00 25 HR 3426
09 15 49 -38 35 28 HR 3682
09 11 53 -39 16 46 HR 3656
08 44 35 -42 40 03 HR 3477
09 00 16 -41 16 24 HR 3591
09 08 11 -43 27 10 Alsuhail
09 11 15 -44 53 18 GX Vel
09 30 54 -40 29 20 Psi Vel
10 14 57 -42 08 49 HR 4023
10 22 33 -41 40 31 HR 4080
15 25 40 -38 45 04 HR 5724
15 35 28 -41 10 59 Gamma Lup
15 38 23 -42 35 00 Omega Lup
15 59 51 -41 45 30 HR 5943
16 00 27 -38 24 38 Eta Lup
16 03 44 -38 36 58 HR 5967
16 34 26 -44 03 20 Mu Nor
16 52 40 -38 01 32 Mu 2 Sco
16 52 12 -38 03 20 Mu 1 Sco
16 54 21 -42 22 11 Zeta 1 Sco
16 54 56 -42 22 09 Zeta 2 Sco
17 12 31 -43 14 42 Eta Sco
17 36 54 -38 38 17 HR 6546
17 42 50 -39 01 56 Kappa Sco
17 47 56 -40 07 42 Iota 1 Sco
17 50 32 -40 05 30 Iota 2 Sco
17 37 41 -43 00 02 Sargas
17 37 41 -42 59 58 HIP 86228
17 58 09 -41 43 00 HR 6682
17 57 09 -44 20 33 HR 6675
18 33 51 -42 18 30 Theta CrA
18 07 12 -43 25 28 HR 6749
19 09 48 -37 53 46 Alfecca Meridiana
19 10 23 -39 19 57 Beta CrA
19 08 42 -40 29 19 Delta CrA
19 03 28 -42 05 15 Zeta CrA
19 24 14 -40 36 21 Rukbat
19 55 37 -41 51 18 Iota Sgr
19 23 00 -44 26 57 Beta 1 Sgr
19 23 35 -44 47 23 Arkab Posterior
20 03 53 -37 55 36 HR 7652
21 21 05 -40 47 17 Theta 1 Mic
22 06 25 -39 31 08 Lambda Gru
22 15 55 -41 19 18 Mu 1 Gru
22 29 34 -43 28 12 Delta 1 Gru
22 30 03 -43 43 24 Delta 2 Gru
22 43 47 -41 23 17 Rho Gru
23 07 10 -43 29 35 Theta Gru
23 07 10 -43 29 35 HIP 114131
23 33 14 -37 47 26 Beta Scl
23 35 21 -42 35 14 Iota Phe
00 09 40 -45 43 11 Epsilon Phe
00 41 34 -46 03 27 Mu Phe
00 31 39 -48 46 34 Lambda 1 Phe
01 06 18 -46 41 30 Beta Phe
01 15 24 -45 30 19 Nu Phe
01 53 51 -46 16 42 Psi Phe
01 57 22 -47 21 40 HR 574
01 31 27 -49 02 50 Delta Phe
01 56 08 -51 35 04 Chi Eri
02 27 10 -47 40 54 Kappa Eri
02 54 03 -49 52 10 R Hor
02 16 42 -51 29 21 Phi Eri
04 16 10 -51 28 28 Gamma Dor
05 47 24 -51 03 53 Beta Pic
07 13 22 -45 11 29 OU Pup
07 12 43 -46 46 04 HR 2740
06 56 24 -48 43 40 HR 2608
07 14 46 -48 16 51 HR 2762
06 50 03 -50 37 14 Tau Pup
07 04 02 -49 35 30 HR 2672
07 00 58 -51 24 35 HR 2652
07 49 23 -46 23 10 HR 3055
07 48 29 -47 05 26 HR 3046
07 53 27 -48 06 59 HR 3090
08 09 41 -47 21 06 Suhail al Muhlif
08 09 38 -47 21 37 Gamma 1 Vel
07 58 23 -49 15 31 V Pup
07 53 12 -49 37 34 HR 3089
08 40 48 -46 40 00 HR 3445
08 46 12 -46 03 35 HR 3487
08 49 58 -45 19 36 HR 3520
08 22 41 -48 30 23 HR 3294
08 41 23 -47 20 07 HR 3452
09 04 19 -47 07 04 HR 3614
09 37 01 -49 22 39 HR 3836
09 51 53 -46 34 16 HR 3912
16 06 50 -45 11 11 Delta Nor
16 27 33 -47 33 56 Epsilon Nor
17 36 02 -46 30 31 Sigma Ara
17 32 14 -49 52 46 Alpha Ara
17 40 47 -49 25 05 Lambda Ara
18 11 36 -45 57 11 Epsilon Tel
18 32 07 -45 54 39 Delta 1 Tel
18 27 20 -45 57 54 Alpha Tel
18 07 01 -50 05 26 Theta Ara
18 29 13 -49 04 01 Zeta Tel
19 35 35 -48 05 17 Iota Tel
20 49 50 -46 12 29 Zeta Ind
20 37 55 -47 16 25 Alpha Ind
20 44 24 -51 54 09 Eta Ind
22 08 33 -46 56 11 Alnair
22 42 58 -46 51 29 Beta Gru
23 10 39 -45 13 10 Iota Gru
22 48 51 -51 17 26 Epsilon Gru
23 38 07 -45 27 52 HR 8959
00 43 34 -57 26 09 Eta Phe
01 08 36 -55 13 09 Zeta Phe
01 37 54 -57 12 41 Achernar
04 34 06 -55 02 05 Alpha Dor
05 05 36 -57 27 58 Zeta Dor
05 49 55 -56 09 56 Gamma Pic
06 10 24 -54 58 12 Delta Pic
06 24 04 -52 41 54 Canopus
06 35 06 -52 58 47 HR 2435
06 49 58 -53 37 43 HR 2554
07 35 47 -52 32 43 HR 2934
07 56 55 -52 59 45 Chi Car
08 42 34 -53 07 55 HY Vel
08 40 27 -52 56 24 Omicron Vel
08 44 50 -54 43 38 Delta Vel
08 56 28 -52 44 35 HR 3574
08 56 28 -52 44 32 HIP 43878
18 58 52 -52 55 54 Lambda Tel
20 07 46 -52 51 58 Xi Tel
20 26 03 -56 43 07 Peacock
21 20 13 -53 25 41 Theta Ind
21 58 15 -54 58 07 Delta Ind
22 03 40 -56 45 42 Epsilon Ind
22 45 56 -53 28 25 Eta Gru
23 01 11 -52 43 38 Zeta Gru
04 43 49 -08 47 12 55 Eri
06 38 46 -48 13 35 SAO 218090
07 20 28 -52 19 06 HR 2814
11 18 27 +31 30 07 HD 98231
07 14 27 -26 21 41 EW CMa
07 13 41 -44 39 09 L Pup
02 02 23 +70 55 54 SAO 4554
05 28 28 -20 45 17 SAO 170457
05 41 34 +16 32 12 SAO 94759
11 04 03 +61 43 31 NSV 5071
11 18 28 +31 30 33 HR 4374
13 24 07 +54 53 43 SAO 28738
16 24 04 +61 30 00 NSV 7712
23 02 50 +42 47 04 SAO 52623
11 18 33 +31 31 34 HR 4375
17 59 26 -30 14 36 HR 6693
21 44 15 +28 46 54 HR 8309
