00 30 11 +60 15 39 NGC 129 6.5 OC
00 42 58 +40 53 38 NGC 221 9.0 Gx M32
00 42 58 +41 17 38 NGC 224 4.4 Gx M31
01 19 25 +58 21 34 NGC 457 6.4 OC
01 46 21 +61 16 30 NGC 663 7.1 OC
01 48 49 +71 58 29 Cr 463 5.7 OC
01 58 06 +37 42 27 NGC 752 5.7 OC
02 15 22 +59 17 23 Stock 2 4.4 OC
02 19 21 +57 10 22 NGC 869 5.3 OC
02 22 45 +57 08 21 NGC 884 6.1 OC
02 37 40 +56 00 18 Tr 2 5.9 OC
02 42 57 +00 00 16 NGC1068 8.8 Gx M77
03 12 13 +63 16 07 Tr 3 7.0 OC
03 16 24 +60 03 06 Stock23 6.2 OC
03 22 21 +49 01 04 Mel 20 1.2 OC
03 31 55 +37 21 00 NGC1342 6.7 OC
03 47 12 +24 07 55 M45 1.2 OC
04 27 17 +16 00 40 Hyades 0.5 OC
04 46 18 +19 04 32 NGC1647 6.4 OC
05 10 59 +16 32 21 NGC1807 7.0 OC
05 12 23 +16 42 21 NGC1817 7.7 OC
05 29 02 +35 50 14 NGC1912 6.4 OC M38
05 36 26 +34 05 10 NGC1960 6.0 OC M36
05 35 39 -05 26 49 NGC1976 3.7 Nb M42
05 35 27 -04 25 49 NGC1981 4.2 OC
05 52 44 +32 33 03 NGC2099 5.6 OC M37
06 06 12 +24 19 57 NGC2168 5.1 OC M35
06 06 41 +13 56 57 NGC2169 5.9 OC
06 26 51 -04 45 12 NGC2232 3.9 OC
06 32 40 +04 51 46 NGC2244 4.8 OC
06 41 23 +09 52 42 NGC2264 3.9 OC
06 49 39 +41 03 39 NGC2281 5.4 OC
06 46 19 -20 46 20 NGC2287 4.5 OC M41
06 52 03 +00 27 38 NGC2301 6.0 OC
07 03 26 -08 20 27 NGC2323 5.9 OC M50
07 29 30 +20 54 22 NGC2392 9.2 PNb
08 10 56 -12 50 54 NGC2539 6.5 OC
08 14 03 -05 48 55 NGC2548 5.8 OC M48
08 40 23 +19 57 56 NGC2632 3.1 OC M44
08 50 40 +11 47 52 NGC2682 6.9 OC M67
09 56 00 +69 02 34 NGC3031 6.8 Gx M81
09 56 13 +69 39 34 NGC3034 8.4 Gx M82
10 25 02 -18 39 32 NGC3242 7.8 PNb
12 25 15 +25 58 20 Mel 111 1.8 OC
12 25 21 +12 51 20 NGC4374 10.1 Gx M84
12 26 27 +12 55 20 NGC4406 9.8 Gx M86
12 31 03 +12 22 21 NGC4486 8.6 Gx M87
12 40 16 -11 38 39 NGC4594 8.3 Gx M104
12 51 08 +41 05 22 NGC4736 8.1 Gx M94
12 56 57 +21 39 23 NGC4826 8.5 Gx M64
13 42 26 +28 21 30 NGC5272 5.9 GC M3
15 18 51 +02 03 55 NGC5904 5.7 GC M5
16 23 54 -26 32 41 NGC6121 5.8 GC M4
16 41 53 +36 27 26 NGC6205 5.7 GC M13
16 44 43 +23 48 28 NGC6210 8.8 PNb
16 47 28 -01 57 31 NGC6218 6.8 GC M12
16 57 22 -04 06 27 NGC6254 6.6 GC M10
17 01 31 -30 07 25 NGC6266 6.7 GC M62
17 17 15 +43 04 41 NGC6341 6.4 GC M92
17 40 26 -32 13 09 NGC6405 4.2 OC M6
17 46 33 +05 42 54 IC 4665 4.2 OC
17 54 14 -34 49 03 NGC6475 3.3 OC M7
18 03 43 -27 53 59 NGC6520 7.6 OC
18 04 06 -24 22 58 NGC6523 5.0 Nb M8
18 21 05 -16 10 51 NGC6618 6.0 OC M17
18 27 57 +06 34 12 NGC6633 4.6 OC
18 36 42 -23 53 44 NGC6656 5.1 GC M22
18 39 15 +05 27 17 IC 4756 4.6 OC
18 51 22 -06 15 38 NGC6705 5.8 OC M11
18 51 44 +10 21 22 NGC6709 6.7 OC
18 53 47 +33 02 23 NGC6720 8.8 PNb M57
19 25 37 +20 11 36 CR 399 3.6 OC
19 44 17 -14 08 16 NGC6818 9.3 PNb
19 44 56 +50 31 44 NGC6826 8.8 PNb
19 59 49 +22 43 50 NGC6853 7.3 PNb M27
20 23 17 +40 47 59 NGC6910 7.4 OC
20 34 27 +07 25 02 NGC6934 8.7 GC
20 34 49 +28 19 03 NGC6940 6.3 OC
21 04 28 -11 20 48 NGC7009 8.0 PNb
21 30 14 +12 11 20 NGC7078 6.0 GC M15
21 33 45 -00 47 40 NGC7089 6.4 GC M2
21 32 23 +48 27 20 NGC7092 4.6 OC M39
21 53 51 +62 37 25 NGC7160 6.1 OC
22 05 24 +46 31 28 NGC7209 7.7 OC
22 15 30 +49 54 30 NGC7243 6.4 OC
23 26 08 +42 34 39 NGC7662 8.3 PNb
23 57 15 +56 45 40 NGC7789 6.7 OC
00 49 24 +57 50 38 Eta Cassiopeia
01 53 46 +19 19 28 Gamma Aries
02 04 13 +42 21 26 Gamma Andromeda
03 08 32 +40 58 08 Beta Perseus(Algol)
05 35 33 -05 22 49 Trapezium
06 29 03 -07 02 13 Beta Monoceros
10 20 16 +19 49 29 Gamma Leo
13 24 06 +54 54 26 Zeta Ursa Major
16 05 41 -19 48 48 Beta Scorpius
18 44 28 +39 40 19 Epsilon Lyra
19 30 54 +27 58 39 Beta Cygnus
20 46 56 +16 08 07 Gamma Delphinus
22 29 23 +58 26 32 Delta Cepheus
