00 07 34 +32 36 40 NGC 7831 GALXY12.8
00 08 04 +35 22 40 NGC 5 GALXY13.3
00 08 16 +33 05 40 NGC 7836 GALXY13.7
00 08 34 +32 31 40 NGC 6 NONEX
00 08 58 +37 27 40 NGC 11 GALXY13.7
00 09 04 +33 26 40 NGC 13 GALXY13.2
00 09 40 +32 51 40 NGC 19 NONEX
00 09 52 +33 19 40 NGC 20 GALXY13.0
00 10 46 +29 01 40 NGC 27 GALXY13.4
00 10 58 +32 59 40 NGC 21 GALXY13.2
00 11 04 +33 22 40 NGC 29 GALXY12.7
00 12 34 +31 04 40 NGC 39 GALXY13.5
00 13 16 +30 55 40 NGC 43 GALXY12.6
00 13 22 +31 18 40 NGC 44 NONEX
00 14 16 +48 14 40 NGC 48 GALXY13.6
00 14 34 +48 15 40 NGC 49 GALXY13.7
00 14 46 +48 16 40 NGC 51 GALXY13.1
00 18 28 +30 04 40 NGC 67 GALXY14.2
00 18 34 +30 03 40 NGC 69 GALXY14.8
00 18 34 +30 05 40 NGC 68 GALXY12.9
00 18 40 +30 05 40 NGC 70 GALXY13.5
00 18 40 +30 04 40 NGC 71 GALXY13.2
00 18 46 +30 03 40 NGC 72 GALXY13.5
00 18 52 +30 03 40 NGC 72A GALXY14.7
00 19 10 +30 04 40 NGC 74 GALXY16.0
00 19 52 +29 57 40 NGC 76 GALXY13.0
00 21 16 +22 35 40 NGC 79 GALXY15.0
00 21 28 +22 23 40 NGC 81 GALXY
00 21 28 +22 22 40 NGC 80 GALXY12.1
00 21 40 +22 31 40 NGC 85A GALXY15.5
00 21 40 +22 31 40 NGC 85B GALXY15.5
00 21 40 +22 28 40 NGC 82 GALXY14.0
00 21 40 +22 26 40 NGC 83 GALXY12.5
00 21 46 +22 37 40 NGC 84 GALXY17.0
00 21 46 +22 34 40 NGC 86 GALXY15.0
00 22 04 +22 25 40 NGC 91 GALXY13.7
00 22 10 +22 26 40 NGC 90 1STAR
00 22 16 +22 26 40 NGC 93 GALXY13.3
00 22 28 +22 29 40 NGC 94 GALXY15.5
00 22 34 +22 34 40 NGC 96 GALXY17.0
00 22 40 +29 45 40 NGC 97 GALXY12.3
00 26 10 +29 14 40 NGC 108 GALXY12.1
00 26 28 +21 50 40 NGC 109 GALXY13.7
00 26 58 +31 44 40 NGC 112 GALXY13.5
00 31 34 +30 48 39 NGC 140 GALXY13.2
00 33 58 +30 44 39 NGC 149 GALXY13.7
00 35 40 +36 32 39 AND III GALXY13.5
00 36 16 +23 58 39 NGC 160 GALXY12.6
00 36 22 +23 59 39 NGC 162 GALXY
00 37 04 +24 00 39 NGC 169 GALXY
00 37 10 +24 00 39 NGC 169A GALXY
00 38 28 +29 29 39 NGC 181 GALXY
00 38 34 +29 31 39 NGC 183 GALXY12.7
00 38 46 +29 27 39 NGC 184 GALXY14.6
00 40 40 +41 42 39 NGC 205 GALXY08.1
00 40 52 +40 45 39 NGC 206 G+C+N
00 41 40 +25 31 39 NGC 214 GALXY12.3
00 42 04 +36 22 39 NGC 218 GALXY14.0
00 43 04 +23 31 38 NGC 228 GALXY13.7
00 43 04 +32 35 38 NGC 226 GALXY13.3
00 43 04 +40 53 38 NGC 221 GALXY08.1
00 43 04 +41 17 38 NGC 224 GALXY03.4
00 43 16 +23 30 38 NGC 229 GALXY14.5
00 43 40 +30 36 38 NGC 233 GALXY12.4
00 46 05 +38 01 38 AND I GALXY13.2
00 46 10 +29 57 38 NGC 243 GALXY13.6
00 48 16 +27 38 38 NGC 252 GALXY12.4
00 48 28 +27 39 38 NGC 258 GALXY15.0
00 48 46 +27 42 38 NGC 260 GALXY13.5
00 49 10 +31 59 38 NGC 262 GALXY13.1
00 51 40 +35 51 38 NGC 272 OPNCL
00 52 46 +24 21 38 NGC 280 GALXY13.2
00 56 22 +24 08 37 NGC 304 GALXY13.0
00 57 53 +43 48 37 NGC 317A GALXY
00 57 59 +43 48 37 NGC 317B GALXY
01 01 11 +47 42 37 IC 65 GALXY12.8
01 08 47 +39 43 36 NGC 389 GALXY13.8
01 08 59 +39 41 36 NGC 393 GALXY12.5
01 09 47 +35 44 36 NGC 404 GALXY10.3
01 13 17 +38 49 35 NGC 425 GALXY12.6
01 14 29 +33 45 35 NGC 431 GALXY12.9
01 19 17 +34 59 34 NGC 464 GALXY
01 21 35 +40 30 34 NGC 477 GALXY13.0
01 24 05 +33 50 34 NGC 513 GALXY12.9
01 24 17 +33 56 34 NGC 512 GALXY13.2
01 25 35 +34 03 33 NGC 523 GALXY12.7
01 25 47 +33 42 33 NGC 528 GALXY12.5
01 25 59 +34 45 33 NGC 529 GALXY12.1
01 26 35 +34 06 33 NGC 537 NONEX
01 26 35 +34 46 33 NGC 531 GALXY13.8
01 26 41 +34 44 33 NGC 536 GALXY12.4
01 26 47 +34 42 33 NGC 542 GALXY14.7
01 27 53 +37 12 33 NGC 551 GALXY12.7
01 28 29 +34 20 33 NGC 561 GALXY12.9
01 28 42 +48 24 33 NGC 562 GALXY13.3
01 31 12 +41 17 32 NGC 573 GALXY13.1
01 33 47 +35 42 32 NGC 591 GALXY12.9
01 33 54 +44 57 32 NGC 590 GALXY12.9
01 35 24 +41 17 32 NGC 605 GALXY12.9
01 37 18 +42 21 31 NGC 620 GALXY14.0
01 37 37 +50 29 31 PK130-11.1PLNNB14.3
01 42 41 +35 40 30 NGC 653 GALXY13.4
01 44 54 +37 43 30 NGC 662 GALXY12.9
01 46 42 +36 28 30 NGC 668 GALXY13.1
01 50 06 +35 47 29 NGC 679 GALXY12.3
01 50 54 +36 22 29 NGC 687 GALXY12.3
01 52 30 +36 05 28 NGC 700 GALXY14.4
01 53 00 +36 07 28 NGC 704 GALXY14.0
01 53 06 +36 09 28 NGC 705 GALXY13.6
01 53 06 +36 11 28 NGC 703 GALXY13.3
01 53 07 +36 10 28 Abell 262GALCL13.0
01 53 12 +36 10 28 NGC 708 GALXY12.7
01 53 12 +36 14 28 NGC 709 GALXY14.3
01 53 18 +36 03 28 NGC 710 GALXY13.7
01 53 30 +36 49 28 NGC 712 GALXY12.8
01 53 54 +36 13 28 NGC 714 GALXY13.1
01 54 18 +36 14 28 NGC 717 GALXY13.9
01 55 06 +39 23 28 NGC 721 GALXY13.5
01 55 12 +36 56 28 UGC 1385 GALXY13.4
01 56 48 +36 49 28 NGC 732 GALXY13.5
01 58 06 +35 55 27 NGC 753 GALXY12.3
01 58 06 +37 42 27 NGC 752 OPNCL05.7
01 58 13 +44 56 27 NGC 746 GALXY13.0
01 58 12 +36 21 27 NGC 759 GALXY12.7
02 03 42 +38 08 26 NGC 797 GALXY12.6
02 04 00 +38 16 26 NGC 801 GALXY13.1
02 07 13 +44 35 25 NGC 812 GALXY11.2
02 09 00 +38 47 25 NGC 818 GALXY12.5
02 10 24 +39 12 24 NGC 828 GALXY12.3
02 11 18 +37 41 24 NGC 834 GALXY13.1
02 11 36 +37 31 24 NGC 841 GALXY12.6
02 12 31 +44 41 24 NGC 847 NONEX
02 12 31 +44 35 24 NGC 846 GALXY12.1
02 12 36 +37 30 24 NGC 845 GALXY13.5
02 22 55 +42 22 21 NGC 891 GALXY09.9
02 23 37 +41 59 21 NGC 898 GALXY12.9
02 25 25 +41 49 21 Abell 347GALCL13.0
02 25 37 +42 07 21 NGC 906 GALXY12.9
02 25 43 +42 04 21 NGC 909 GALXY13.3
02 25 49 +41 51 21 NGC 910 GALXY12.2
02 26 07 +41 49 21 NGC 913 GALXY
02 26 07 +41 48 21 NGC 912 GALXY15.0
02 26 07 +42 00 21 NGC 911 GALXY12.7
02 26 25 +42 10 21 NGC 914 GALXY13.0
02 27 55 +42 00 20 NGC 923 GALXY13.7
02 28 08 +45 59 20 NGC 920 GALXY13.9
02 29 32 +45 57 20 NGC 933 GALXY13.8
02 29 49 +42 17 20 NGC 937 GALXY14.2
02 31 01 +42 16 19 NGC 946 GALXY13.2
02 32 43 +44 40 19 NGC 956 OPNCL08.9
02 34 01 +40 33 19 UGC 2034 GALXY13.1
02 35 43 +40 58 18 NGC 982 GALXY12.5
02 35 49 +40 55 18 NGC 980 GALXY13.0
02 36 49 +38 59 18 IC 239 GALXY11.1
02 38 49 +41 33 17 NGC 995 GALXY13.4
02 39 01 +41 40 17 NGC 996 GALXY13.0
02 39 07 +41 41 17 NGC 999 GALXY13.5
02 39 13 +41 28 17 NGC 1000 GALXY15.5
22 58 44 +35 49 37 NGC 7440 GALXY13.5
22 59 44 +39 07 37 NGC 7445 GALXY15.6
22 59 50 +39 05 37 NGC 7446 GALXY15.7
22 59 56 +39 09 37 NGC 7449 GALXY14.0
23 20 02 +42 52 39 NGC 7618 GALXY13.0
23 22 20 +40 52 39 NGC 7640 GALXY11.3
23 23 14 +46 55 39 PK107-13.1PLNNB13.9
23 24 56 +41 21 39 UGC 12588 GALXY13.2
23 26 08 +42 34 39 NGC 7662 PLNNB08.6
23 30 15 +41 01 39 UGC 12632 GALXY12.1
23 30 26 +49 09 39 NGC 7686 OPNCL05.6
23 35 03 +44 19 40 NGC 7707 GALXY13.4
23 38 03 +48 26 40 Av-Hunter OPNCL
23 39 21 +48 14 40 PK110-12.1PLNNB16.0
23 59 27 +46 54 40 MCG+08-01 GALXY12.0
24 00 09 +47 17 40 MCG+08-01 GALXY12.0
