18 39 52 -04 45 43 NGC 6682 OPNCL
18 42 46 -03 18 42 Do 34 OPNCL
18 43 04 -03 12 41 PK 29+ 0.1PLNNB13.5
18 43 21 -00 16 24 PK 31+ 1.1PLNNB
18 45 39 +02 01 20 PK 34+ 2.1PLNNB
18 46 03 +00 41 20 Berk 79 OPNCL
18 48 33 +01 43 21 PK 34+ 1.1PLNNB
18 48 50 +10 35 21 PK 42+ 5.1PLNNB
18 51 44 +10 21 22 NGC 6709 OPNCL06.7
18 51 56 +09 55 22 PK 41+ 4.1PLNNB
18 52 52 -01 55 37 LDN 582 DRKNB
18 53 14 +12 16 23 PK 44+ 5.1PLNNB
18 55 33 +00 37 24 Berk 80 OPNCL
18 56 33 +07 08 24 PK 39+ 2.1PLNNB14.8
18 56 50 +10 52 24 PK 43+ 3.1PLNNB14.1
18 57 14 +10 22 25 NGC 6724 NONEX
18 57 40 -09 00 35 NGC 6728 OPNCL
18 57 45 +01 04 25 LDN 617 DRKNB
18 58 21 +01 37 25 PK 35- 0.1BRTNB16.7
18 58 39 -01 03 35 PK 32- 2.1PLNNB13.0
19 00 52 -02 11 34 PK 32- 3.1PLNNB
19 01 03 -00 27 34 NGC 6735 OPNCL
19 01 38 +11 36 27 NGC 6738 OPNCL08.3
19 01 52 -05 25 33 B127,129-3DRKNB
19 01 52 -01 18 33 PK 32- 2.2PLNNB
19 02 15 +02 09 27 PK 36- 1.1PLNNB13.2
19 02 28 -01 48 33 PK 32- 3.2PLNNB
19 02 45 +00 30 27 Berk 81 OPNCL
19 02 51 -00 26 33 NGC 6741 PLNNB12.0
19 02 56 +14 28 27 PK 47+ 4.1PLNNB
19 04 03 +02 19 28 Sh2- 72 BRTNB
19 04 22 -04 27 32 B132,328 DRKNB
19 04 43 +17 58 28 PK 50+ 5.1PLNNB16.5
19 05 09 +00 21 28 PK 34- 2.1PLNNB
19 05 08 +15 48 28 PK 48+ 4.2PLNNB
19 05 21 +01 47 28 NGC 6749 GLOCL11.1
19 05 21 +01 53 28 Berk 42 OPNCL
19 06 10 -05 59 32 NGC 6751 PLNNB12.0
19 06 22 -06 49 31 B133 DRKNB
19 07 03 +06 24 29 PK 40- 0.1PLNNB16.9
19 07 10 -06 13 31 B134 DRKNB
19 07 40 -03 54 31 B135-6 DRKNB
19 07 51 +04 18 29 Czernik 39OPNCL
19 08 03 +04 14 29 NGC 6755 OPNCL07.5
19 08 57 +04 41 30 NGC 6756 OPNCL10.6
19 10 46 -02 20 30 PK 33- 5.1PLNNB15.4
19 11 27 +01 02 31 NGC 6760 GLOCL09.1
19 11 44 +13 04 31 Berk 82 OPNCL
19 12 20 +15 09 31 PK 48+ 2.1PLNNB
19 13 16 -03 31 29 PK 32- 6.1PLNNB18.7
19 13 21 +02 53 31 PK 37- 3.2PLNNB12.4
19 13 20 +15 47 31 PK 49+ 2.1PLNNB17.0
19 13 39 +03 25 32 PK 38- 3.1PLNNB
19 13 45 +07 27 32 PK 42- 1.1PLNNB
19 13 51 +04 38 32 PK 39- 2.1PLNNB13.0
19 13 50 +14 59 32 PK 48+ 1.1PLNNB14.3
19 13 51 -01 04 28 NGC 6785 NONEX
19 14 09 +03 38 32 PK 38- 3.2PLNNB14.0
19 14 33 +03 35 32 PK 38- 3.3PLNNB13.6
19 14 52 -02 41 28 NGC 6772 PLNNB14.0
19 14 57 +00 13 32 PK 35- 5.1PLNNB
19 15 15 +04 53 32 NGC 6773 NONEX
19 15 44 +14 04 32 PK 48+ 1.2PLNNB
19 15 51 +00 13 32 B137-8 DRKNB
19 15 58 -08 58 27 IC 4846 PLNNB12.0
19 15 56 +11 13 33 Berk 43 OPNCL
19 16 45 +05 13 33 PK 40- 3.1PLNNB
19 17 03 -00 54 27 NGC 6775 OPNCL
19 18 22 -01 27 27 B139 DRKNB
19 18 33 +01 47 34 PK 37- 5.1PLNNB14.7
19 18 45 +06 32 34 NGC 6781 PLNNB11.8
19 18 46 -01 35 26 NGC 6778 PLNNB13.3
19 18 59 -11 05 26 PK 26-11.1PLNNB13.3
19 19 38 +15 43 34 Berk 45 OPNCL
19 21 08 +11 16 35 LDN 673 DRKNB
19 21 15 +07 37 35 PK 43- 3.1PLNNB15.0
19 22 02 +12 26 35 LDN 684 DRKNB
19 22 10 -04 12 25 PK 32- 8.1PLNNB
19 22 44 +10 42 35 PK 45- 1.1PLNNB
19 23 09 +01 31 35 NGC 6790 PLNNB11.4
19 24 38 +09 54 36 PK 45- 2.1PLNNB12.7
19 25 02 +13 42 36 King 25 OPNCL
19 26 15 +03 31 37 NGC 6795 NONEX
19 26 56 +11 36 37 Do 35 OPNCL
19 27 22 -06 34 23 PK 31-10.1PLNNB12.4
19 28 02 +10 24 37 PK 46- 3.1PLNNB
19 28 26 +12 19 38 PK 48- 2.1PLNNB14.5
19 29 38 +14 52 38 King 26 OPNCL
19 30 32 +14 47 38 PK 50- 1.1PLNNB
19 31 32 +10 03 39 NGC 6803 PLNNB11.0
19 31 50 +09 13 39 NGC 6804 PLNNB12.4
19 32 51 +07 27 39 PK 44- 5.1PLNNB
19 33 32 +10 37 40 PK 47- 4.1PLNNB13.0
19 34 51 +05 41 40 NGC 6807 PLNNB13.8
19 37 02 +12 27 41 B334,336-7DRKNB
19 37 09 +07 34 41 B335 DRKNB
19 37 20 +13 41 41 PK 50- 3.1PLNNB
19 38 39 +00 20 42 Cr 401 OPNCL 7
19 39 26 +15 56 42 PK 52- 2.2PLNNB11.8
19 39 32 +16 21 42 PK 52- 2.1PLNNB
19 40 56 +10 57 43 B142-3 DRKNB
19 41 26 +14 57 43 PK 51- 3.1PLNNB13.7
19 42 14 +13 51 43 PK 51- 4.1PLNNB
19 42 32 +15 09 43 PK 52- 4.1PLNNB12.9
19 42 58 -10 16 17 NGC 6814 GALXY11.2
19 44 34 -06 48 16 NGC 6821 GALXY13.1
19 45 34 -08 01 16 Pal 11 GLOCL11.9
19 45 52 -05 34 15 PK 44- 9.1PLNNB15.3
19 49 51 +05 19 46 PK 44-10.1PLNNB
19 50 39 +07 55 46 NGC 6828 NONEX
19 53 44 +11 42 48 NGC 6837 OPNCL
19 55 32 +12 06 48 NGC 6840 OPNCL
19 56 20 +12 09 49 NGC 6843 OPNCL
19 58 39 +03 03 49 PK 43-13.1PLNNB15.3
20 00 51 +01 44 50 NGC 6852 PLNNB
20 03 20 +11 16 51 NGC 6858 NONEX
20 04 09 +00 26 52 NGC 6859 3STAR
20 05 22 -03 33 08 NGC 6863 8STAR
20 06 16 -09 01 08 NGC 6865 GALXY
20 21 52 -02 33 02 NGC 6900 GALXY14.0
20 22 33 +06 27 58 NGC 6901 GALXY13.7
20 23 33 +00 40 59 IC 1317 GALXY13.8
20 23 45 +06 27 59 NGC 6906 GALXY12.3
20 23 57 +06 27 59 IC 5006 GALXY12.0
20 27 58 -03 02 00 NGC 6915 GALXY
20 30 10 -02 09 59 NGC 6922 GALXY13.5
20 31 52 -07 03 58 PK 38-25.1PLNNB14.3
20 33 22 -01 59 58 NGC 6926 GALXY12.4
20 33 40 -02 00 58 NGC 6929 GALXY13.4
20 36 34 -04 36 57 NGC 6941 GLOCL13.5
