20 39 10 -04 59 56 NGC 6945 GALXY13.5
20 46 16 -11 04 54 NGC 6985 GALXY
20 47 05 -12 49 53 MCG -02-53GALXY13.9
20 47 21 +00 28 07 NGC 6959 GALXY13.7
20 47 27 +00 24 07 NGC 6961 GALXY13.7
20 47 39 +00 21 07 NGC 6962 GALXY12.1
20 47 39 +00 20 07 NGC 6964 GALXY13.0
20 47 39 +00 31 07 NGC 6965 GALXY14.0
20 47 39 +00 31 07 NGC 6963 2STAR15.0
20 47 39 +00 23 07 NGC 6966 2STAR
20 47 51 +00 26 07 NGC 6967 GALXY13.1
20 48 40 -08 18 53 NGC 6968 GALXY14.0
20 52 22 -05 51 52 NGC 6973 1STAR
20 52 34 -05 46 52 NGC 6975 GALXY15.0
20 52 40 -05 44 52 NGC 6976 GALXY14.0
20 52 46 -05 42 51 NGC 6977 GALXY13.2
20 52 52 -05 40 51 NGC 6978 GALXY13.3
20 53 04 -05 47 51 NGC 6980 1STAR
20 53 46 -12 30 51 NGC 6981 GLOCL09.4
20 59 16 -12 36 49 NGC 6994 OPNCL08.9
21 01 27 -00 09 49 NGC 7001 GALXY12.9
21 02 16 -12 51 49 NGC 7005 OPNCL
21 04 28 -11 20 48 NGC 7009 PLNNB08.3
21 04 58 -12 18 48 NGC 7010 GALXY14.0
21 16 45 -00 48 44 NGC 7047 GALXY13.4
21 20 04 -08 45 43 NGC 7051 GALXY14.0
21 26 58 -06 58 41 NGC 7065 GALXY15.0
21 27 10 -07 01 41 NGC 7065A GALXY13.1
21 28 21 -01 36 41 NGC 7069 GALXY13.4
21 30 09 +02 26 19 NGC 7077 GALXY13.1
21 30 22 -02 46 40 PK 50-36.1GALXY15.6
21 31 39 +02 31 20 NGC 7081 GALXY12.7
21 33 39 -00 21 40 NGC 7088 NONEX
21 33 45 -00 47 40 NGC 7089 GLOCL06.5
21 42 04 -06 41 37 NGC 7111 GALXY15.0
21 42 40 -06 45 37 NGC 7108 GALXY
21 44 40 -06 31 37 NGC 7120 GALXY15.0
21 45 10 -03 35 37 NGC 7121 GALXY14.0
21 56 51 +01 23 26 NGC 7164 GALXY14.2
21 59 46 -16 29 33 NGC 7165 GALXY14.0
22 00 47 -24 36 33 NGC 7167 GALXY12.5
22 01 16 -13 14 33 NGC 7171 GALXY12.2
22 01 40 -05 26 33 NGC 7170 GALXY
22 02 03 -01 56 33 NGC 7181 GALXY14.0
22 02 10 -02 10 33 NGC 7182 GALXY14.4
22 02 35 -20 31 33 NGC 7180 GALXY12.6
22 02 40 -18 54 33 NGC 7183 GALXY11.9
22 02 59 -20 47 33 NGC 7184 GALXY10.9
22 03 23 -20 26 33 NGC 7185 GALXY12.6
22 03 33 +00 35 27 NGC 7189 GALXY13.5
22 03 47 -20 18 32 NGC 7188 GALXY13.2
22 05 33 -00 37 32 NGC 7198 GALXY13.3
22 06 28 -08 05 32 NGC 7211 GALXY
22 08 51 +00 31 29 NGC 7215 GALXY13.9
22 10 28 -16 38 31 NGC 7218 GALXY12.0
22 11 15 +02 06 29 NGC 7222 GALXY13.8
22 11 47 -22 56 31 NGC 7220 GALXY13.5
22 14 34 -17 02 30 NGC 7230 GALXY14.0
22 15 10 -05 03 30 NGC 7239 GALXY
22 17 46 -15 30 30 NGC 7246 GALXY15.0
22 18 05 -23 41 30 NGC 7247 GALXY12.6
22 20 40 -15 44 29 NGC 7251 GALXY13.0
22 20 59 -24 39 29 NGC 7252 GALXY12.1
22 22 16 -21 42 29 NGC 7254 NONEX
22 22 28 -03 59 29 NGC 7257 NONEX
22 22 58 -21 42 29 NGC 7256 GALXY13.1
22 22 58 -04 05 29 NGC 7260 GALXY14.0
22 23 22 -15 30 29 NGC 7255 GALXY
22 24 22 -04 02 28 NGC 7266 GALXY15.0
22 26 04 -13 07 28 NGC 7269 GALXY14.0
22 28 34 -02 49 28 NGC 7288 GALXY14.5
22 28 53 -24 49 28 NGC 7284 GALXY11.9
22 28 59 -24 49 28 NGC 7285 GALXY11.9
22 29 04 -22 10 28 NGC 7287 GALXY15.0
22 29 52 -20 46 27 NGC 7293 PLNNB06.3
22 30 40 -17 32 27 NGC 7301 GALXY13.2
22 31 04 -14 09 27 NGC 7298 GALXY13.7
22 31 16 -13 58 27 NGC 7300 GALXY12.9
22 32 40 -14 05 27 NGC 7302 GALXY12.3
22 34 34 -10 19 27 NGC 7309 GALXY12.5
22 34 46 -12 54 27 NGC 7308 GALXY14.0
22 34 58 -22 27 27 NGC 7310 GALXY13.9
22 39 28 -22 39 26 NGC 7341 GALXY12.4
22 39 58 -04 08 26 NGC 7344 GALXY14.0
22 41 34 -04 25 26 NGC 7351 GALXY13.0
22 44 45 -00 05 25 NGC 7364 GALXY12.6
22 45 04 -23 39 25 NGC 7359 GALXY12.5
22 45 16 -19 57 25 NGC 7365 GALXY12.9
22 45 40 -22 43 25 NGC 7349 GALXY14.2
22 46 22 -10 58 25 NGC 7371 GALXY11.5
22 48 04 -22 17 25 NGC 7377 GALXY11.1
22 48 10 -11 47 25 NGC 7378 GALXY13.0
22 50 16 -19 41 24 NGC 7381 GALXY14.2
22 50 57 -01 29 24 NGC 7391 GALXY12.0
22 51 58 -05 31 24 NGC 7393 GALXY14.0
22 52 04 -20 34 24 NGC 7392 GALXY11.9
22 52 58 -09 14 24 NGC 7399 GALXY14.0
22 54 16 -06 34 24 NGC 7406 GALXY15.0
22 55 58 -05 28 24 NGC 7416 GALXY12.4
22 57 34 -10 55 24 NGC 7425 GALXY15.0
22 59 46 -07 02 23 NGC 7441 GALXY15.5
23 00 22 -12 46 23 NGC 7443 GALXY12.6
23 00 22 -12 48 23 NGC 7444 GALXY12.8
23 00 40 -10 30 23 NGC 7447 NONEX
23 01 10 -12 54 23 NGC 7450 GALXY13.0
23 01 40 -06 19 23 NGC 7453 3STAR
23 04 10 -22 53 23 NGC 7471 NONEX
23 06 04 -19 55 23 NGC 7481 NONEX
23 08 22 -05 56 22 NGC 7491 GALXY14.5
23 08 40 -15 35 22 NGC 7492 GLOCL11.5
23 09 10 -24 20 22 NGC 7494 GALXY15.0
23 10 04 -24 23 22 NGC 7498 GALXY15.0
23 11 04 -21 44 22 NGC 7502 2STAR
23 13 58 -23 46 22 NGC 7520 NONEX
23 14 04 -22 52 22 NGC 7522 NONEX
23 14 10 -09 10 22 NGC 7526 ASTER
23 16 34 -22 08 22 NGC 7573 GALXY14.0
23 17 28 -06 53 22 NGC 7596 GALXY
23 17 39 -04 42 22 NGC 7576 GALXY12.9
23 18 15 -04 37 21 NGC 7585 GALXY11.4
23 18 39 -04 23 21 NGC 7592 GALXY14.0
23 19 10 -07 33 21 NGC 7600 GALXY11.9
23 19 22 -08 27 21 NGC 7606 GALXY10.8
23 24 16 -11 50 21 NGC 7646 GALXY
23 24 46 -19 03 21 NGC 7656 GALXY13.3
23 26 57 -04 54 21 NGC 7663 GALXY
23 27 28 -09 22 21 NGC 7665 GALXY13.0
23 27 39 -04 09 21 NGC 7666 NONEX
23 33 03 -05 34 20 NGC 7692 GALXY15.0
23 35 40 -16 40 20 NGC 7709 GALXY13.0
23 37 58 -15 05 20 NGC 7717 GALXY13.0
23 38 16 -22 56 20 NGC 7719 GALXY
23 39 03 -06 29 20 NGC 7721 GALXY11.6
23 39 10 -12 56 20 NGC 7723 GALXY11.2
23 39 22 -12 12 20 NGC 7724 GALXY13.0
23 39 33 -04 31 20 NGC 7725 GALXY14.5
23 40 10 -12 16 20 NGC 7727 GALXY10.6
23 41 40 -20 12 20 NGC 7730 NONEX
23 42 40 -19 25 20 NGC 7736 GALXY12.9
23 43 20 -15 15 20 Ced 211 BRTNB
23 49 09 -16 30 20 NGC 7759 GALXY14.0
23 49 10 -22 01 20 NGC 7758 GALXY14.4
23 49 27 -16 33 20 NGC 7754 GALXY15.0
23 50 33 -16 35 20 NGC 7763 GALXY
23 51 39 -13 21 20 NGC 7761 GALXY14.0
23 52 57 -13 21 20 NGC 7776 NONEX
