09 24 57 +49 19 42 A 1 12.2m NGC 2857
16 16 27 +47 01 16 A 2 13.2m UGC 10310
22 36 49 -02 52 26 A 3 13.4m MCG-01-57-016
01 48 40 -12 20 31 A 4 13.7m MCG-02-05-50 +A
11 24 39 +03 17 21 A 5 12.8m NGC 3664
08 13 35 +45 58 05 A 6 12.3m NGC 2537
08 50 31 -16 35 08 A 7 14.5m MCG-03-23-009
01 22 38 -00 50 26 A 8 13.0m NGC 0497
08 15 33 +73 33 04 A 9 11.9m NGC 2523
02 18 42 +05 40 22 A 10 13.8m UGC 01775
01 09 39 +14 21 36 A 11 14.4m UGC 00717
08 35 35 +28 26 57 A 12 12.2m NGC 2608
23 00 17 +16 00 37 A 13 11.6m NGC 7448
22 36 02 -26 01 26 A 14 10.9m NGC 7314
22 51 55 -05 31 24 A 15 12.6m NGC 7393
11 20 30 +12 57 21 A 16 8.9 m MESSIER 66
07 45 08 +73 48 16 A 17 14.7m UGC 03972
12 05 50 +50 30 20 A 18 10.5m NGC 4088
00 32 00 -05 07 21 A 19 13.2m NGC 0145
04 20 09 +02 05 42 A 20 14.4m UGC 03014
11 05 14 +29 59 23 A 21 14.7m CGCG 155-056
11 59 45 -19 16 40 A 22 11.2m NGC 4027
12 41 46 +41 07 21 A 23 10.8m NGC 4618
10 54 54 +56 57 24 A 24 12.6m NGC 3445
07 28 52 +85 44 23 A 25 11.4m NGC 2276
14 03 23 +54 19 34 A 26 7.9 m MESSIER 101
11 21 20 +53 08 21 A 27 10.4m NGC 3631
23 28 42 +22 26 39 A 28 11.8m NGC 7678
20 34 58 +60 10 03 A 29 8.8 m NGC 6946
17 22 45 +62 09 44 A 30 12.2m NGC 6365
01 51 25 +21 55 29 A 31 13.6m IC 0167
17 13 11 +59 18 40 A 32 14.4m UGC 10770A
13 37 39 +06 23 29 A 33 15.0m UGC 08613
12 41 52 +26 02 21 A 34 13.1m NGC 4615
00 22 38 -01 16 20 A 35 15.0m UGC 00212
13 34 28 +31 23 28 A 36 15.0m UGC 08548
02 42 55 +00 00 16 A 37 8.9 m MESSIER 77
17 29 25 +75 41 47 A 38 11.7m NGC 6412
03 29 55 -22 14 59 A 39 13.0m NGC 1347
13 29 33 +37 22 27 A 40 15.0m IC 4271
03 09 59 -20 32 52 A 41 10.1m NGC 1232
15 02 55 +23 17 50 A 42 13.3m NGC 5829
10 24 31 +16 42 28 A 43 13.2m IC 0607
10 25 47 -02 14 32 A 44 14.1m IC 0609
14 19 38 +51 53 38 A 45 15.4m UGC 09178
23 33 56 +30 03 40 A 46 15.0m UGC 12665
14 47 26 +18 49 45 A 47 15.0m ARP 047
01 20 12 +12 21 34 A 48 15.7m CGCG 436-026
14 32 40 +08 02 41 A 49 12.0m NGC 5665
23 58 13 -13 59 20 A 50 14.0m IC 1520
00 06 31 -13 24 20 A 51 15.0m MGC-02-01-24
05 20 00 +03 43 18 A 52 15.6m CGCG 421-027
10 35 32 -17 17 33 A 53 14.4m NGC 3290
02 24 16 -04 39 39 A 54 15.0m MCG-01-07-007
09 16 15 +44 17 44 A 55 14.9m UGC 04881
01 57 41 +17 14 27 A 56 14.6m UGC 01432
13 16 55 +14 23 25 A 57 14.8m CGCG 101-019
08 32 15 +19 10 58 A 58 14.2m UGC 04457
01 01 00 -09 09 23 A 59 14.5m NGC 0341A
13 15 01 +26 03 25 A 60 16.3m ARP 060
04 36 57 -02 16 24 A 61 15.1m UGC 03104
11 53 51 +43 25 20 A 62 14.7m UGC 06865
09 39 34 +32 16 38 A 63 14.0m NGC 2944
14 45 39 +19 25 45 A 64 15.0m UGC 09503
00 22 07 +22 25 40 A 65 13.7m NGC 0091
16 27 00 +51 32 20 A 66 14.6m UGC 10396
01 21 31 -00 30 26 A 67 14.0m UGC 00892
23 49 00 +04 11 40 A 68 12.7m NGC 7757
14 20 39 +35 09 38 A 69 13.6m NGC 5579
01 23 45 +30 48 34 A 70 15.0m UGC 00934
16 05 20 +17 44 12 A 71 13.9m NGC 6045
15 47 12 +17 52 05 A 72 12.8m NGC 5996
16 35 17 +46 11 24 A 73 13.5m IC 1222
02 08 40 +41 29 25 A 74 14.1m UGC 01626
01 51 33 -04 01 31 A 75 11.9m NGC 0702
12 37 04 +13 07 21 A 76 9.5 m MESSIER 90
02 46 32 -30 14 45 A 77 9.2 m NGC 1097
01 59 37 +19 01 27 A 78 10.3m NGC 0772
14 10 21 +17 34 36 A 79 13.9m NGC 5490C
08 48 39 +74 03 53 A 80 12.2m NGC 2633
18 12 53 +68 21 06 A 81 12.8m NGC 6621
08 11 31 +25 11 06 A 82 12.8m NGC 2535
11 40 29 +15 18 20 A 83 12.7m NGC 3800
13 58 51 +37 23 33 A 84 11.4m NGC 5395
13 30 05 +47 09 27 A 85 8.4 m MESSIER 51A
23 47 19 +29 30 40 A 86 12.0m NGC 7753
11 41 00 +22 24 20 A 87 11.5m NGC 3808A
01 19 21 +12 29 34 A 88 VV 445
08 42 57 +14 15 55 A 89 12.7m NGC 2648
15 26 18 +41 38 58 A 90 12.2m NGC 5930
15 34 46 +15 10 01 A 91 12.1m NGC 5953
23 19 11 +00 15 39 A 92 13.2m NGC 7603
22 28 53 -24 48 28 A 93 11.9m NGC 7284
10 23 46 +19 49 29 A 94 10.3m NGC 3227
14 35 14 +26 30 42 A 95 15.2m IC 4461
07 05 04 +86 35 33 A 96 14.8m UGC 03528A
12 06 00 +31 01 20 A 97 15.6m UGC 07085A
01 32 33 +32 06 32 A 98 15.0m UGC 01095
23 15 31 +18 58 38 A 99 12.2m NGC 7550
00 28 53 -11 32 21 A100 15.0m IC 0018
16 04 45 +14 48 12 A101 14.7m UGC 10169
17 19 29 +49 01 42 A102 14.9m UGC 10814B
16 49 42 +45 28 30 A103 14.6m UGC 10586
13 32 20 +62 44 28 A104 12.3m NGC 5218
11 11 29 +28 39 22 A105 15.0m NGC 3561
12 15 50 +28 08 20 A106 13.6m NGC 4211
10 52 38 +30 03 24 A107 14.6m UGC 05984
03 03 20 -22 10 50 A108 14.0m ESO 547-G003
15 47 50 +69 27 05 A109 15.0m UGC 10053
22 54 24 -15 12 24 A110 15.9m MCG-03-58-011
14 01 53 +33 47 34 A111 13.4m NGC 5421
00 01 41 +31 27 40 A112 13.3m NGC 7805
00 18 38 +30 05 40 A113 14.5m NGC 0070
07 33 57 +85 41 21 A114 12.1m NGC 2300
11 43 18 +26 14 20 A115 15.5m UGC 06678A
12 43 54 +11 31 22 A116 8.8 m MESSIER 60
14 10 18 +17 42 35 A117 14.3m IC 0983
02 55 26 -00 08 48 A118 12.9m NGC 1144
01 19 40 +12 27 34 A119 14.7m UGC 00849
12 28 00 +12 58 21 A120 10.1m NGC 4438
00 59 38 -04 46 23 A121 14.5m MCG-01-03-051
16 04 40 +17 44 12 A122 13.6m NGC 6040A
05 22 46 -11 28 44 A123 12.0m NGC 1888
17 18 44 +60 35 42 A124 13.1m NGC 6361
16 38 23 +41 54 25 A125 13.6m UGC 10491
01 58 21 +03 06 27 A126 13.9m UGC 01449
00 39 14 -08 58 21 A127 12.5m NGC 0191
01 17 40 +14 42 35 A128 15.4m UGC 00827
09 39 42 +32 19 38 A129 14.0m UGC 05146
00 02 52 +16 39 40 A130 15.3m IC 5378
02 47 33 -14 46 45 A131 14.5m MCG-03-08-25
11 19 36 -03 06 39 A132 15.5m CGCG 011-053
01 25 59 -01 20 27 A133 12.1m NGC 0541
12 30 01 +07 57 21 A134 8.4 m MESSIER 49
02 40 43 +39 04 17 A135 9.3 m NGC 1023
14 58 48 +53 51 49 A136 12.5m NGC 5820
09 34 18 +10 04 39 A137 13.2m NGC 2914
11 58 57 +25 00 20 A138 14.0m NGC 4015
13 07 38 +26 40 24 A139 15.8m MCG+05-31-135
00 51 19 -07 01 22 A140 12.5m NGC 0275
07 14 57 +73 27 28 A141 12.5m UGC 03730
09 38 00 +02 43 38 A142 13.5m NGC 2936
07 47 13 +39 00 15 A143 13.2m NGC 2444
00 06 42 -13 22 20 A144 14.4m NGC 7828
02 23 27 +41 23 21 A145 13.8m ARP 145
00 06 59 -06 36 20 A146 0 ARP 146
03 11 33 +01 19 07 A147 15.0m IC 0298
11 04 17 +40 48 23 A148 15.4m MCG+07-23-019
12 39 57 +16 33 21 A149 16.0m IC 0803A
23 19 44 +09 31 39 A150 14.1m NGC 7609
11 25 53 +54 20 21 A151 16.8m MRK 0040
12 31 04 +12 21 21 A152 8.6 m MESSIER 87
13 25 45 -43 02 33 A153 6.8 m NGC 5128
03 22 52 -37 10 56 A154 8.2 m NGC 1316
11 23 55 +53 48 21 A155 12.5m NGC 3656
10 43 03 +77 27 25 A156 15.0m UGC 05814
01 24 51 +03 48 33 A157 11.5m NGC 0520
01 25 36 +34 02 33 A158 13.5m NGC 0523
12 52 00 +25 44 22 A159 12.4m NGC 4747
12 14 25 +54 29 20 A160 12.5m NGC 4194
11 42 27 +00 18 20 A161 14.7m UGC 06665
10 51 32 +27 56 24 A162 10.8m NGC 3414
12 45 32 +27 05 22 A163 12.7m NGC 4670
01 16 13 +05 11 35 A164 12.6m NGC 0455
07 36 54 +17 52 19 A165 12.2m NGC 2418
01 57 50 +33 13 27 A166 12.9m NGC 0750
08 49 39 +19 02 53 A167 11.6m NGC 2672
00 42 57 +40 52 38 A168 9.0 m MESSIER 32
22 15 00 +13 51 30 A169 13.0m NGC 7236
23 17 26 +18 43 38 A170 13.8m NGC 7578A
14 40 58 +03 25 43 A171 12.9m NGC 5718
16 05 47 +17 35 12 A172 15.2m IC 1178
14 51 41 +09 17 47 A173 14.9m UGC 09561
09 58 57 +28 50 34 A174 14.3m NGC 3068
12 33 07 +11 22 21 A175 13.3m IC 3481
13 04 10 -11 31 36 A176 11.7m NGC 4933A
14 56 01 +24 33 48 A177 17.3m MCG+04-35-017
14 24 20 +34 49 39 A178 11.7m NGC 5614
03 01 55 -04 38 50 A179 16.6m NPM1G -04.0134
04 53 37 -04 47 31 A180 14.8m MCG-01-13-034
10 29 11 +79 46 28 A181 13.0m NGC 3215
23 28 11 +08 47 39 A182 13.2m NGC 7674
13 35 09 +31 21 28 A183 14.6m UGC 08560
05 42 37 +69 22 08 A184 11.0m NGC 1961
16 32 26 +78 10 23 A185 11.2m NGC 6217
04 34 13 -08 33 23 A186 13.6m NGC 1614
05 05 07 -10 13 36 A187 15.0m MCG-02-13-040A
16 06 10 +55 24 12 A188 14.4m UGC 10214
12 43 57 +16 21 22 A189 10.8m NGC 4651
02 50 35 +12 54 14 A190 15.2m UGC 02320
11 07 35 +18 23 22 A191 14.6m UGC 06175
10 37 15 +18 06 26 A192 14.3m NGC 3303
13 20 49 +34 06 26 A193 14.4m IC 0883
11 58 07 +36 21 20 A194 14.9m UGC 06945
08 54 09 +35 06 51 A195 14.5m UGC 04653
13 14 51 +26 05 25 A196 16.0m ARP 196
11 31 16 +20 26 21 A197 14.6m IC 0701
11 00 01 +17 36 23 A198 15.3m UGC 06073
14 17 15 +36 32 37 A199 13.4m NGC 5544
02 53 57 +13 01 13 A200 12.1m NGC 1134
00 23 52 -00 28 20 A201 16.0m UGC 00224
09 00 34 +35 41 49 A202 13.1m NGC 2719
11 31 25 +28 32 21 A203 13.9m NGC 3712
13 22 40 +84 28 26 A204 16.0m UGC 08454
10 54 57 +54 16 24 A205 12.0m NGC 3448
10 52 48 +36 35 24 A206 11.3m NGC 3432
09 31 38 +76 25 40 A207 15.4m UGC 05050
16 51 10 +47 12 30 A208 14.8m MCG+08-31-010
16 05 25 +20 31 12 A209 13.0m NGC 6052
04 31 18 +64 50 38 A210 11.0m NGC 1569
12 37 34 +38 41 21 A211 16.0m MCG+07-26-034
23 20 45 +17 14 39 A212 12.1m NGC 7625
04 08 18 +69 48 47 A213 10.5m IC 0356
11 32 51 +53 01 21 A214 10.7m NGC 3718
09 14 24 +40 04 45 A215 11.7m NGC 2782
23 29 01 +03 31 39 A216 12.9m NGC 7679
10 39 05 +53 28 26 A217 10.8m NGC 3310
15 53 45 +18 35 07 A218 15.4m CGCG 107-052
03 40 06 -02 05 02 A219 14.9m UGC 02812
15 35 10 +23 29 01 A220 13.1m IC 4553
09 36 42 -11 20 21 A221 14.0m MCG-02-25-006
23 40 10 -12 15 20 A222 10.6m NGC 7727
23 18 17 -04 36 21 A223 11.4m NGC 7585
11 51 22 +55 02 20 A224 12.4m NGC 3921
08 56 16 +78 11 51 A225 10.1m NGC 2655
22 21 01 -24 38 29 A226 11.4m NGC 7252
01 20 22 +03 26 34 A227 11.5m NGC 0474
01 49 09 +10 32 29 A228 13.7m IC 0162
01 23 57 +33 17 34 A229 13.5m NGC 0508
00 46 39 -13 24 22 A230 13.0m IC 0051
00 43 48 -04 05 22 A231 14.5m IC 1575
09 34 02 +10 07 40 A232 11.5m NGC 2911
10 32 51 +54 22 27 A233 13.4m UGC 05720
11 36 04 +54 29 20 A234 11.9m NGC 3738
00 09 01 +15 49 40 A235 12.7m NGC 0014
01 08 02 -17 28 24 A236 14.3m IC 1623A
09 27 59 +12 15 41 A237 15.3m UGC 05044
13 15 40 +62 05 25 A238 15.0m UGC 08335
13 41 50 +55 38 29 A239 12.7m NGC 5278
13 40 08 +00 48 29 A240 12.9m NGC 5257
14 38 03 +30 26 43 A241 15.0m UGC 09425
12 46 25 +30 41 22 A242 13.0m NGC 4676A
08 38 41 +25 43 56 A243 13.4m NGC 2623
12 02 08 -18 54 40 A244 10.3m NGC 4039
09 45 56 -14 20 23 A245 12.2m NGC 2992
00 07 08 +08 21 40 A246 14.3m NGC 7838
08 23 50 +21 19 01 A247 14.7m UGC 04383
11 46 59 -03 51 40 A248 14.1m MCG-01-30-33
00 00 34 +23 00 40 A249 16.2m UGC 12891
07 36 19 +35 21 19 A250 15.0m IRASF07327+3529
00 54 01 -13 49 23 A251 15.5m VV 674
09 45 12 -19 44 23 A252 15.3m ESO 566-IG007
09 43 45 -05 17 23 A253 14.3m UGCA 174
15 21 48 -07 23 04 A254 14.5m NGC 5917
09 53 24 +07 50 35 A255 14.3m UGC 05304
00 19 05 -10 19 20 A256 13.6m MCG-02-01-52
08 51 53 -02 22 08 A257 15.0m UGC 04638
02 39 21 +18 24 17 A258 14.6m Hickson 18D
05 01 52 -04 14 35 A259 13.3m NGC 1741
12 13 53 +16 05 20 A260 14.8m UGC 07230
14 49 46 -10 11 14 A261 13.4m MCG-02-38-016
23 56 59 +16 49 40 A262 13.2m UGC 12856
10 25 21 +17 07 28 A263 11.4m NGC 3239
10 04 15 +40 43 32 A264 13.1m NGC 3104
12 54 07 +36 03 23 A265 16.0m IC 3862
12 59 15 +34 49 23 A266 12.3m NGC 4861
10 36 59 +31 30 26 A267 14.7m UGC 05764
08 19 37 +70 41 03 A268 10.7m Holmberg II
12 30 51 +41 36 21 A269 9.8 m NGC 4490
11 21 19 +53 08 21 A270 10.4m NGC 3631
14 03 41 -06 02 26 A271 11.4m NGC 5427
16 05 43 +17 45 12 A272 15.2m NGC 6054
02 21 47 +39 23 22 A273 13.7m UGC 01810
14 35 20 +05 18 42 A274 13.0m NGC 5679
09 26 08 -12 00 18 A275 13.3m NGC 2881
02 28 27 +19 36 20 A276 12.9m NGC 0935
12 55 06 +02 36 23 A277 13.0m NGC 4810
22 19 40 +29 24 31 A278 13.6m NGC 7253A
03 14 24 -02 47 54 A279 11.7m NGC 1253
11 38 00 +47 51 20 A280 11.8m NGC 3769
12 42 20 +32 30 21 A281 9.3 m NGC 4631
00 37 08 +24 00 39 A282 12.4m NGC 0169
09 17 41 +41 57 44 A283 12.3m NGC 2798
23 36 29 +02 10 40 A284 12.5m NGC 7714
09 24 22 +49 10 42 A285 13.0m NGC 2854
14 20 35 +03 53 38 A286 10.5m NGC 5566
09 02 56 +25 54 48 A287 13.3m NGC 2735
13 35 11 +13 47 28 A288 13.0m NGC 5221
11 56 22 -19 54 40 A289 11.0m NGC 3981
02 04 06 +14 45 26 A290 14.2m IC 0196
10 43 04 +13 25 25 A291 13.7m UGC 05832
09 54 48 -06 52 26 A292 13.2m IC 0575
16 58 36 +58 55 33 A293 13.3m NGC 6286
11 39 58 +31 52 20 A294 12.3m NGC 3786
23 42 02 -03 38 20 A295 14.5m MCG-01-60-021
11 29 06 +58 33 21 A296 15.7m MCG+10-17-5
14 45 31 +38 41 45 A297 13.1m NGC 5754
23 03 30 +08 53 37 A298 12.3m NGC 7469
11 28 54 +58 31 21 A299 11.3m IC 0694
11 28 50 +58 31 21 A299 11.5m NGC 3690
09 28 28 +68 23 41 A300 13.4m UGC 05029
11 10 07 +24 13 22 A301 14.5m UGC 06204
14 57 14 +24 35 48 A302 14.6m UGC 09618
09 46 37 +03 02 36 A303 14.1m IC 0564
03 11 29 -08 53 53 A304 12.0m NGC 1241
11 59 00 +27 25 20 A305 12.2m NGC 4017
01 32 57 +04 39 32 A306 14.5m UGC 01105
09 25 58 +11 23 42 A307 11.9m NGC 2872
01 26 14 -01 18 27 A308 12.2m NGC 0545
02 29 25 -10 48 40 A309 11.2m NGC 0942
17 27 31 +58 29 46 A310 15.0m IC 1259
17 27 22 +58 28 46 A311 14.4m IC 1258
16 49 57 +46 42 30 A312 14.1m MCG+08-31-004
11 57 59 +32 15 20 A313 12.4m NGC 3995
22 58 16 -03 44 23 A314 13.7m MCG-01-58-009
09 20 04 +33 42 43 A315 11.9m NGC 2832
10 18 42 +21 51 29 A316 10.9m NGC 3193
11 19 11 +13 03 21 A317 9.3 m MESSIER 65
02 09 39 -10 06 35 A318 12.1m NGC 0835
22 36 18 +33 57 34 A319 12.6m NGC 7320
11 38 09 +21 56 20 A320 13.6m NGC 3753
09 39 08 -04 52 22 A321 13.8m MCG-01-25-009
11 32 56 +52 55 20 A322 15.0m UGC 06527
23 54 25 +00 23 40 A323 13.0m NGC 7783
16 02 31 +15 57 11 A324 14.2m UGC 10143A
22 06 41 -21 02 32 A325 16.1m ESO 601- G 018
13 37 33 +06 26 29 A326 15.4m UGC 08610
05 22 01 +06 41 17 A327 13.6m NGC 1875
14 48 10 +18 59 46 A328 15.8m UGC 09532
11 32 24 +70 46 21 A329 15.9m UGC 06514
16 49 14 +53 24 29 A330 I Zw 167
01 07 41 +32 25 36 A331 11.9m NGC 0383
03 08 24 -22 53 52 A332 13.2m NGC 1228
02 39 28 +10 51 17 A333 12.1m NGC 1024
13 30 39 +31 35 27 A334 13.6m UGC 08498
11 04 39 +04 47 23 A335 12.7m NGC 3509
08 55 58 +58 42 51 A336 11.2m NGC 2685
09 56 16 +69 38 34 A337 8.4 m MESSIER 82
10 11 14 -07 55 29 A338 0 Arp 338
