13 36 45 +07 20 29 NGC 5239 GALXY12.8
13 37 39 +08 51 29 NGC 5248 GALXY10.3
13 37 39 +07 37 29 UGC 8614 GALXY12.7
13 37 44 +27 23 29 NGC 5251 GALXY13.8
13 37 51 +15 56 29 NGC 5249 GALXY12.9
13 47 08 +16 15 30 NGC 5293 GALXY13.1
13 52 20 +16 57 32 NGC 5332 GALXY12.9
13 55 38 +17 45 32 UGC 8839 GALXY13.1
14 01 21 +07 41 33 NGC 5405 GALXY13.4
14 01 57 +09 28 34 NGC 5409 GALXY13.3
14 02 09 +08 55 34 NGC 5411 GALXY13.3
14 02 15 +09 55 34 NGC 5414 GALXY13.8
14 02 21 +08 01 34 NGC 5417 GALXY13.0
14 02 21 +09 25 34 NGC 5416 GALXY13.3
14 02 27 +07 40 34 NGC 5418 GALXY13.4
14 02 57 +09 19 34 NGC 5423 GALXY12.8
14 03 03 +09 18 34 NGC 5469 GALXY15.5
14 03 09 +09 24 34 NGC 5424 GALXY13.1
14 03 15 +09 21 34 NGC 5431 GALXY13.8
14 03 33 +09 25 34 NGC 5434A GALXY14.3
14 03 39 +09 27 34 NGC 5434B GALXY14.7
14 03 51 +09 33 34 NGC 5436 GALXY13.9
14 03 57 +09 35 34 NGC 5438 GALXY14.7
14 03 57 +09 29 34 NGC 5437 GALXY15.1
14 04 56 +14 21 34 NGC 5454 GALXY12.7
14 05 09 +11 51 34 NGC 5456 GALXY12.9
14 05 09 +13 06 34 NGC 5459 GALXY13.1
14 05 09 +08 47 34 UGC 8995 GALXY13.4
14 05 21 +09 35 34 NGC 5446 GALXY
14 05 43 +28 30 34 NGC 5466 GLOCL09.1
14 06 21 +09 20 35 NGC 5463A GALXY14.0
14 06 21 +09 20 35 NGC 5463B GALXY14.1
14 08 39 +08 54 35 NGC 5482 GALXY12.9
14 09 57 +08 03 35 NGC 5487 GALXY14.6
14 10 08 +17 33 35 NGC 5490A GALXY
14 10 14 +17 31 35 NGC 5490 GALXY12.1
14 10 14 +17 31 35 NGC 5490B GALXY
14 10 20 +17 35 36 NGC 5490C GALXY13.9
14 10 23 +48 31 36 NGC 5500 GALXY13.3
14 10 36 +38 51 36 NGC 5497 GALXY14.1
14 10 50 +19 35 36 NGC 5492 GALXY12.8
14 11 07 +35 52 36 NGC 5499 GALXY13.5
14 11 14 +25 40 36 NGC 5498 GALXY13.6
14 12 26 +15 49 36 NGC 5504B GALXY15.5
14 12 29 +50 20 36 NGC 5520 GALXY12.4
14 12 32 +15 48 36 NGC 5504A GALXY13.9
14 12 32 +15 50 36 NGC 5504C GALXY15.5
14 12 38 +24 37 36 NGC 5508 GALXY13.1
14 12 42 +39 16 36 NGC 5515 GALXY12.9
14 12 45 +13 16 36 NGC 5505 GALXY13.2
14 12 49 +30 49 36 NGC 5512 GALXY14.2
14 12 14 +24 37 36 NGC 5509 GALXY
14 13 13 +35 40 36 NGC 5517 GALXY13.8
14 13 15 +08 36 36 NGC 5511B GALXY15.5
14 13 21 +08 35 36 NGC 5511A GALXY15.0
14 13 26 +20 24 36 NGC 5513 GALXY12.6
14 13 51 +07 38 36 NGC 5514 GALXY12.7
14 14 08 +20 49 36 NGC 5518 GALXY15.0
14 14 33 +07 29 37 NGC 5519 GALXY13.1
14 14 43 +36 22 37 NGC 5524 GALXY15.3
14 15 02 +25 17 37 NGC 5523 GALXY12.1
14 15 02 +15 07 37 NGC 5522 GALXY13.5
14 15 37 +36 09 37 NGC 5527 GALXY16.0
14 15 50 +14 15 37 NGC 5525 GALXY12.8
14 15 55 +36 11 37 NGC 5529 GALXY11.9
14 16 15 +35 18 37 NGC 5533 GALXY11.8
14 16 27 +08 15 37 NGC 5528 GALXY14.8
14 16 30 +39 28 37 NGC 5536 GALXY13.5
14 16 36 +39 33 37 NGC 5541 GALXY12.8
14 16 57 +10 51 37 NGC 5531 GALXY14.7
14 17 03 +10 46 37 NGC 5532A GALXY13.3
14 17 03 +10 46 37 NGC 5532B GALXY16.0
14 17 07 +36 32 37 NGC 5544 GALXY13.2
14 17 13 +36 32 37 NGC 5545 GALXY14.0
14 17 51 +08 09 37 NGC 5535 GALXY15.4
14 17 51 +07 27 37 NGC 5538 GALXY15.4
14 17 51 +08 09 37 NGC 5539 GALXY15.5
14 18 03 +07 31 37 NGC 5542 GALXY15.0
14 18 08 +25 06 37 NGC 5548 GALXY12.6
14 18 15 +07 37 37 NGC 5543 GALXY15.3
14 18 21 +07 32 37 NGC 5546 GALXY12.3
14 18 31 +36 27 37 NGC 5557 GALXY11.0
14 18 39 +12 50 38 NGC 5550 GALXY13.1
14 18 38 +26 15 38 NGC 5553 GALXY14.1
14 19 20 +24 46 38 NGC 5559 GALXY14.0
14 19 31 +35 06 38 NGC 5567 GALXY15.0
14 19 37 +35 03 38 NGC 5568 GALXY15.7
14 19 39 +07 24 38 NGC 5570 GALXY
14 19 43 +36 06 38 NGC 5572 GALXY14.2
14 19 49 +35 07 38 NGC 5571 NONEX
14 20 03 +09 20 38 UGC 9169 GALXY13.0
14 20 21 +10 13 38 NGC 5562 GALXY13.5
14 20 43 +35 09 38 NGC 5579 GALXY13.6
14 20 43 +35 09 38 NGC 5580 GALXY14.5
14 20 54 +39 40 38 NGC 5582 GALXY11.6
14 21 20 +23 27 38 NGC 5581 GALXY15.1
14 21 43 +35 13 38 NGC 5589 GALXY13.3
14 21 43 +35 05 38 NGC 5588 2STAR
14 21 55 +35 09 38 NGC 5590 GALXY12.3
14 21 56 +13 11 38 NGC 5583 GALXY13.4
14 22 20 +13 08 38 NGC 5586 NONEX
14 22 26 +13 53 38 NGC 5587 GALXY12.5
14 22 29 +50 29 38 NGC 5602 GALXY12.7
14 22 36 +37 04 39 NGC 5596 GALXY13.4
14 22 42 +40 17 39 NGC 5598 GALXY13.0
14 22 50 +13 41 39 NGC 5591 GALXY14.5
14 23 06 +40 16 39 NGC 5601 GALXY15.6
14 23 12 +40 19 39 NGC 5603B GALXY15.0
14 23 18 +40 20 39 NGC 5603A GALXY14.0
14 23 25 +26 13 39 NGC 5594 GALXY15.0
14 23 30 +41 44 39 NGC 5608 GALXY13.4
14 24 02 +14 36 39 NGC 5600 GALXY12.1
14 24 07 +34 48 39 NGC 5609 GALXY
14 24 25 +34 49 39 NGC 5614 GALXY11.7
14 24 25 +32 59 39 NGC 5611 GALXY12.6
14 24 24 +36 24 39 NGC 5616 GALXY13.8
14 24 25 +34 50 39 NGC 5615 GALXY15.0
14 24 25 +34 51 39 NGC 5613 GALXY16.0
14 24 32 +24 34 39 NGC 5610 GALXY13.2
14 24 53 +44 28 39 UGC 9240 GALXY12.9
14 25 30 +39 30 39 UGC 9242 GALXY13.5
14 26 23 +48 31 39 NGC 5622 GALXY13.2
14 26 46 +51 34 40 NGC 5624 GALXY13.1
14 27 15 +08 39 40 UGC 9249 GALXY14.1
14 27 12 +39 55 40 NGC 5625 GALXY14.8
14 27 25 +33 12 40 NGC 5623 GALXY12.5
14 27 35 +46 06 40 NGC 5633 GALXY12.4
14 27 48 +41 13 40 NGC 5630 GALXY13.1
14 28 03 +08 13 40 NGC 5621 NONEX
14 28 31 +25 48 40 NGC 5629 GALXY12.1
14 28 32 +13 45 40 IC 1014 GALXY12.5
14 28 38 +17 53 40 NGC 5628 GALXY13.3
14 28 43 +27 22 40 NGC 5635 GALXY12.5
14 28 45 +11 20 40 NGC 5627 GALXY12.9
14 28 48 +38 58 40 UGC 9291 GALXY13.0
14 28 49 +30 22 40 NGC 5639B GALXY17.0
14 29 01 +30 22 40 NGC 5639A GALXY14.6
14 29 08 +23 09 40 NGC 5637 GALXY13.8
14 29 25 +29 59 40 NGC 5642 GALXY12.6
14 29 31 +28 47 40 NGC 5641 GALXY12.2
14 29 42 +35 24 40 NGC 5646 GALXY14.2
14 30 05 +49 35 40 NGC 5660 GALXY11.9
14 30 06 +36 19 40 NGC 5654 GALXY12.9
14 30 25 +31 10 41 NGC 5653 GALXY12.2
14 30 30 +35 16 41 NGC 5656 GALXY11.8
14 30 39 +11 53 41 NGC 5644 GALXY12.5
14 30 50 +13 59 41 NGC 5648 GALXY13.1
14 30 51 +11 50 41 NGC 5647 GALXY15.3
14 30 55 +29 08 41 NGC 5657 GALXY13.3
14 31 02 +13 55 41 NGC 5649 GALXY13.2
14 31 14 +13 57 41 NGC 5655 GALXY
14 31 19 +25 19 41 NGC 5659 GALXY13.9
14 31 46 +49 55 41 NGC 5673 GALXY12.1
14 32 39 +08 02 41 NGC 5665 GALXY12.0
14 32 48 +36 15 41 NGC 5675 GALXY12.7
14 32 57 +09 51 41 NGC 5669 GALXY11.3
14 32 55 +31 37 41 NGC 5672 GALXY13.5
14 32 59 +49 25 41 NGC 5676 GALXY11.2
14 33 21 +10 27 41 NGC 5666 GALXY12.8
14 34 25 +25 25 42 NGC 5677 GALXY13.7
14 34 59 +48 37 42 NGC 5682 GALXY14.1
14 35 04 +54 26 42 NGC 5687 GALXY11.8
14 35 05 +48 37 42 NGC 5683 GALXY14.8
14 35 41 +48 42 42 NGC 5689 GALXY11.9
14 35 57 +08 15 42 NGC 5681 GALXY14.3
14 36 00 +36 29 42 NGC 5684 GALXY12.7
14 36 12 +36 28 42 NGC 5686 GALXY15.2
14 36 25 +29 52 42 NGC 5685 GALXY13.3
14 36 23 +48 33 42 NGC 5693 GALXY13.5
14 36 48 +41 39 42 NGC 5697 GALXY13.7
14 37 12 +41 47 42 NGC 5696 GALXY13.0
14 37 17 +48 31 42 NGC 5700 GALXY15.2
14 37 24 +38 26 42 NGC 5698 GALXY13.0
14 37 30 +36 32 42 NGC 5695 GALXY12.8
14 37 34 +51 33 43 NGC 5707 GALXY12.5
14 38 06 +40 29 43 NGC 5704 NONEX
14 38 17 +46 39 43 NGC 5717 GALXY15.4
14 38 23 +46 37 43 NGC 5714 GALXY13.4
14 38 30 +40 26 43 NGC 5708 GALXY13.4
14 38 31 +29 28 43 NGC 5699 NONEX
14 38 34 +50 50 43 NGC 5720 GALXY13.4
14 38 43 +29 28 43 NGC 5703 NONEX
14 38 49 +30 27 43 NGC 5706 GALXY15.7
14 39 02 +20 29 43 NGC 5702 GALXY13.3
14 39 01 +30 25 43 NGC 5709 GALXY13.6
14 39 05 +46 39 43 NGC 5721 GALXY15.3
14 39 05 +46 39 43 NGC 5723 GALXY15.5
14 39 11 +46 38 43 NGC 5722 GALXY15.0
14 39 17 +46 42 43 NGC 5724 GALXY17.0
14 39 32 +20 01 43 NGC 5710 GALXY13.0
14 39 38 +19 58 43 NGC 5711 GALXY13.9
14 40 11 +42 44 43 NGC 5731 GALXY13.1
14 40 17 +42 46 43 NGC 5730 GALXY14.1
14 40 36 +33 58 43 NGC 5727 GALXY13.7
14 40 48 +38 37 43 NGC 5732 GALXY13.5
14 42 37 +28 42 44 NGC 5735 GALXY12.3
14 42 47 +41 49 44 NGC 5739 GALXY12.1
14 43 26 +18 51 44 NGC 5737 GALXY13.5
14 43 45 +11 11 44 NGC 5736 GALXY14.9
14 44 03 +53 23 44 NGC 5751 GALXY13.2
14 44 38 +12 07 44 NGC 5747 GALXY14.5
14 45 14 +21 53 45 NGC 5748 GALXY15.4
14 45 30 +38 41 45 NGC 5752 GALXY14.1
14 45 36 +38 45 45 NGC 5754 GALXY14.1
14 45 36 +38 41 45 NGC 5753 GALXY15.1
14 45 42 +38 44 45 NGC 5755 GALXY15.1
14 47 20 +13 38 45 NGC 5758 GALXY13.5
14 47 32 +13 26 45 NGC 5759 GALXY14.9
14 47 56 +18 29 45 NGC 5760 GALXY13.3
14 48 56 +12 26 46 NGC 5762 GALXY12.7
14 49 14 +12 27 46 NGC 5763 GALXY15.3
14 49 52 +47 21 46 NGC 5767 GALXY14.1
14 51 06 +35 33 46 UGC 9560 GALXY14.6
14 51 24 +35 31 46 UGC 9562 GALXY13.9
14 51 53 +40 34 47 NGC 5772 GALXY12.8
14 52 25 +29 49 47 NGC 5771 GALXY13.6
14 52 43 +29 46 47 NGC 5773 GALXY13.5
14 52 51 +07 54 47 NGC 5769 GALXY14.9
14 53 21 +52 01 47 NGC 5788 GALXY15.5
14 53 39 +52 03 47 NGC 5783 GALXY12.8
14 54 03 +52 07 47 NGC 5785 NONEX
14 54 23 +42 31 47 NGC 5784 GALXY12.4
14 54 37 +28 55 47 NGC 5780 GALXY14.0
14 54 44 +18 36 47 NGC 5778 GALXY13.8
14 55 14 +11 40 48 NGC 5782 GALXY15.1
14 55 23 +42 28 48 NGC 5787 GALXY13.1
14 55 52 +49 37 48 NGC 5804 GALXY13.1
14 55 52 +49 42 48 NGC 5794 GALXY13.4
14 56 04 +49 41 48 NGC 5805 GALXY
14 56 28 +49 40 48 NGC 5797 GALXY12.8
14 56 28 +49 21 48 NGC 5795 GALXY13.8
14 56 49 +30 11 48 NGC 5789 GALXY13.7
14 57 45 +08 15 48 NGC 5790 GALXY13.6
14 57 55 +29 56 48 NGC 5798 GALXY13.1
14 58 45 +53 51 49 NGC 5820 GALXY12.4
14 58 58 +49 47 49 NGC 5818 GALXY13.7
14 59 03 +53 53 49 NGC 5821A GALXY14.9
14 59 33 +53 52 49 NGC 5821B GALXY14.5
15 00 46 +49 57 49 NGC 5828A GALXY14.3
15 00 52 +49 57 49 NGC 5828B GALXY14.6
15 01 52 +47 50 50 NGC 5830 GALXY14.2
15 02 01 +25 56 50 NGC 5827 GALXY13.0
15 02 14 +18 40 50 NGC 5825 NONEX
15 02 28 +48 50 50 NGC 5835 GALXY14.4
15 03 55 +23 18 50 NGC 5829 GALXY13.4
15 04 31 +29 28 50 NGC 5840 NONEX
15 04 56 +12 36 51 NGC 5837 GALXY14.5
15 05 02 +21 02 51 NGC 5842 GALXY15.2
15 05 59 +39 29 51 NGC 5853 GALXY14.8
15 06 41 +42 36 51 NGC 5860 GALXY14.2
15 07 08 +12 50 51 NGC 5851 GALXY14.0
15 07 14 +12 49 51 NGC 5852 GALXY13.5
15 07 32 +18 24 51 NGC 5856 NONEX
15 07 38 +19 33 51 NGC 5857 GALXY13.1
15 07 44 +19 32 51 NGC 5859 GALXY12.4
15 08 02 +54 43 52 NGC 5874 GALXY12.4
15 08 45 +52 15 52 NGC 5875A GALXY14.0
15 09 15 +52 29 52 NGC 5875 GALXY12.4
15 09 38 +54 28 52 NGC 5876 GALXY12.7
15 12 53 +41 11 53 NGC 5886 GALXY15.1
15 13 11 +41 13 53 NGC 5888 GALXY13.4
15 13 17 +41 13 53 NGC 5889 GALXY15.5
15 13 18 +31 49 53 NGC 5884 NONEX
15 13 47 +41 55 53 NGC 5893 GALXY13.1
15 13 59 +41 57 54 NGC 5895 GALXY15.5
15 13 59 +41 57 54 NGC 5896 GALXY15.5
15 14 33 +50 19 54 NGC 5902 GALXY15.4
15 15 17 +42 10 54 NGC 5900 GALXY14.0
15 15 17 +42 10 54 NGC 5901 1STAR
15 15 41 +42 00 54 NGC 5899 GALXY11.7
15 18 53 +41 50 55 NGC 5914A GALXY15.0
15 18 53 +41 52 55 NGC 5914B GALXY17.0
15 19 28 +45 52 55 NGC 5918 GALXY13.2
15 21 23 +41 42 56 NGC 5923 GALXY13.1
15 21 23 +41 37 56 NGC 5922 NONEX
15 26 17 +41 39 58 NGC 5929 GALXY13.0
15 26 17 +41 39 58 NGC 5930 GALXY13.0
15 26 47 +40 32 58 UGC 9858 GALXY12.8
15 26 57 +48 35 58 NGC 5932 GALXY15.2
15 27 09 +48 35 58 NGC 5933 GALXY15.7
15 28 22 +42 53 58 NGC 5934 GALXY13.8
15 28 28 +42 54 58 NGC 5935 GALXY15.1
15 29 58 +42 53 59 NGC 5945 GALXY12.8
15 29 58 +42 45 59 NGC 5943 GALXY13.2
15 30 52 +42 41 59 NGC 5947 GALXY13.7
15 31 35 +40 24 59 NGC 5950 GALXY13.7
15 32 52 +46 26 00 UGC 9893 GALXY14.3
15 35 59 +39 46 01 NGC 5966 GALXY12.2
15 36 10 +43 28 01 IC 4562 GALXY12.6
15 44 35 +41 04 04 NGC 5992 GALXY13.7
15 44 41 +41 06 04 NGC 5993 GALXY13.1
