06 08 31 -52 30 04 NGC 2191 UVSOB
07 16 39 -62 21 33 NGC 2369 GALXY12.3
07 18 51 -62 55 34 NGC 2369A GALXY12.9
07 20 03 -63 05 34 NGC 2381 UVSOB
07 20 28 -62 03 34 NGC 2369B GALXY13.4
07 30 10 -62 15 38 NGC 2417 GALXY12.0
07 47 32 -51 16 45 PK264-12.1PLNNB
07 56 02 -52 17 49 NGC 2502 UVSOB
07 58 23 -60 52 49 NGC 2516 OPNCL03.8
08 29 36 -61 07 01 NGC 2609 OPNCL
08 37 32 -55 08 04 NGC 2640 UVSOB
08 53 37 -59 14 09 NGC 2714 UVSOB
09 03 46 -68 16 12 NGC 2788B GALXY13.7
09 07 09 -69 57 13 IC 2448 PLNNB11.5
09 09 04 -67 57 14 NGC 2788 GALXY12.3
09 12 06 -64 53 14 NGC 2808 GLOCL06.3
09 13 46 -69 21 15 NGC 2836 GALXY11.8
09 14 03 -69 39 15 NGC 2822 GALXY10.7
09 15 49 -63 05 16 NGC 2842 UVSOB
09 19 44 -59 13 17 PK278- 6.1PLNNB
09 20 44 -60 03 17 Ru 159 OPNCL
09 21 32 -58 20 17 NGC 2867 PLNNB09.7
09 23 31 -63 49 18 NGC 2887 UVSOB
09 31 03 -57 37 20 PK278- 4.1PLNNB12.4
09 38 57 -60 06 22 IC 2501 PLNNB11.3
09 43 40 -57 18 23 PK279- 3.1PLNNB10.4
09 49 20 -65 17 24 Ru 84 OPNCL
09 49 26 -62 42 24 NGC 3036 OPNCL
09 50 15 -73 56 25 NGC 3059 GALXY11.0
10 01 46 -59 29 27 Ru 86 OPNCL
10 02 52 -60 08 27 NGC 3114 OPNCL04.2
10 03 26 -67 28 27 NGC 3136A GALXY15.0
10 04 04 -60 46 28 PK283- 4.1PLNNB12.8
10 05 09 -61 38 28 Tr 11 OPNCL08.1
10 05 22 -58 58 28 RCW 47 BRTNB
10 05 56 -67 24 28 NGC 3136 GALXY10.7
10 06 28 -60 08 28 Hogg 5 OPNCL
10 06 34 -60 20 28 Tr 12 OPNCL08.8
10 06 40 -60 00 28 Hogg 6 OPNCL
10 07 33 -63 56 28 PK286- 6.1PLNNB
10 08 10 -61 13 28 Ru 161 OPNCL
10 09 27 -62 36 29 IC 2553 PLNNB13.0
10 11 26 -66 59 29 NGC 3136B GALXY11.7
10 12 05 -58 06 29 vdB-Ha 96OPNCL10.3
10 15 47 -58 52 30 PK283- 1.1PLNNB11.8
10 17 17 -57 56 30 NGC 3199 BRTNB
10 17 41 -57 48 30 vdB-Ha 91OPNCL
10 17 58 -62 41 30 NGC 3211 PLNNB11.8
10 19 52 -61 26 31 Ru 88 OPNCL
10 23 23 -60 34 31 PK285- 2.1PLNNB
10 23 59 -60 06 32 Tr 13 OPNCL11.3
10 24 05 -57 46 32 Westr 2 OPNCL10.5
10 26 05 -57 57 32 NGC 3247 OPNCL07.6
10 26 35 -57 10 32 RCW 50 BRTNB
10 26 41 -60 41 32 NGC 3255 OPNCL11.0
10 27 35 -57 39 32 IC 2581 OPNCL04.3
10 28 41 -59 04 32 PK285- 1.1PLNNB
10 29 41 -59 48 33 Hogg 7 OPNCL
10 30 41 -59 50 33 Cr 223 OPNCL09.4
10 31 11 -58 15 33 Ru 90 OPNCL
10 35 59 -58 15 34 NGC 3293 OPNCL04.7
10 35 59 -60 09 34 Bochum 9 OPNCL06.3
10 35 58 -64 20 34 PK288- 5.1PLNNB14.2
10 37 30 -58 39 34 NGC 3324 OPNCL06.7
10 38 05 -59 13 34 vdB-Ha 99OPNCL
10 42 17 -65 07 34 Mel 101 OPNCL 8
10 42 24 -59 10 34 Bochum 10 OPNCL06.2
10 43 12 -60 02 35 Cr 228 OPNCL04.4
10 43 23 -64 25 35 IC 2602 OPNCL01.9
10 44 00 -59 53 35 NGC 3372 BRTNB
10 44 06 -59 35 35 Tr 14 OPNCL05.5
10 44 29 -64 21 35 vdB-Ha 103OPNCL
10 44 41 -61 41 35 PK288- 2.1PLNNB14.6
10 45 00 -59 23 35 Tr 15 OPNCL 7
10 45 00 -59 35 35 Cr 232 OPNCL06.8
10 45 18 -59 44 35 Tr 16 OPNCL 5
10 45 30 -59 46 35 Cr 234 OPNCL07.5
10 46 30 -58 40 35 Gum 32 BRTNB
10 47 30 -60 07 35 Bochum 11 OPNCL07.9
10 47 54 -57 30 35 Ru 91 OPNCL
10 54 06 -61 45 36 Ru 92 OPNCL08.6
10 54 06 -62 16 36 Ru 162 OPNCL
10 54 12 -60 28 36 PK288- 0.1PLNNB
10 54 48 -59 11 36 PK288+ 0.1PLNNB12.4
10 56 12 -61 28 36 PK289- 1.1PLNNB
10 56 24 -59 14 36 Tr 17 OPNCL08.4
10 56 24 -60 28 36 PK289- 0.1BRTNB11.0
10 57 12 -61 03 36 Cr 236 OPNCL07.7
10 57 18 -61 32 36 Graham 1 OPNCL
10 57 36 -61 45 36 Bochum 12 OPNCL09.7
10 58 36 -59 04 37 Hogg 9 OPNCL10.6
11 00 00 -60 21 37 NGC 3496 OPNCL08.2
11 00 12 -60 23 37 Sher 1 OPNCL08.8
11 00 30 -65 16 37 IC 2621 PLNNB10.5
11 01 18 -59 50 37 Pismis 17 OPNCL09.4
11 01 30 -59 52 37 NGC 3503 BRTNB
11 04 07 -60 37 37 PK290- 0.1PLNNB12.6
11 04 12 -61 23 37 NGC 3519 NONEX
11 04 36 -61 23 37 Ru 93 OPNCL07.7
11 05 00 -66 37 37 Ru 163 OPNCL
11 06 13 -59 50 37 Fein 1 OPNCL04.7
11 06 30 -65 35 37 RCW 58 BRTNB
11 06 37 -58 41 37 NGC 3532 OPNCL 3
11 07 31 -61 05 38 vdB-Ha 110OPNCL
11 09 49 -62 42 38 vdB-Ha 111OPNCL
11 10 37 -60 15 38 NGC 3572 OPNCL06.6
11 10 55 -60 23 38 Hogg 10 OPNCL06.9
11 11 25 -60 18 38 Cr 240 OPNCL03.9
11 11 37 -60 41 38 Tr 18 OPNCL06.9
11 11 43 -60 23 38 Hogg 11 OPNCL08.1
11 12 01 -61 24 38 NGC 3576 BRTNB
11 12 07 -61 15 38 NGC 3579 BRTNB
11 12 19 -61 19 38 NGC 3581 BRTNB
11 12 31 -60 46 38 Hogg 12 OPNCL08.8
11 12 31 -61 17 38 NGC 3582 BRTNB
11 12 37 -61 13 38 NGC 3584 BRTNB
11 12 49 -61 22 38 NGC 3586 BRTNB
11 13 07 -60 48 38 NGC 3590 OPNCL08.2
11 13 19 -58 56 38 Stock 13 OPNCL 7
11 14 31 -57 36 38 Tr 19 OPNCL09.6
11 15 19 -61 16 38 NGC 3603 OPNCL09.1
11 16 43 -60 17 38 Hogg 13 OPNCL
11 18 00 -70 49 39 PK295- 9.1PLNNB
11 18 07 -62 43 39 IC 2714 OPNCL08.2
11 19 43 -63 31 39 Mel 105 OPNCL08.5
