00 09 36 -27 57 38 6.1,6.2 1.4 261 kappa-1 Scl
00 54 51 +19 12 55 6.2,6.9 0.51 194 66 Psc
00 55 14 +23 39 19 6.0,6.4 0.89 309 36 And
01 20 03 +00 32 04 6.3,7.0 1.6 16 42 Cet
01 36 19 +07 40 14 7.3,7.3 v 1.6 57 HD 9817
01 52 19 +10 50 04 7.8,7.8 3 204 HD 11386
01 53 48 +19 19 04 4.8,4.8 7.6 0 gamma Ari
01 59 36 +24 51 09 8.0,8.3 v 1.2 277 HD 12101
02 04 14 +42 21 20 5.5,6.3 0.47 105 gamma And BC
02 06 32 +25 07 55 8.0,8.5 v 1.9 161 HD 12824
02 34 22 -05 36 48 7.8,8.0 3.6 346 HD 15994
02 41 24 +18 49 16 7.7,8.0 3.3 119 HD 16694
02 59 10 +21 38 17 7.5,7.5 0.51 265 HD 18484
02 59 30 +21 21 35 5.2,5.5 1.4 209 epsilon Ari
03 34 45 +24 28 53 6.6,6.7 0.7 358 7 Tau
04 33 50 +18 01 37 7.0,7.1 3 277 HD 28867
05 10 38 +37 18 28 6.7,7.0 1.6 221 HD 33203
05 13 48 +01 58 26 6.9,7.1 0.6 238 HD 33883
05 54 40 +18 54 02 8.0,8.0 3 149 HD 39588
06 08 47 +13 58 14 7.4,8.0 2.5 109 HD 41943, in NGC 2169
06 23 07 +17 34 14 7.3,8.3 2.1 18 HD 44496
06 46 40 +59 26 10 5.4,6.0 1.8 74 12 Lyn
06 47 41 +18 11 15 6.8,7.0 0.32 218 HD 49059
06 48 37 +55 41 57 6.3,6.3 4.6 257 HD 48766/7
07 13 08 +27 12 59 7.2,7.2 1.1 314 HD 55130
07 20 46 +00 23 38 7.4,7.8 0.65 173 HD 57275
07 34 49 +12 17 38 8.4,9.1 1.7 99 HD 60355
07 40 03 +05 15 42 9.2,9.3 0.83 186 HD 61502
07 40 23 +05 13 12 6.6,6.9 0.9 169 HD 61563
07 52 58 +03 22 13 7.0,7.5 v 0.94 14 HD 64165
08 12 30 +17 37 59 5.6,6.0 0.84 83 zeta Cnc AB
08 54 33 +30 33 33 6.0,6.5 1.5 312 57 Cnc
08 55 45 -07 59 27 6.7,6.9 3.9 3 17 Hya
09 18 44 +35 20 32 6.4,6.7 1.8 49 HD 80024
09 21 18 +38 10 01 6.7,7.0 1 285 HD 80441
09 28 43 +09 02 05 5.9,6.5 0.52 74 omega Leo
09 52 45 -08 07 43 5.6,6.1 0.58 62 gamma Sex
09 55 27 +68 54 58 10.6,10. 6 8.9 273 BD+69 541
09 55 28 +68 52 40 9.5,9.5 2.1 111 HD 85458
10 16 32 +17 42 54 7.2,7.5 1.4 180 HD 88987
10 49 32 -04 02 59 7.0,7.8 2.3 15 40 Sex
11 04 14 +03 36 41 7.5,7.6 1.2 301 HD 95899
12 11 02 +39 51 50 7.3,8.0 0.34 185 HD 105824
12 30 49 +09 41 15 8.1,8.4 1.3 244 HD 108875
12 56 42 +00 55 41 7.2,7.6 v 0.97 98 HD 112398
13 20 57 +02 54 56 6.7,7.4 1.1 177 HD 115995
13 37 51 -07 53 49 7.5,7.5 2.7 40 81 Vir
13 55 14 -08 04 58 6.6,7.5 3.5 97 HD 121325
13 56 35 +05 15 56 8.4,8.9 1.03 111 HD 121605
14 14 08 +29 04 54 7.5,7.6 0.6 91 HD 124587
14 40 58 +16 23 49 4.9,5.8 5.5 110 pi Boo
14 41 23 +13 42 26 4.5,4.6 0.78 301 zeta Boo
14 49 51 +48 41 58 6.2,6.9 2.8 45 39 Boo
14 53 37 +15 41 05 6.9,7.5 1.2 167 HD 131473
15 18 33 +26 49 19 7.3,7.4 1.6 258 HD 136176
15 23 24 +30 16 15 5.6,5.9 0.73 65 eta CrB
15 42 58 +26 16 46 4.1,5.5 0.7 116 gamma CrB
16 13 32 +13 30 51 7.4,7.5 4.1 353 49 Ser
16 25 53 -23 27 28 5.3,6.0 3.1 339 rho Oph
16 29 06 +18 24 09 7.7,7.9 1.9 126 HD 148653
16 31 10 +01 58 22 4.2,5.2 1.4 26 lambda Oph
17 05 26 +54 27 48 5.7,5.7 2.2 23 mu Dra
17 10 40 -15 43 52 3.0,3.5 0.51 243 eta Oph
17 36 05 +00 59 37 7.5,7.5 3 78 HD 159660
17 52 12 +15 19 32 6.8,7.1 0.81 349 HD 162734
17 56 37 +18 19 34 7.0,7.0 2.6 292 HD 163640
18 03 21 -08 10 47 5.2,5.9 1.7 282 tau Oph
18 10 22 +16 28 40 6.4,7.3 1.2 221 HD 166479/80
18 35 42 +23 36 33 6.4,6.7 0.71 7 HD 171745
18 36 06 +16 58 46 6.9,7.1 1.7 157 HD 171746
18 44 30 +39 40 31 5.0,6.1 2.5 350 epsilon-1 Lyr
18 44 33 +39 37 07 5.2,5.5 2.3 84 epsilon-2 Lyr
18 45 43 +05 30 20 6.4,6.7 2.5 119 HD 173495
18 57 20 +26 06 13 8.0,8.3 0.7 73 HD 176005
19 16 09 +27 27 57 6.9,7.3 0.88 160 HD 180553
19 42 48 +11 50 19 5.7,6.6 0.41 77 khi Aql
19 48 56 +11 49 46 6.3,6.8 1.4 107 pi Aql
20 02 14 +24 57 09 5.7,6.0 0.82 122 16 Vul
20 10 48 +34 52 36 9.2,9.4 4.2 173 HD 191833
20 12 50 +00 52 55 6.9,7.2 2.7 206 HD 191984
20 47 37 +36 30 31 4.9,6.1 0.87 10 lambda Cyg
20 51 42 -05 36 28 6.4,7.4 0.94 20 4 Aqr
20 59 20 +04 18 53 6.0,6.4 0.81 285 epsilon Equ
21 02 28 +07 12 00 7.1,7.1 2.9 215 2 Equ
21 03 18 +01 33 06 6.7,7.3 1.3 119 HD 200375
21 11 14 +09 34 14 7.8,8.0 2.8 80 HD 201686
21 39 47 +00 04 28 7.1,7.7 0.53 273 24 Aqr
22 02 42 -16 56 27 7.1v,7. 2 3.8 246 29 Aqr = DX Aqr
22 07 22 +00 35 40 7.6,8.0 2.5 97 HD 209965
22 26 50 -16 42 58 6.2,6.4 1.7 6 53 Aqr
22 29 05 +00 02 44 4.3,4.5 1.9 188 zeta Aqr
22 43 17 +47 11 41 6.2,7.0 0.5 303 HD 215242
23 12 16 -11 54 22 7.2,7.2 3.5 278 HD 218928
23 34 12 +31 21 10 6.0,6.0 0.55 94 72 Peg
23 59 44 +33 45 04 6.5,6.7 2 328 HD 224635/6
