07 57 17 +14 22 11 UGC 4115 GALXY14.3
08 00 54 +22 23 10 NGC 2503 GALXY13.7
08 01 53 +15 42 09 NGC 2507 GALXY12.2
08 02 46 +09 24 09 NGC 2513 GALXY11.6
08 03 05 +15 48 09 NGC 2514 GALXY13.4
08 03 24 +23 23 09 NGC 2512 GALXY13.1
08 03 41 +20 11 09 NGC 2515 NONEX
08 06 00 +26 09 08 IC 492 GALXY
08 06 23 +17 42 08 NGC 2522 GALXY13.8
08 07 10 +08 00 07 NGC 2526 GALXY13.7
08 08 05 +17 49 07 NGC 2529 GALXY14.5
08 08 11 +17 48 07 NGC 2530 GALXY13.6
08 08 11 +17 49 07 NGC 2531 NONEX
08 11 30 +25 12 06 NGC 2535 GALXY12.8
08 11 36 +25 10 06 NGC 2536 GALXY14.1
08 13 06 +26 20 05 NGC 2540 GALXY13.5
08 14 30 +21 20 05 NGC 2545 GALXY12.4
08 17 59 +20 53 03 NGC 2553 GALXY13.8
08 18 12 +23 26 03 NGC 2554 GALXY12.0
08 19 29 +20 54 03 NGC 2556 GALXY14.4
08 19 36 +21 25 03 NGC 2557 GALXY13.2
08 19 41 +20 29 03 NGC 2558 GALXY12.9
08 20 06 +22 00 03 NGC 2565 GALXY12.6
08 20 11 +20 58 03 NGC 2560 GALXY13.3
08 20 41 +21 06 02 NGC 2562 GALXY12.9
08 20 53 +21 03 02 NGC 2563 GALXY12.2
08 21 41 +19 07 02 NGC 2572 GALXY13.8
08 21 47 +20 51 02 NGC 2569 GALXY14.3
08 21 47 +20 54 02 NGC 2570 GALXY14.5
08 23 00 +22 32 02 NGC 2577 GALXY12.4
08 23 06 +24 16 02 NGC 2575 GALXY12.7
08 23 12 +25 43 01 NGC 2576 GALXY14.3
08 24 47 +18 34 01 NGC 2581 GALXY13.3
08 25 35 +20 19 01 NGC 2582 GALXY13.0
08 27 05 +17 21 00 NGC 2593 GALXY13.9
08 27 24 +25 57 00 NGC 2592 GALXY12.3
08 27 36 +25 51 00 NGC 2594 GALXY15.0
08 27 41 +17 16 00 NGC 2596 GALXY13.5
08 27 59 +21 28 00 NGC 2595 GALXY12.3
08 30 17 +21 28 59 NGC 2597 NONEX
08 30 23 +21 27 59 NGC 2598 GALXY13.6
08 32 30 +22 32 58 NGC 2599 GALXY12.2
08 33 36 +29 31 58 NGC 2604A GALXY13.5
08 33 48 +29 28 58 NGC 2604B GALXY15.5
08 34 12 +26 57 58 NGC 2607 GALXY13.6
08 35 36 +28 27 57 NGC 2608 GALXY12.3
08 35 48 +25 00 57 NGC 2611 GALXY15.5
08 37 48 +24 55 56 NGC 2620 GALXY13.4
08 37 54 +28 41 56 NGC 2619 GALXY12.4
08 38 00 +24 58 56 NGC 2621 GALXY15.5
08 38 23 +19 42 56 NGC 2624 GALXY14.5
08 38 36 +24 53 56 NGC 2622 GALXY14.0
08 38 35 +19 41 56 NGC 2625 GALXY14.9
08 38 42 +25 44 56 NGC 2623 GALXY13.4
08 40 23 +19 57 56 NGC 2632 OPNCL03.1
08 40 48 +23 31 55 NGC 2628 GALXY13.3
08 41 23 +19 40 55 NGC 2637 GALXY
08 41 59 +19 41 55 NGC 2643 GALXY
08 42 53 +19 38 55 NGC 2647 GALXY15.0
08 42 59 +14 16 55 NGC 2648 GALXY11.8
08 44 16 +11 45 54 NGC 2651 GALXY15.5
08 44 30 +30 05 54 UGC 4559 GALXY13.2
08 45 40 +09 38 54 NGC 2657 GALXY13.0
08 46 16 +12 36 54 NGC 2661 GALXY12.8
08 47 05 +17 51 53 PK208+33.1PLNNB15.6
08 47 28 +12 34 53 NGC 2664 NONEX
08 48 35 +18 59 53 NGC 2667A GALXY15.0
08 48 41 +18 18 53 IC 2409 GALXY13.5
08 48 41 +19 00 53 NGC 2667B GALXY15.5
08 49 35 +19 02 53 NGC 2672 GALXY11.7
08 49 41 +19 02 52 NGC 2673 GALXY14.5
08 50 17 +18 58 52 NGC 2677 GALXY15.0
08 50 28 +11 18 52 NGC 2678 NONEX
08 50 40 +11 47 52 NGC 2682 OPNCL06.9
08 51 48 +30 50 52 NGC 2679 GALXY14.5
08 51 48 +30 50 52 NGC 2680 GALXY14.5
08 54 28 +08 53 51 PK219+31.1PLNNB12.2
08 57 35 +17 15 50 NGC 2711 GALXY13.6
08 59 28 +11 08 49 NGC 2720 GALXY12.8
09 01 22 +11 03 49 NGC 2725 GALXY13.4
09 02 04 +11 02 49 NGC 2728 GALXY13.6
09 02 22 +08 16 48 NGC 2731 GALXY13.5
09 02 35 +16 48 48 NGC 2730 GALXY13.0
09 02 54 +25 54 48 NGC 2735 GALXY13.3
09 03 17 +16 48 48 NGC 2734 GALXY
09 04 11 +21 56 48 NGC 2738 GALXY13.0
09 04 11 +21 52 48 NGC 2737 GALXY14.1
09 04 35 +18 14 48 NGC 2741 NONEX
09 04 53 +18 13 48 NGC 2745 GALXY15.5
09 04 59 +18 26 48 NGC 2744 GALXY13.5
09 05 18 +24 58 48 NGC 2743 GALXY13.7
09 05 35 +18 24 48 NGC 2747 GALXY15.5
09 05 41 +18 17 47 NGC 2749 GALXY11.8
09 05 47 +18 13 47 NGC 2751 GALXY15.0
09 06 00 +25 24 47 NGC 2750 GALXY11.9
09 05 59 +18 18 47 NGC 2752 GALXY13.7
09 07 30 +25 18 47 NGC 2753 GALXY14.4
09 07 47 +18 24 47 NGC 2761 GALXY15.0
09 08 35 +21 25 47 NGC 2764 GALXY12.9
09 09 06 +29 50 46 NGC 2766 GALXY13.6
09 09 52 +07 09 46 NGC 2773 GALXY14.0
09 10 34 +07 01 46 NGC 2775 GALXY10.1
09 10 52 +07 11 46 NGC 2777 GALXY13.3
09 10 53 +18 40 46 NGC 2774 GALXY15.0
09 13 48 +29 58 45 NGC 2783B GALXY15.0
09 13 54 +29 57 45 NGC 2783A GALXY14.0
09 14 16 +12 07 45 NGC 2786 NONEX
09 15 18 +29 42 45 NGC 2789 GALXY12.2
09 15 17 +19 41 45 NGC 2790 GALXY14.4
09 15 17 +17 34 45 NGC 2791 GALXY15.5
09 16 17 +17 34 44 NGC 2794 GALXY13.1
09 16 23 +17 36 44 NGC 2795 GALXY12.8
09 16 41 +17 42 44 NGC 2797 GALXY14.5
09 16 59 +19 54 44 NGC 2801 GALXY14.0
09 17 00 +30 53 44 NGC 2796 GALXY14.5
09 16 59 +18 56 44 NGC 2802 GALXY14.5
09 16 59 +18 56 44 NGC 2803 GALXY14.5
09 17 05 +20 10 44 NGC 2804 GALXY12.9
09 17 17 +20 01 44 NGC 2806 GALXY15.0
09 17 17 +20 00 44 NGC 2807 GALXY15.0
09 17 23 +20 02 44 NGC 2809 GALXY13.0
09 17 53 +19 53 44 NGC 2812 GALXY15.5
09 17 59 +19 52 44 NGC 2813 GALXY13.5
09 18 29 +16 11 44 NGC 2819 GALXY12.8
09 19 18 +26 15 44 NGC 2824 GALXY13.3
09 20 41 +18 55 43 NGC 2843 GALXY
