11 58 45 +27 31 20 NGC 4016 GALXY13.3
11 58 51 +16 09 20 NGC 4014 GALXY12.3
11 58 57 +25 18 20 NGC 4018 GALXY13.8
11 58 57 +25 01 20 NGC 4015 GALXY14.2
11 59 09 +27 27 20 NGC 4017 GALXY12.2
11 59 09 +14 11 20 NGC 4019 NONEX
11 59 15 +25 12 20 NGC 4022 GALXY13.0
11 59 15 +25 04 20 NGC 4021 GALXY15.3
11 59 21 +24 58 20 NGC 4023 GALXY13.6
12 00 09 +16 12 20 NGC 4028 NONEX
12 00 51 +20 03 20 NGC 4032 GALXY12.3
12 01 39 +13 23 20 NGC 4037 GALXY11.9
12 02 27 +17 48 20 NGC 4040 GALXY13.3
12 02 39 +20 07 20 NGC 4042 NONEX
12 03 09 +17 59 20 NGC 4048 GALXY13.6
12 03 15 +18 44 20 NGC 4049 GALXY13.3
12 03 27 +19 42 20 NGC 4053 GALXY14.6
12 03 57 +21 02 20 NGC 4055 NONEX
12 04 09 +21 17 20 NGC 4059 NONEX
12 04 15 +20 17 20 NGC 4056 GALXY
12 04 21 +20 12 20 NGC 4061 GALXY13.1
12 04 21 +20 19 20 NGC 4060 GALXY15.6
12 04 27 +18 25 20 NGC 4064 GALXY11.4
12 04 27 +20 12 20 NGC 4065 GALXY12.6
12 04 27 +20 20 20 NGC 4066 GALXY12.9
12 04 27 +20 24 20 NGC 4070 GALXY13.1
12 04 27 +20 18 20 NGC 4069 GALXY
12 04 33 +20 11 20 NGC 4072 GALXY15.6
12 04 51 +20 10 20 NGC 4076 GALXY13.4
12 04 51 +20 18 20 NGC 4074 GALXY15.4
12 05 15 +26 58 20 NGC 4080 GALXY13.8
12 05 33 +21 12 20 NGC 4084 GALXY14.4
12 05 33 +20 17 20 NGC 4057 GALXY
12 05 45 +20 13 20 NGC 4086 GALXY13.6
12 05 45 +20 17 20 NGC 4090 GALXY13.9
12 05 51 +20 32 20 NGC 4089 GALXY13.6
12 05 57 +20 32 20 NGC 4091 GALXY15.2
12 06 09 +20 28 20 NGC 4092 GALXY13.2
12 06 09 +20 31 20 NGC 4093 GALXY15.3
12 06 15 +20 33 20 NGC 4095 GALXY13.5
12 06 21 +20 35 20 NGC 4098 GALXY14.5
12 06 21 +20 37 20 NGC 4099 NONEX
12 06 27 +25 32 20 NGC 4101 GALXY13.5
12 06 57 +28 09 20 NGC 4104 GALXY12.1
12 07 21 +18 30 20 NGC 4110 GALXY13.7
12 07 27 +32 58 20 NGC 4122 GALXY15.0
12 07 27 +14 23 20 NGC 4115 NONEX
12 08 57 +16 07 20 NGC 4126 GALXY13.4
12 09 03 +29 17 20 NGC 4131 GALXY13.1
12 09 21 +29 13 20 NGC 4132 GALXY13.9
12 09 27 +29 09 20 NGC 4134 GALXY12.8
12 09 39 +29 54 20 NGC 4136 GALXY11.0
12 10 21 +18 31 20 NGC 4147 GLOCL10.3
12 10 39 +26 24 20 NGC 4146 GALXY12.7
12 10 51 +30 23 20 NGC 4150 GALXY11.6
12 10 51 +18 47 20 UGC 7170 GALXY14.3
12 10 57 +16 01 20 NGC 4152 GALXY12.2
12 11 03 +19 01 20 NGC 4155 GALXY13.3
12 11 03 +18 20 20 NGC 4153 NONEX
12 11 27 +20 09 20 NGC 4158 GALXY12.1
12 12 09 +24 06 20 NGC 4162 GALXY12.2
12 12 27 +17 44 20 NGC 4166 GALXY13.1
12 12 33 +29 09 20 NGC 4169 GALXY12.2
12 12 39 +29 10 20 NGC 4173 GALXY13.0
12 12 39 +29 11 20 NGC 4170 GALXY13.7
12 12 39 +29 10 20 NGC 4171 NONEX
12 12 45 +29 07 20 NGC 4174 GALXY13.3
12 12 51 +29 08 20 NGC 4175 GALXY13.2
12 13 39 +28 29 20 NGC 4185 GALXY12.1
12 13 39 +14 44 20 NGC 4192A GALXY17.0
12 14 03 +13 24 20 NGC 4189 GALXY11.7
12 14 09 +14 53 20 NGC 4192 GALXY10.1
12 14 21 +14 42 20 NGC 4192A GALXY17.0
12 14 27 +14 42 20 NGC 4186 GALXY13.8
12 14 45 +28 24 20 NGC 4196 GALXY12.8
12 15 21 +14 00 20 IC 3061 GALXY13.6
12 15 27 +33 11 20 NGC 4203 GALXY10.9
12 15 33 +20 38 20 NGC 4204 GALXY12.4
12 15 45 +13 53 20 NGC 4208 NONEX
12 15 45 +28 29 20 NGC 4209 NONEX
12 15 57 +13 53 20 NGC 4212 GALXY11.2
12 15 57 +23 57 20 NGC 4213 GALXY12.5
12 15 57 +28 09 20 NGC 4211 GALXY14.4
12 16 39 +13 17 20 NGC 4222 GALXY13.3
12 17 27 +15 18 20 NGC 4237 GALXY11.6
12 17 33 +16 30 20 NGC 4239 GALXY12.8
12 17 45 +22 30 20 UGC 7321 GALXY13.4
12 17 57 +29 35 20 NGC 4245 GALXY11.4
12 18 27 +28 09 20 NGC 4251 GALXY10.7
12 18 45 +29 47 20 NGC 4253 GALXY13.1
12 19 09 +14 24 20 NGC 4254 GALXY09.9
12 19 51 +14 51 20 NGC 4262 GALXY11.6
12 20 09 +29 35 20 NGC 4274 GALXY10.4
12 20 09 +30 19 20 NGC 4272 GALXY13.1
12 20 15 +27 36 20 NGC 4275 GALXY13.1
12 20 27 +29 16 20 NGC 4278 GALXY10.2
12 20 39 +29 17 20 NGC 4283 GALXY12.1
12 21 03 +29 19 20 NGC 4286 GALXY13.1
12 21 33 +18 22 20 NGC 4293 GALXY10.4
12 21 33 +28 08 20 NGC 4295 GALXY13.6
12 21 51 +14 35 20 NGC 4298 GALXY11.3
12 21 51 +15 43 20 IC 783 GALXY13.6
12 22 03 +14 35 20 NGC 4302 GALXY11.6
12 22 15 +30 02 20 NGC 4308 GALXY13.4
12 22 45 +29 11 20 NGC 4310 GALXY12.2
12 22 45 +29 11 20 NGC 4311 NONEX
12 22 51 +29 52 20 NGC 4314 GALXY10.6
12 22 51 +15 31 20 NGC 4312 GALXY11.7
12 22 51 +31 01 20 NGC 4317 1STAR
12 23 09 +15 52 20 NGC 4323 NONEX
12 23 15 +15 48 20 NGC 4321 GALXY09.4
12 23 21 +15 53 20 NGC 4322 GALXY13.9
12 23 21 +28 53 20 NGC 4338 GALXY14.6
12 23 27 +15 45 20 NGC 4327 NONEX
12 23 39 +15 47 20 NGC 4328 GALXY13.0
12 23 51 +19 25 20 NGC 4336 GALXY12.5
12 23 57 +16 42 20 NGC 4340 GALXY11.2
12 23 57 +17 31 20 NGC 4344 GALXY12.3
12 24 15 +16 40 20 NGC 4350 GALXY11.0
12 24 21 +31 30 20 NGC 4359 GALXY12.7
12 25 09 +28 32 20 NGC 4375 GALXY12.8
12 25 15 +25 58 20 Mel 111 OPNCL01.8
12 25 33 +15 35 20 NGC 4379 GALXY11.7
12 25 33 +14 44 20 NGC 4377 GALXY11.9
12 25 45 +18 10 20 NGC 4382 GALXY09.1
12 25 45 +16 27 20 NGC 4383 GALXY12.1
12 25 57 +27 32 20 NGC 4393 GALXY12.1
12 26 15 +18 11 20 NGC 4394 GALXY10.9
12 26 15 +18 17 20 NGC 4397 3STAR
12 26 21 +15 39 20 NGC 4396 GALXY12.6
12 26 27 +16 09 20 NGC 4405 GALXY12.0
12 26 27 +27 51 20 NGC 4408 GALXY13.8
12 26 39 +31 12 20 NGC 4414 GALXY10.1
12 27 15 +15 01 20 NGC 4419 GALXY11.2
12 27 21 +15 26 20 NGC 4421 GALXY11.6
12 27 21 +15 52 20 IC 3365 GALXY13.9
12 27 27 +27 49 20 NGC 4426 2STAR
12 27 27 +27 49 20 NGC 4427 2STAR
12 28 27 +28 36 21 NGC 4448 GALXY11.1
12 28 27 +13 53 21 NGC 4446 GALXY13.9
12 28 33 +13 52 21 NGC 4447 GALXY13.9
12 28 51 +17 04 21 NGC 4450 GALXY10.1
12 29 03 +22 48 21 NGC 4455 GALXY12.3
12 29 21 +13 57 21 NGC 4459 GALXY10.4
12 29 51 +14 02 21 NGC 4468 GALXY12.8
12 29 57 +27 14 21 NGC 4475 GALXY13.6
12 30 09 +13 24 21 NGC 4473 GALXY10.2
12 30 15 +14 03 21 NGC 4474 GALXY11.5
12 30 21 +13 37 21 NGC 4477 GALXY10.4
12 30 39 +13 33 21 NGC 4479 GALXY12.4
12 31 09 +16 44 21 NGC 4489 GALXY12.0
12 31 33 +25 45 21 NGC 4494 GALXY09.8
12 31 33 +29 07 21 NGC 4495 GALXY13.1
12 31 45 +14 49 21 IC 3453 GALXY15.0
12 31 57 +16 50 21 NGC 4498 GALXY12.2
12 32 03 +20 28 21 NGC 4529 GALXY15.0
12 32 21 +14 24 21 NGC 4501 GALXY09.6
12 32 21 +16 40 21 NGC 4502 GALXY13.9
12 32 27 +13 24 21 NGC 4506 GALXY12.7
12 32 45 +29 42 21 NGC 4514 GALXY13.2
12 32 57 +14 01 21 IC 3476 GALXY12.7
12 33 21 +16 14 21 NGC 4515 GALXY12.3
12 33 27 +14 33 21 NGC 4516 GALXY12.8
12 33 57 +30 16 21 NGC 4525 GALXY12.2
12 34 09 +15 09 21 NGC 4523 GALXY14.1
12 34 57 +18 11 21 NGC 4539 GALXY12.0
12 35 09 +15 32 21 NGC 4540 GALXY11.7
12 35 45 +14 28 21 NGC 4548 GALXY10.1
12 35 45 +25 50 21 NGC 4562 GALXY13.5
12 35 45 +25 50 21 NGC 4565A GALXY14.6
12 35 51 +26 30 21 NGC 4555 GALXY12.1
12 35 51 +26 11 21 NGC 4565B GALXY15.5
12 35 57 +26 54 21 NGC 4556 GALXY13.1
12 36 03 +26 59 21 NGC 4558 GALXY14.4
12 36 09 +27 56 21 NGC 4559 GALXY10.0
12 36 09 +26 57 21 NGC 4563 GALXY15.6
12 36 21 +26 55 21 NGC 4557 GALXY15.5
12 36 27 +19 18 21 NGC 4561 GALXY12.5
12 36 33 +25 58 21 NGC 4565 GALXY09.6
12 37 09 +27 50 21 NGC 4559A GALXY15.5
12 37 09 +27 44 21 NGC 4559B GALXY15.5
12 37 15 +14 12 21 NGC 4571 GALXY11.3
12 38 21 +28 55 21 NGC 4585 GALXY14.0
12 40 09 +15 16 21 NGC 4595 GALXY12.1
12 41 39 +26 00 21 NGC 4614 GALXY13.3
12 41 39 +26 03 21 NGC 4613 GALXY15.5
12 41 45 +26 02 21 NGC 4615 GALXY13.1
12 41 45 +13 42 21 NGC 4611 GALXY14.1
12 42 51 +19 55 22 NGC 4635 GALXY12.6
12 42 57 +14 20 22 NGC 4633 GALXY13.1
12 43 03 +14 16 22 NGC 4634 GALXY12.4
12 44 03 +16 22 22 NGC 4651 GALXY10.8
12 44 51 +13 29 22 NGC 4659 GALXY12.1
12 45 27 +27 06 22 NGC 4670 GALXY12.7
12 45 45 +27 02 22 NGC 4673 GALXY12.9
12 46 21 +30 42 22 NGC 4676A GALXY14.1
12 46 27 +30 42 22 NGC 4676B GALXY14.1
12 47 21 +19 26 22 NGC 4685 GALXY12.6
12 48 09 +13 44 22 NGC 4689 GALXY10.9
12 48 09 +27 12 22 NGC 4692 GALXY12.6
12 49 15 +27 09 22 NGC 4702 GALXY15.0
12 49 45 +15 08 22 NGC 4710 GALXY11.0
12 49 45 +25 27 22 NGC 4712 GALXY12.8
12 50 03 +27 47 22 NGC 4715 GALXY13.1
12 50 27 +27 18 22 NGC 4721 GALXY14.4
12 50 39 +25 31 22 NGC 4725 GALXY09.4
12 50 39 +27 24 22 NGC 4728 GALXY13.5
12 50 51 +27 23 22 NGC 4728A GALXY14.5
12 50 51 +27 27 22 NGC 4728B GALXY16.0
12 51 15 +28 54 22 NGC 4735 GALXY14.5
12 51 21 +28 46 22 NGC 4738 GALXY13.4
12 51 27 +27 24 22 NGC 4745B GALXY16.0
12 51 33 +27 24 22 NGC 4745A GALXY15.4
12 51 57 +25 45 22 NGC 4747 GALXY12.4
12 52 33 +13 27 22 NGC 4752 1STAR
12 52 51 +15 49 22 NGC 4758 GALXY13.1
12 54 21 +27 07 23 NGC 4789A GALXY13.6
12 54 21 +27 02 23 NGC 4787 GALXY14.4
12 54 27 +27 17 23 NGC 4788 GALXY14.3
12 54 33 +27 02 23 NGC 4789 GALXY12.1
12 54 51 +28 55 23 NGC 4793 GALXY11.6
12 55 03 +19 09 23 IC 3881 GALXY13.0
12 55 09 +27 23 23 NGC 4798 GALXY13.2
12 55 09 +27 19 23 NGC 4797 NONEX
12 55 39 +27 55 23 NGC 4805 GALXY
12 55 39 +27 31 23 NGC 4807B GALXY
12 55 45 +27 29 23 NGC 4807A GALXY14.4
12 56 27 +27 43 23 NGC 4816 GALXY12.8
12 56 27 +27 58 23 NGC 4817 NONEX
12 56 39 +26 57 23 NGC 4819 GALXY13.2
12 56 45 +26 56 23 NGC 4821 GALXY14.5
12 56 51 +27 29 23 NGC 4824 GALXY
12 56 57 +21 39 23 NGC 4826 GALXY08.5
12 56 57 +27 09 23 NGC 4827 GALXY12.9
12 56 57 +27 59 23 NGC 4828 GALXY14.2
12 57 39 +27 28 23 NGC 4839 GALXY12.1
12 57 39 +27 31 23 NGC 4842 GALXY14.9
12 57 44 +28 27 23 NGC 4841A GALXY12.8
12 57 45 +27 35 23 NGC 4840 GALXY13.7
12 57 50 +28 27 23 NGC 4841B GALXY12.6
12 58 14 +27 56 23 NGC 4850 GALXY14.2
12 58 20 +28 13 23 NGC 4848 GALXY13.7
12 58 27 +26 22 23 NGC 4849 GALXY12.9
12 58 32 +28 07 23 NGC 4851 GALXY15.5
12 58 33 +26 23 23 NGC 4849A GALXY16.0
12 58 50 +27 34 23 NGC 4853 GALXY13.6
12 59 02 +27 39 23 NGC 4854 GALXY13.9
12 59 15 +26 47 23 NGC 4859 GALXY13.6
12 59 14 +28 05 23 NGC 4858 GALXY15.2
12 59 20 +28 06 23 NGC 4860 GALXY13.5
12 59 26 +27 57 23 NGC 4864 GALXY13.6
12 59 32 +28 03 23 NGC 4865 GALXY13.7
12 59 32 +27 58 23 NGC 4867 GALXY14.5
12 59 38 +27 53 23 NGC 4869 GALXY13.8
12 59 38 +27 36 23 PK 49+88.1PLNNB16.0
12 59 44 +27 56 23 NGC 4871 GALXY14.1
12 59 44 +27 57 23 NGC 4873 GALXY14.1
12 59 50 +27 56 23 NGC 4874 GALXY11.7
12 59 50 +27 55 23 NGC 4872 GALXY14.4
12 59 50 +27 53 23 NGC 4876 GALXY14.4
12 59 50 +27 53 23 NGC 4875 GALXY14.6
13 00 02 +27 57 23 Abell 1656GALCL11.0
13 00 08 +28 13 23 NGC 4881 GALXY13.6
13 00 08 +28 00 23 NGC 4883 GALXY14.4
13 00 08 +27 57 23 NGC 4882 GALXY15.5
13 00 14 +26 52 23 NGC 4892 GALXY13.9
13 00 14 +27 57 23 NGC 4884 NONEX
13 00 20 +27 57 23 NGC 4889 GALXY11.5
13 00 20 +27 57 23 NGC 4886 GALXY13.9
13 00 26 +28 10 23 NGC 4895 GALXY13.2
13 00 32 +27 55 23 NGC 4898 GALXY13.5
13 00 32 +27 56 23 NGC 4894 GALXY15.2
13 00 44 +28 19 23 NGC 4896 GALXY13.9
13 00 56 +27 54 23 NGC 4906 GALXY14.1
13 01 02 +27 58 23 IC 4051 GALXY13.2
13 01 02 +28 08 23 NGC 4907 GALXY13.6
13 01 02 +28 01 23 NGC 4908 GALXY13.6
13 01 08 +27 45 23 NGC 4911 GALXY12.8
13 01 14 +27 46 23 NGC 4911A GALXY15.5
13 01 32 +27 46 23 NGC 4919 GALXY14.1
13 01 38 +27 51 23 NGC 4921 GALXY12.2
13 01 38 +29 17 23 NGC 4922 GALXY14.2
13 01 44 +27 48 23 NGC 4923 GALXY13.7
13 02 08 +27 36 23 NGC 4926 GALXY13.0
13 02 14 +27 58 23 NGC 4927 GALXY13.7
13 02 20 +27 37 23 NGC 4926A GALXY14.2
13 02 56 +28 00 24 NGC 4929 GALXY13.4
13 03 14 +28 00 24 NGC 4931 GALXY13.5
13 03 33 +14 21 24 NGC 4935 GALXY13.0
13 03 32 +27 59 24 NGC 4934 GALXY14.4
13 04 02 +28 09 24 NGC 4944 GALXY12.9
13 04 02 +28 03 24 NGC 4943 GALXY15.6
13 04 26 +29 00 24 NGC 4949 GALXY
13 05 14 +29 06 24 NGC 4952 GALXY12.4
13 05 26 +27 32 24 NGC 4957 GALXY13.0
13 06 02 +27 42 24 NGC 4961 GALXY13.6
13 06 02 +27 31 24 NGC 4960 GALXY
13 06 08 +29 02 24 NGC 4962 NONEX
13 06 32 +29 02 24 NGC 4966 GALXY13.3
13 07 08 +28 30 24 NGC 4971 GALXY13.4
13 07 50 +24 47 24 NGC 4979 GALXY13.8
13 08 03 +18 23 24 NGC 4978 GALXY13.1
13 08 38 +28 17 24 NGC 4983 GALXY13.9
13 10 02 +28 52 24 NGC 5000 GALXY13.2
13 11 02 +29 42 25 NGC 5004B GALXY15.5
13 11 14 +29 33 25 NGC 5004C GALXY15.5
13 11 20 +29 36 25 NGC 5004A GALXY13.7
13 11 32 +25 21 25 NGC 5008 NONEX
13 11 51 +22 53 25 NGC 5012 GALXY12.2
13 12 20 +24 04 25 NGC 5016 GALXY12.8
13 12 50 +22 48 25 UGC 8290 GALXY13.7
13 13 09 +18 08 25 NGC 5024 GLOCL07.7
13 13 38 +27 46 25 NGC 5032A GALXY13.6
13 13 38 +27 44 25 NGC 5032B GALXY15.5
13 14 50 +30 40 25 NGC 5041 GALXY13.4
13 15 50 +29 37 25 NGC 5052 GALXY13.2
13 16 26 +30 54 25 NGC 5056 GALXY13.1
13 16 39 +17 40 25 NGC 5053 GLOCL09.8
13 16 44 +30 59 25 NGC 5057 GALXY13.0
13 17 50 +31 02 25 NGC 5065 GALXY13.6
13 19 26 +28 28 26 NGC 5081 GALXY13.0
13 19 56 +30 13 26 NGC 5089 GALXY13.0
13 20 08 +22 58 26 NGC 5092 GALXY13.3
13 23 14 +26 57 26 NGC 5116 GALXY12.7
13 26 51 +16 50 27 NGC 5151 GALXY14.9
13 27 57 +17 44 27 NGC 5158 GALXY12.8
13 29 33 +17 01 27 NGC 5172 GALXY11.9
13 29 39 +16 47 27 NGC 5180 GALXY13.0
13 30 51 +18 06 28 NGC 5190 GALXY13.2
13 31 14 +19 25 28 UGC 8507 GALXY13.9
13 34 21 +17 49 28 NGC 5217 GALXY12.6
