11 57 33 -62 40 40 Ru 97 OPNCL09.1
11 58 15 -64 30 40 Ru 98 OPNCL 7
12 02 09 -63 13 40 NGC 4052 OPNCL08.8
12 03 16 -62 46 40 Ru 99 OPNCL
12 05 58 -62 02 40 Ru 100 OPNCL
12 06 58 -61 16 40 NGC 4103 OPNCL07.4
12 07 10 -59 31 40 Stock 15 OPNCL
12 08 40 -64 13 40 PK298- 1.2PLNNB12.4
12 09 16 -63 17 40 PK298- 0.1BRTNB11.0
12 09 16 -61 42 40 Ru 101 OPNCL
12 09 28 -58 44 40 PK297+ 3.1PLNNB
12 13 28 -61 57 40 Ru 102 OPNCL
12 13 52 -62 43 40 NGC 4184 NONEX
12 16 16 -58 10 40 Ru 103 OPNCL
12 23 17 -64 03 40 PK299- 1.1PLNNB13.6
12 24 05 -60 15 40 PK299+ 2.1PLNNB12.7
12 24 10 -58 09 40 NGC 4337 OPNCL08.9
12 24 47 -61 55 40 NGC 4349 OPNCL07.4
12 25 23 -60 08 40 Ru 104 OPNCL
12 27 17 -63 08 40 vdB-Ha 131OPNCL
12 27 41 -62 29 39 vdB-Ha 132OPNCL
12 27 47 -59 48 39 vdB-Ha 133OPNCL
12 28 41 -60 07 39 NGC 4439 OPNCL08.4
12 28 53 -59 50 39 Hogg 14 OPNCL09.5
12 28 59 -62 07 39 PK300+ 0.1PLNNB12.9
12 28 59 -56 29 39 Ru 165 OPNCL
12 29 05 -63 45 39 PK300- 0.1PLNNB11.7
12 29 17 -60 47 39 Harvard 5OPNCL07.1
12 29 47 -59 38 39 Hogg 23 OPNCL
12 30 29 -63 54 39 PK300- 1.1PLNNB13.8
12 30 41 -64 53 39 PK300- 2.1PLNNB
12 34 23 -61 35 39 Ru 105 OPNCL
12 39 59 -60 37 39 Tr 20 OPNCL10.1
12 42 36 -62 59 39 NGC 4609 OPNCL06.9
12 43 54 -63 07 38 Hogg 15 OPNCL10.3
12 53 18 -63 01 38 Coalsack DRKNB
12 53 54 -60 21 37 NGC 4755 OPNCL04.2
