12 07 09 +42 58 20 NGC 4109 GALXY13.9
12 07 21 +43 03 20 NGC 4111 GALXY10.7
12 07 27 +33 58 20 NGC 4113 NONEX
12 08 03 +43 06 20 NGC 4117 GALXY13.0
12 08 09 +43 05 20 NGC 4118 GALXY14.6
12 08 57 +36 46 20 UGC 7125 GALXY13.7
12 09 27 +43 59 20 NGC 4135 GALXY13.9
12 09 39 +44 04 20 NGC 4137 GALXY14.1
12 09 51 +43 40 20 NGC 4138 GALXY11.3
12 09 57 +42 31 20 NGC 4143 GALXY10.6
12 10 21 +39 52 20 NGC 4145 GALXY11.3
12 10 27 +35 51 20 NGC 4148 GALXY13.3
12 10 51 +39 23 20 NGC 4151 GALXY10.8
12 11 09 +39 27 20 NGC 4156 GALXY13.2
12 11 09 +39 43 20 UGC 7175 GALXY14.5
12 11 09 +39 43 20 NGC 4145A GALXY15.5
12 11 51 +43 43 20 NGC 4160 NONEX
12 12 27 +36 09 20 NGC 4163 GALXY14.0
12 12 27 +36 29 20 NGC 4167 NONEX
12 13 09 +52 14 20 UGC 7218 GALXY14.3
12 13 39 +43 41 20 NGC 4183 GALXY12.3
12 13 39 +50 43 20 NGC 4187B GALXY13.5
12 13 39 +50 44 20 NGC 4181 GALXY14.5
12 13 39 +50 42 20 NGC 4187A GALXY14.5
12 14 03 +36 37 20 NGC 4190 GALXY13.3
12 15 15 +35 55 20 UGC 7257 GALXY13.6
12 15 39 +51 20 20 UGC 7267 GALXY14.4
12 15 45 +43 23 20 UGC 7271 GALXY14.4
12 15 57 +36 18 20 NGC 4214 GALXY09.8
12 15 57 +48 07 20 NGC 4218 GALXY12.5
12 16 03 +47 04 20 NGC 4217 GALXY11.2
12 16 21 +47 52 20 NGC 4220 GALXY11.4
12 16 33 +47 00 20 NGC 4226 GALXY13.5
12 16 51 +33 30 20 NGC 4227 GALXY12.7
12 16 51 +36 18 20 NGC 4228 NONEX
12 16 57 +33 32 20 NGC 4229 GALXY13.2
12 16 57 +47 26 20 NGC 4231 GALXY13.3
12 16 57 +47 25 20 NGC 4232 GALXY13.6
12 17 39 +45 36 20 NGC 4242 GALXY10.8
12 17 45 +37 47 20 NGC 4244 GALXY10.4
12 18 03 +47 23 20 NGC 4248 GALXY12.5
12 19 09 +47 17 20 NGC 4258 GALXY08.4
12 20 51 +46 16 20 NGC 4288 GALXY12.9
12 20 51 +46 13 20 NGC 4288A GALXY15.0
12 21 33 +45 47 20 UGC 7408 GALXY13.1
12 23 39 +46 58 20 NGC 4346 GALXY11.1
12 24 15 +48 45 20 NGC 4357 GALXY12.4
12 24 45 +39 22 20 NGC 4369 GALXY11.7
12 25 21 +48 48 20 NGC 4381 NONEX
12 25 27 +45 50 20 NGC 4392 GALXY14.6
12 25 45 +45 40 20 NGC 4389 GALXY11.7
12 25 57 +33 31 20 NGC 4395 GALXY10.2
12 26 09 +33 32 20 NGC 4399 NONEX
12 26 09 +33 32 20 NGC 4400 NONEX
12 26 09 +33 29 20 NGC 4401 NONEX
12 27 51 +43 27 21 UGC 7577 GALXY12.3
12 28 27 +44 04 21 NGC 4449 GALXY09.6
12 28 45 +37 11 21 UGC 7599 GALXY12.3
12 28 57 +44 50 21 NGC 4460 GALXY11.3
12 28 57 +43 11 21 UGC 7608 GALXY13.3
12 28 57 +35 41 21 UGC 7605 GALXY14.5
12 30 08 +47 29 21 UGC 7639 GALXY13.8
12 30 45 +41 41 21 NGC 4485 GALXY11.9
12 30 51 +41 37 21 NGC 4490 GALXY09.8
12 32 39 +42 40 21 UGC 7690 GALXY12.6
12 33 03 +37 35 21 UGC 7699 GALXY12.5
12 33 09 +31 30 21 UGC 7698 GALXY12.6
12 33 09 +32 07 21 NGC 4509 GALXY13.5
12 34 03 +41 19 21 NGC 4530 NONEX
12 34 15 +35 30 21 NGC 4534 GALXY12.3
12 35 02 +50 48 21 NGC 4542 GALXY15.5
12 35 15 +36 16 21 Upgren 1 OPNCL
12 35 26 +50 48 21 NGC 4537 GALXY16.0
12 36 32 +39 58 21 UGC 7774 GALXY14.2
12 38 15 +33 26 21 NGC 4583 GALXY14.7
12 41 26 +50 24 21 NGC 4617 GALXY13.2
12 41 44 +41 08 21 NGC 4618 GALXY10.8
12 41 57 +35 02 21 NGC 4619 GALXY12.7
12 42 08 +41 15 21 NGC 4625 GALXY12.4
12 42 15 +32 33 21 NGC 4627 GALXY12.4
12 42 21 +32 31 21 NGC 4631 GALXY09.2
12 42 20 +38 28 21 IC 3687 GALXY13.4
12 43 50 +41 00 22 NGC 4655 GALXY15.3
12 44 09 +32 09 22 NGC 4656 GALXY10.5
12 44 21 +32 11 22 NGC 4657 GALXY10.6
12 44 44 +37 05 22 NGC 4662 GALXY12.7
12 47 38 +35 20 22 NGC 4687 GALXY13.2
12 48 32 +51 09 22 NGC 4707 GALXY12.9
12 49 02 +41 54 22 NGC 4704 GALXY13.7
12 49 08 +35 19 22 NGC 4711 GALXY13.4
12 50 20 +33 07 22 NGC 4719 GALXY13.2
12 51 08 +41 06 22 NGC 4736 GALXY08.2
12 51 08 +47 38 22 NGC 4741 GALXY13.7
12 51 08 +34 07 22 NGC 4737 GALXY15.3
12 53 26 +36 47 22 NGC 4774 GALXY14.3
12 54 44 +46 30 23 NGC 4800 GALXY11.5
12 56 37 +52 16 23 NGC 4834 GALXY15.5
12 57 02 +48 16 23 NGC 4837 GALXY14.4
12 58 08 +36 20 23 NGC 4846 GALXY13.5
12 59 20 +34 50 23 NGC 4861 GALXY12.3
12 59 26 +37 17 23 NGC 4868 GALXY12.2
12 59 32 +36 58 23 NGC 4870 GALXY
13 00 08 +47 10 23 NGC 4901 GALXY15.5
13 00 20 +37 09 23 NGC 4893 GALXY15.6
13 00 20 +37 09 23 NGC 4893A GALXY
13 00 56 +37 20 23 NGC 4916 GALXY
13 01 02 +37 17 23 NGC 4914 GALXY11.6
13 01 02 +37 21 23 NGC 4912 NONEX
13 01 02 +37 19 23 NGC 4913 NONEX
13 01 07 +47 12 23 NGC 4917 GALXY13.8
13 02 49 +50 25 24 NGC 4932 GALXY13.6
13 03 13 +51 18 24 NGC 4938 GALXY14.1
13 05 20 +35 09 24 NGC 4956 GALXY12.4
13 05 56 +33 09 24 NGC 4959 GALXY15.4
13 06 02 +37 34 24 IC 4182 GALXY12.5
13 06 02 +41 41 24 NGC 4963 GALXY13.2
13 08 13 +51 54 24 NGC 4987 GALXY13.4
13 08 20 +41 39 24 NGC 4985 GALXY13.7
13 08 25 +50 38 24 NGC 4998 GALXY15.2
13 08 38 +35 10 24 NGC 4986 GALXY13.2
13 08 49 +43 42 24 NGC 5003 GALXY15.5
13 10 14 +34 09 24 UGC 8246 GALXY13.9
13 10 56 +36 35 25 NGC 5002 GALXY13.9
13 11 01 +50 03 25 NGC 5009 GALXY14.5
13 11 14 +37 01 25 NGC 5005 GALXY09.8
13 11 50 +36 15 25 NGC 5014 GALXY12.9
13 12 20 +35 38 25 IC 4213 GALXY13.3
13 12 19 +46 10 25 NGC 5021 GALXY13.4
13 12 25 +44 00 25 NGC 5023 GALXY12.3
13 12 49 +47 02 25 NGC 5029 GALXY13.1
13 13 02 +31 46 25 NGC 5025 GALXY13.4
13 13 32 +36 11 25 UGC 8303 GALXY13.1
13 13 44 +36 34 25 NGC 5033 GALXY10.2
13 13 49 +51 14 25 NGC 5040 GALXY15.1
13 14 01 +42 10 25 UGC 8313 GALXY14.0
13 14 37 +45 53 25 UGC 8320 GALXY12.4
13 15 02 +24 51 25 UGC 8323 GALXY13.8
13 15 43 +47 28 25 UGC 8331 GALXY14.2
13 16 01 +42 00 25 NGC 5055 GALXY08.6
13 18 44 +31 26 26 NGC 5074 GALXY14.0
13 19 14 +39 34 26 NGC 5083 GALXY14.2
13 19 49 +40 21 26 NGC 5093 GALXY13.7
13 20 26 +33 03 26 NGC 5096 GALXY15.1
13 20 38 +33 06 26 NGC 5098 GALXY15.0
13 20 43 +43 02 26 NGC 5103 GALXY12.6
13 21 38 +38 30 26 NGC 5107 GALXY13.2
13 22 08 +38 42 26 NGC 5112 GALXY12.1
13 23 14 +28 17 26 NGC 5117 GALXY13.2
13 23 25 +43 02 26 NGC 5123 GALXY12.8
13 24 02 +31 32 26 NGC 5127 GALXY11.9
13 24 14 +30 57 26 NGC 5131 GALXY13.5
13 25 02 +36 20 27 NGC 5141 GALXY12.8
13 25 14 +36 22 27 NGC 5142 GALXY13.3
13 25 14 +36 24 27 NGC 5143 GALXY15.5
13 25 25 +43 13 27 NGC 5145 GALXY12.3
13 26 20 +35 54 27 NGC 5149 GALXY12.9
13 26 38 +35 58 27 NGC 5154 GALXY13.8
13 27 38 +31 59 27 NGC 5157 GALXY13.3
13 28 31 +46 38 27 NGC 5169 GALXY13.5
13 28 32 +31 59 27 NGC 5166A GALXY14.3
13 28 43 +46 33 27 NGC 5173 GALXY12.1
13 28 50 +32 01 27 NGC 5166B GALXY15.5
13 29 55 +45 22 27 UGC 8489 GALXY14.9
13 30 08 +31 05 27 NGC 5187 GALXY13.4
13 30 13 +47 09 27 NGC 5194 GALXY08.4
13 30 19 +47 14 27 NGC 5195 GALXY09.6
13 30 31 +46 38 27 NGC 5198 GALXY11.8
13 30 50 +34 47 28 NGC 5199 GALXY15.1
13 33 01 +41 50 28 NGC 5214 GALXY13.6
13 33 30 +51 28 28 NGC 5225 GALXY13.5
13 34 12 +47 52 28 NGC 5229 GALXY13.7
13 34 32 +34 39 28 NGC 5223 GALXY13.0
13 34 44 +34 44 28 NGC 5228 GALXY13.3
13 34 54 +51 35 28 NGC 5238 GALXY13.4
13 35 20 +34 38 28 NGC 5233 GALXY13.9
13 36 07 +35 32 28 NGC 5240 GALXY13.1
13 36 25 +38 18 28 NGC 5243 GALXY13.1
13 36 31 +46 11 29 UGC 8597 GALXY13.8
13 39 32 +30 57 29 NGC 5259 GALXY15.2
13 40 14 +28 22 29 NGC 5263 GALXY13.3
13 40 19 +36 49 29 NGC 5265 GALXY14.9
13 40 49 +38 44 29 NGC 5267 GALXY13.5
13 41 50 +30 05 29 NGC 5271 GALXY14.0
13 42 19 +35 36 30 NGC 5273 GALXY11.6
13 42 26 +28 21 30 NGC 5272 GLOCL06.4
13 42 32 +29 47 30 NGC 5275 GALXY14.2
13 42 32 +29 48 30 NGC 5274 GALXY15.7
13 42 37 +35 35 30 NGC 5276 GALXY13.8
13 42 50 +29 55 30 NGC 5277 GALXY14.4
13 43 02 +29 49 30 NGC 5280 GALXY13.6
13 43 32 +30 02 30 NGC 5282 GALXY13.2
13 45 08 +29 46 30 NGC 5287 GALXY16.0
13 45 25 +41 28 30 NGC 5289 GALXY13.0
13 45 37 +41 41 30 NGC 5290 GALXY12.5
13 46 25 +43 50 30 NGC 5296 GALXY14.4
13 46 31 +43 51 30 NGC 5297 GALXY11.8
13 46 36 +46 05 30 NGC 5301 GALXY12.7
13 47 55 +38 13 31 NGC 5303B GALXY15.5
13 48 01 +38 17 31 NGC 5303A GALXY12.9
13 48 07 +37 48 31 NGC 5305 GALXY13.6
13 48 48 +43 22 31 UGC 8733 GALXY13.4
13 49 13 +39 58 31 NGC 5311 GALXY12.3
13 50 01 +39 58 31 NGC 5313 GALXY12.0
13 50 01 +33 36 31 NGC 5312 GALXY14.8
13 50 37 +41 21 31 NGC 5320 GALXY12.1
13 50 43 +33 41 31 NGC 5318A GALXY13.5
13 50 43 +33 41 31 NGC 5319 GALXY15.0
13 50 43 +33 41 31 NGC 5318B GALXY
13 50 55 +33 37 31 NGC 5321 GALXY15.3
13 51 01 +38 14 31 NGC 5325B GALXY16.0
13 51 07 +39 33 31 NGC 5326 GALXY11.9
13 51 13 +38 15 31 NGC 5325A GALXY15.1
13 52 18 +43 13 32 NGC 5336 GALXY12.8
13 52 43 +39 40 32 NGC 5337 GALXY12.5
13 52 49 +37 48 32 NGC 5341 GALXY13.2
13 53 25 +39 33 32 NGC 5346 GALXY13.8
13 53 25 +37 52 32 NGC 5349 GALXY14.1
13 53 31 +33 28 32 NGC 5347 GALXY12.6
13 53 43 +40 16 32 NGC 5353 GALXY11.0
13 53 43 +40 20 32 NGC 5350 GALXY11.3
13 53 43 +40 17 32 NGC 5354 GALXY11.4
13 53 43 +37 54 32 NGC 5351 GALXY12.1
13 53 49 +36 07 32 NGC 5352 GALXY13.0
13 54 01 +40 19 32 NGC 5355 GALXY13.1
13 54 19 +40 15 32 NGC 5358 GALXY13.6
13 54 55 +38 25 32 NGC 5361 GALXY13.8
13 55 01 +41 18 32 NGC 5362 GALXY12.3
13 55 55 +40 26 32 NGC 5371 GALXY10.6
13 56 30 +47 13 32 NGC 5377 GALXY11.3
13 56 56 +29 09 33 NGC 5375 GALXY11.5
13 57 07 +37 47 33 NGC 5378 GALXY12.5
13 57 12 +41 50 33 NGC 5383 GALXY11.4
13 57 13 +37 35 33 NGC 5380 GALXY12.3
13 57 12 +46 15 33 NGC 5391 GALXY16.0
13 57 31 +40 24 33 NGC 5390 NONEX
13 58 49 +37 26 33 NGC 5394 GALXY13.0
13 58 55 +37 24 33 NGC 5395 GALXY11.4
13 59 14 +29 05 33 NGC 5396 NONEX
13 59 43 +34 45 33 NGC 5399 GALXY13.8
13 59 55 +36 13 33 NGC 5401 GALXY13.7
14 00 07 +38 09 33 NGC 5403 GALXY13.6
14 00 13 +38 11 33 NGC 5403A GALXY15.0
14 00 37 +38 53 33 NGC 5406 GALXY12.3
14 00 54 +40 58 33 NGC 5410 GALXY13.0
14 01 07 +39 07 33 NGC 5407 GALXY13.1
14 01 55 +33 48 34 NGC 5421 GALXY14.3
14 01 55 +33 48 34 NGC 5421B GALXY17.0
14 02 12 +46 17 34 NGC 5439 GALXY14.6
14 02 43 +32 29 34 NGC 5433 GALXY13.6
14 03 13 +34 44 34 NGC 5440 GALXY12.3
14 03 25 +34 39 34 NGC 5441 GALXY15.5
14 03 37 +35 06 34 NGC 5444 GALXY11.9
14 03 43 +35 00 34 NGC 5445 GALXY13.0
