19 08 20 +50 55 29 NGC 6764 GALXY11.9
19 16 45 +46 01 33 NGC 6783 GALXY15.5
19 19 21 +46 15 34 PK 77+14.1PLNNB13.0
19 24 07 +53 38 36 NGC 6798 GALXY13.2
19 27 49 +54 22 37 NGC 6801 GALXY13.9
19 35 00 +30 31 40 PK 64+ 5.1PLNNB09.6
19 35 48 +29 37 41 Sh2- 91 SNREM
19 36 30 +29 33 41 M1-92 BRTNB11.7
19 38 21 +46 34 42 NGC 6811 OPNCL06.8
19 41 28 +40 11 43 NGC 6819 OPNCL07.3
19 41 50 +50 38 43 UGC 11465 GALXY12.7
19 43 42 +56 07 44 NGC 6824 GALXY12.2
19 44 56 +50 31 44 NGC 6826 PLNNB08.8
19 45 54 +28 38 45 PK 64+ 2.1PLNNB
19 49 57 +48 58 46 NGC 6833 PLNNB13.8
19 50 11 +33 46 46 PK 69+ 3.1PLNNB14.3
19 51 12 +31 03 47 PK 66+ 2.1PLNNB
19 52 06 +33 00 47 PK 68+ 3.1PLNNB
19 52 24 +29 25 47 NGC 6834 OPNCL07.8
19 54 12 +33 22 48 PK 69+ 2.1PLNNB
19 56 42 +30 21 49 NGC 6846 OPNCL14.2
19 56 42 +32 22 49 PK 68+ 1.1PLNNB
19 57 12 +29 20 49 NGC 6847 NONEX
19 57 17 +39 50 49 PK 75+ 5.1PLNNB
19 59 11 +35 00 50 B144 DRKNB
19 59 30 +31 55 50 PK 68+ 1.2PLNNB13.3
19 59 25 +56 08 50 NGC 6856 NONEX
20 00 11 +35 17 50 Sh2-101 BRTNB
20 00 53 +34 36 50 Berk 49 OPNCL
20 01 54 +33 32 51 PK 70+ 1.1BRTNB
20 02 00 +33 31 51 NGC 6857 PLNNB11.4
20 02 40 +42 06 51 Do 36 OPNCL
20 02 59 +37 40 51 B145 DRKNB
20 02 59 +36 58 51 Ced 174 BRTNB
20 03 41 +36 02 51 B146 DRKNB
20 03 52 +44 00 52 NGC 6866 OPNCL07.6
20 04 03 +49 19 52 PK 84+ 9.1PLNNB15.7
20 04 35 +39 35 52 PK 75+ 4.1PLNNB17.6
20 04 48 +32 15 52 vdB 128 BRTNB
20 05 00 +31 28 52 PK 68- 0.1PLNNB16.0
20 05 00 +33 52 52 Berk 84 OPNCL
20 05 52 +40 32 52 DoDz 10 OPNCL
20 06 05 +35 47 52 NGC 6871 OPNCL05.2
20 06 59 +38 21 53 Basel 6 OPNCL07.7
20 07 04 +44 15 53 PK 79+ 6.1PLNNB
20 07 12 +32 17 53 PK 69+ 0.1PLNNB
20 07 41 +35 41 53 Biur 1 OPNCL
20 07 59 +38 14 53 NGC 6874 NONEX
20 08 23 +36 33 53 Do 1 OPNCL
20 09 10 +43 44 53 PK 79+ 5.1PLNNB12.3
20 09 23 +35 29 54 Biur 2 OPNCL06.3
20 10 10 +41 22 54 Do 2 OPNCL
20 10 12 +33 46 54 Roslund 5 OPNCL
20 10 28 +41 13 54 IC 1311 CL+NB13.1
20 10 33 +46 28 54 NGC 6884 PLNNB12.6
20 10 35 +34 46 54 IC 1310 CL+NB
20 10 41 +34 56 54 Berk 50 OPNCL
20 10 59 +37 25 54 NGC 6881 PLNNB14.3
20 11 29 +35 51 54 NGC 6883 OPNCL 8
20 11 59 +35 38 55 Ru 172 OPNCL
20 12 18 +34 21 55 Berk 51 OPNCL
20 12 59 +38 20 55 NGC 6888 BRTNB
20 13 00 +34 20 55 PK 72+ 0.1PLNNB
20 13 24 +30 32 55 PK 67- 0.1PLNNB
20 13 41 +40 16 55 B343 DRKNB
20 15 53 +36 47 56 Do 3 OPNCL
20 16 36 +30 34 56 NGC 6894 PLNNB14.4
20 16 35 +37 52 56 Do 39 OPNCL
20 16 33 +50 14 56 NGC 6895 NONEX
20 16 41 +37 38 56 IC 4996 OPNCL07.3
20 17 53 +39 19 57 vdB 130 OPNCL09.3
20 17 59 +36 44 57 Sh2-104 BRTNB
20 18 11 +36 40 57 Do 4 OPNCL
20 18 12 +30 39 57 NGC 6896 NONEX
20 18 17 +40 43 57 Cr 419 OPNCL05.4
20 18 23 +37 50 57 Do 40 OPNCL
20 19 17 +37 43 57 Berk 85 OPNCL
20 19 29 +37 44 57 Do 41 OPNCL
20 19 53 +38 08 57 Do 42 OPNCL
20 20 05 +38 24 57 PK 76+ 1.1PLNNB16.5
20 20 35 +38 42 58 Berk 86 OPNCL07.9
20 20 59 +39 17 58 Do 5 OPNCL
20 21 11 +41 23 58 Do 6 OPNCL
20 21 11 +39 57 58 Do 43 OPNCL
20 21 18 +32 29 58 PK 71- 2.1PLNNB14.5
20 21 53 +37 22 58 Berk 87 OPNCL
20 21 57 +48 05 58 Berk 88 OPNCL
20 22 06 +30 00 58 PK 69- 3.1PLNNB14.6
20 22 23 +40 15 58 IC 1318 BRTNB
20 23 17 +40 47 59 NGC 6910 OPNCL07.4
20 23 29 +41 42 59 Cr 421 OPNCL10.1
20 23 31 +58 22 59 NGC 6916 GALXY13.5
20 24 05 +38 32 59 NGC 6913 OPNCL06.6
20 24 59 +40 10 59 LDN 889 DRKNB
20 24 58 +42 16 59 Do 8 OPNCL
20 24 58 +42 19 59 NGC 6914 BRTNB
20 25 10 +45 59 59 Berk 89 OPNCL
20 26 11 +41 57 00 Do 9 OPNCL
20 26 29 +40 08 00 Do 10 OPNCL
20 26 52 +43 46 00 B346 DRKNB
20 26 59 +41 28 00 Do 11 OPNCL
20 28 35 +39 56 00 B347 DRKNB
20 29 23 +39 24 01 Roslund 6 OPNCL
20 29 53 +41 44 01 Do 44 OPNCL
20 30 53 +36 57 01 vdB 133 BRTNB
20 32 34 +47 22 02 PK 85+ 4.1PLNNB15.2
20 34 04 +45 40 02 Sh2-112 BRTNB
20 34 40 +46 53 03 Sh2-115 BRTNB
20 36 04 +46 49 03 Berk 90 OPNCL
20 40 11 +42 01 04 LDN 896 DRKNB
20 42 00 +35 34 05 Ru 173 OPNCL
20 42 24 +36 40 05 Do 47 OPNCL
20 44 24 +37 04 06 Ru 174 OPNCL
20 45 24 +35 31 06 Ru 175 OPNCL
20 45 48 +30 44 06 NGC 6960 SNREM
20 49 16 +45 54 07 B350 DRKNB
20 50 59 +42 32 08 IC 5068 BRTNB
20 50 59 +44 22 08 IC 5070 BRTNB
20 51 00 +31 53 08 NGC 6974 BRTNB
20 51 12 +35 58 08 DoDz 11 OPNCL
20 51 12 +32 10 08 NGC 6979 BRTNB
20 51 12 +35 36 08 PK 77- 5.1PLNNB
20 53 24 +37 56 09 Roslund 7 OPNCL
20 53 52 +46 03 09 Bark 1 OPNCL
20 54 16 +45 18 09 NGC 6989 NONEX
20 56 04 +47 26 10 IC 5076 BRTNB
20 56 24 +31 05 10 IC 1340 SNREM
20 56 30 +31 43 10 NGC 6992 SNREM
20 56 34 +45 29 10 NGC 6996 OPNCL10.0
20 56 41 +44 40 10 NGC 6997 OPNCL
20 56 45 +51 03 10 Berk 53 OPNCL
20 56 46 +47 26 10 NGC 6991 OPNCL
20 56 59 +43 53 10 LDN 935 DRKNB
20 57 12 +31 14 10 NGC 6995 SNREM
20 57 17 +45 23 10 B352 DRKNB
20 58 59 +44 21 10 NGC 7000 BRTNB
21 00 39 +54 34 11 PK 93+ 5.1PLNNB
21 00 45 +54 34 11 NGC 7008 PLNNB12.0
21 02 04 +47 20 11 NGC 7011 NONEX
21 02 30 +36 43 12 PK 80- 6.1PLNNB13.5
21 03 23 +44 36 12 Cr 428 OPNCL08.7
21 03 23 +40 29 12 Berk 54 OPNCL
21 03 49 +29 55 12 NGC 7013 GALXY11.3
21 06 11 +41 31 13 NGC 7024 NONEX
21 06 28 +47 52 13 NGC 7026 PLNNB12.0
21 07 17 +42 15 13 NGC 7027 PLNNB09.6
21 07 28 +50 51 13 NGC 7031 OPNCL09.1
21 09 12 +37 37 14 Do 45 OPNCL
21 10 47 +46 15 14 Basel 12 OPNCL
21 10 54 +33 44 14 NGC 7037 NONEX
21 11 23 +45 40 14 NGC 7039 OPNCL07.6
21 11 58 +48 29 14 Berk 91 OPNCL
21 12 16 +47 45 15 IC 1369 OPNCL08.8
21 12 35 +46 35 15 Basel 13 OPNCL
21 13 05 +42 30 15 NGC 7044 OPNCL12.0
21 13 05 +47 23 15 B361 DRKNB
21 14 11 +47 46 15 PK 89- 0.1PLNNB14.8
21 15 05 +46 19 15 NGC 7048 PLNNB11.0
21 15 18 +36 13 15 NGC 7050 NONEX
21 16 16 +48 52 16 Basel 15 OPNCL
21 17 04 +51 48 16 Berk 55 OPNCL
21 18 05 +41 55 16 Berk 56 OPNCL
21 19 17 +46 20 17 PK 89- 2.1PLNNB18.0
21 20 54 +39 11 17 NGC 7054 NONEX
21 21 10 +50 49 17 NGC 7058 NONEX
21 21 41 +44 50 17 Basel 14 OPNCL
21 22 30 +38 08 17 PK 83- 8.1PLNNB15.7
21 23 23 +46 24 18 NGC 7062 OPNCL08.3
21 24 10 +50 11 18 B362 DRKNB
21 24 23 +48 02 18 NGC 7067 OPNCL09.7
21 24 36 +36 31 18 NGC 7063 OPNCL 7
21 26 41 +47 58 19 NGC 7071 NONEX
21 29 35 +47 06 19 NGC 7082 OPNCL07.2
21 30 10 +54 28 20 PK 96+ 2.1PLNNB
21 30 40 +51 36 20 NGC 7086 OPNCL08.4
21 31 17 +50 01 20 PK 93- 0.1PLNNB14.9
21 32 10 +52 35 20 PK 95+ 0.1PLNNB15.8
21 32 23 +48 27 20 NGC 7092 OPNCL04.6
21 32 41 +44 37 20 IC 5117 PLNNB13.3
21 33 18 +39 39 20 PK 86- 8.1PLNNB12.7
21 33 46 +54 34 20 B364 DRKNB
21 33 52 +54 41 20 B157 DRKNB
21 34 59 +46 02 21 NGC 7093 NONEX
21 35 34 +53 48 21 PK 96+ 1.1PLNNB
21 35 43 +31 43 21 PK 81-14.1PLNNB14.3
21 37 11 +48 57 21 PK 93+ 2.1PLNNB13.2
21 38 59 +46 01 22 PK 91- 4.1PLNNB15.2
21 41 54 +42 51 23 NGC 7114 NONEX
21 42 49 +28 58 23 NGC 7116 GALXY13.3
21 43 29 +50 26 23 PK 95- 2.1PLNNB
21 43 53 +48 56 23 vdB 145 BRTNB
21 44 04 +54 38 23 NGC 7127 OPNCL
21 44 10 +53 44 23 NGC 7128 OPNCL09.7
21 45 11 +51 14 23 Bark 2 OPNCL
21 46 41 +51 05 24 B164 DRKNB
21 49 07 +29 58 24 NGC 7143 2STAR
21 50 35 +49 46 25 NGC 7150 5STAR
21 53 24 +47 13 25 B168 DRKNB
21 53 36 +47 17 25 IC 5146 CL+NB10.0
21 57 53 +51 43 26 PK 97- 2.1PLNNB14.7
21 58 59 +54 50 27 NGC 7175 NONEX
