03 58 20 -52 18 09 NGC 1500 GALXY13.8
04 00 32 -52 33 10 NGC 1506 GALXY13.5
04 03 49 -54 05 11 NGC 1515A GALXY14.6
04 04 01 -54 05 11 NGC 1515 GALXY11.2
04 06 14 -52 39 12 NGC 1522 GALXY13.6
04 06 19 -54 05 12 NGC 1523 4STAR
04 09 55 -56 06 14 NGC 1533 GALXY10.7
04 14 42 -56 02 16 NGC 1546 GALXY10.9
04 15 55 -55 33 16 NGC 1549 GALXY09.8
04 16 19 -55 45 16 NGC 1553 GALXY09.4
04 17 56 -50 08 17 NGC 1556 GALXY13.1
04 20 07 -54 56 18 NGC 1566 GALXY09.7
04 23 56 -51 34 19 NGC 1578 GALXY13.1
04 24 49 -54 55 20 NGC 1581 GALXY12.9
04 27 43 -55 00 21 NGC 1596 GALXY11.2
04 27 55 -55 03 21 NGC 1602 GALXY13.0
04 31 49 -54 35 22 NGC 1617 GALXY10.4
04 36 08 -65 45 24 NGC 1641 LMCOC
04 38 01 -66 11 25 NGC 1644 LMCGC13.0
04 38 05 -68 48 25 NGC 1649 NONEX
04 38 05 -68 39 25 NGC 1652 LMCGC
04 43 01 -65 47 27 NGC 1669 GALXY13.9
04 43 41 -68 49 27 NGC 1676 LMCOC
04 45 47 -59 13 28 NGC 1672 GALXY09.7
04 47 29 -69 20 29 NGC 1693 LMCOC
04 47 34 -69 23 29 NGC 1695 LMCOC
04 48 05 -68 15 29 NGC 1696 LMCOC
04 48 28 -59 46 29 NGC 1688 GALXY12.0
04 48 35 -68 31 29 NGC 1697 LMCOC
04 49 23 -69 09 30 NGC 1698 LMCDN
04 49 40 -69 44 30 NGC 1704 LMCOC
04 51 16 -69 27 30 NGC 1712 LMCCN
04 52 06 -66 55 31 NGC 1714 LMCDN
04 52 06 -66 54 31 NGC 1715 LMCDN
04 52 12 -67 03 31 NGC 1718 LMCOC
04 52 10 -69 23 31 NGC 1722 LMCCN
04 52 10 -69 20 31 NGC 1727 LMCCN
04 52 33 -62 59 31 NGC 1706 UVSOB
04 52 58 -59 43 31 NGC 1703 GALXY11.3
04 52 53 -68 39 31 NGC 1732 LMCOC
04 53 05 -68 03 31 NGC 1736 LMCDN
04 53 17 -68 46 31 NGC 1734 LMCOC
04 53 24 -66 55 31 NGC 1731 LMCCN
04 53 55 -66 40 31 NGC 1733 LMCOC
04 53 54 -67 06 31 NGC 1735 LMCCN
04 53 59 -69 11 32 NGC 1743 LMCCN
04 54 17 -69 11 32 NGC 1737 LMCCN
04 54 17 -69 11 32 NGC 1745 LMCCN
04 54 23 -69 11 32 NGC 1748 LMCCN
04 54 35 -68 11 32 NGC 1749 LMCOC
04 54 34 -69 14 32 NGC 1756 LMCOC
04 54 54 -67 10 32 NGC 1747 LMCCN
04 54 59 -68 10 32 NGC 1755 LMCOC09.9
04 56 12 -67 40 32 NGC 1764 LMCOC
04 56 16 -69 23 33 NGC 1767 LMCCN
04 56 25 -66 29 33 NGC 1761 LMCCN
04 56 31 -66 31 33 NGC 1760 LMCCN
04 56 41 -68 14 33 NGC 1768 LMCOC
04 56 40 -69 33 33 NGC 1772 LMCCN
04 56 49 -66 24 33 NGC 1763 LMCCN
04 56 59 -68 24 33 NGC 1770 LMCCN 9
04 57 34 -69 22 33 NGC 1782 LMCCN
04 57 43 -66 27 33 NGC 1769 LMCCN
04 57 48 -67 14 33 NGC 1774 LMCOC10.5
04 58 19 -66 20 33 NGC 1773 LMCCN
04 58 27 -62 01 33 NGC 1765 GALXY12.9
04 58 25 -66 25 33 NGC 1776 LMCOC
04 58 35 -68 51 33 NGC 1785 NONEX
04 58 55 -65 59 34 NGC 1783 LMCGC11.0
04 58 57 -63 19 34 NGC 1771 GALXY13.4
04 59 06 -67 44 34 NGC 1786 LMCGC10.1
04 59 07 -65 43 34 NGC 1787 LMCOC
04 59 22 -69 32 34 NGC 1793 LMCOC
04 59 28 -69 47 34 NGC 1795 LMCGC
05 00 28 -69 37 34 NGC 1801 LMCOC
05 00 52 -69 04 34 NGC 1804 LMCOC
05 01 53 -67 58 35 NGC 1806 LMCGC11.5
05 01 58 -69 33 35 NGC 1809 GALXY12.1
05 02 13 -66 05 35 NGC 1805 LMCOC10.5
05 02 46 -61 07 35 NGC 1796 GALXY12.3
05 03 07 -66 21 35 NGC 1810 LMCOC
05 03 48 -67 16 36 NGC 1814 LMCCN 9
05 03 48 -67 16 36 NGC 1816 LMCCN 9
05 03 48 -67 16 36 NGC 1820 LMCOC 9
05 04 05 -68 54 36 NGC 1825 LMCOC
05 04 04 -69 22 36 NGC 1828 LMCOC
05 04 13 -66 23 36 NGC 1818 LMCOC09.8
05 04 28 -69 19 36 NGC 1830 LMCOC
05 04 41 -68 02 36 NGC 1829 LMCCN08.5
05 05 01 -66 11 36 NGC 1822 LMCOC
05 05 10 -69 23 36 NGC 1835 LMCGC09.8
05 05 16 -61 10 36 NGC 1796A GALXY13.9
05 05 16 -69 12 36 NGC 1834 3STAR
05 05 17 -68 36 36 NGC 1836 LMCOC
05 05 25 -66 12 36 NGC 1826 LMCOC
05 05 53 -68 26 37 NGC 1838 LMCOC
05 05 53 -68 36 37 NGC 1839 LMCCN
05 06 07 -64 54 37 NGC 1831 LMCOC11.0
05 06 58 -59 42 37 NGC 1824 GALXY12.6
05 06 52 -68 58 37 NGC 1847 LMCOC
05 07 06 -67 15 37 NGC 1842 LMCOC
05 07 12 -67 18 37 NGC 1844 LMCOC
05 07 36 -67 27 37 NGC 1846 LMCGC11.5
05 07 57 -61 26 37 NGC 1796B GALXY14.9
05 08 29 -68 45 38 NGC 1850 LMCCN09.3
05 09 05 -68 50 38 NGC 1854 LMCOC10.5
05 09 05 -67 46 38 NGC 1852 LMCCN
05 09 13 -66 17 38 NGC 1849 LMCOC
05 09 22 -69 07 38 NGC 1856 LMCOC10.0
05 09 23 -68 50 38 NGC 1855 NONEX
05 09 40 -68 53 38 NGC 1858 LMCCN
05 10 23 -68 45 38 NGC 1860 LMCOC
05 11 25 -65 12 39 NGC 1859 LMCOC
05 11 23 -68 46 39 NGC 1863 LMCOC
05 12 13 -66 07 39 NGC 1862 LMCOC
05 12 11 -68 46 39 NGC 1865 LMCOC
05 12 23 -57 23 39 NGC 1853 UVSOB
05 12 29 -67 37 39 NGC 1864 LMCOC
05 12 52 -69 07 40 NGC 1870 LMCOC
05 12 58 -69 19 40 NGC 1872 LMCCN
05 13 10 -69 22 40 NGC 1874 LMCCN
05 13 10 -69 22 40 NGC 1876 LMCCN
05 13 10 -69 22 40 NGC 1877 LMCCN
05 13 10 -69 20 40 NGC 1881 LMCCN
05 13 31 -65 27 40 NGC 1866 LMCOC09.9
05 13 30 -66 16 40 NGC 1867 LMCOC
05 13 34 -69 22 40 NGC 1880 LMCCN
05 13 42 -67 27 40 NGC 1871 LMCCN
05 13 42 -67 19 40 NGC 1873 LMCCN
05 13 48 -67 22 40 NGC 1869 LMCCN
05 14 32 -63 56 40 NGC 1868 LMCGC
05 14 58 -68 57 40 NGC 1885 LMCOC
05 15 13 -66 06 41 NGC 1882 LMCOC
05 15 40 -69 26 41 NGC 1894 LMCOC
05 15 48 -66 17 41 NGC 1887 LMCOC
05 15 55 -66 09 41 NGC 1884 NONEX
05 16 40 -69 35 41 NGC 1898 LMCGC11.5
05 16 54 -67 18 41 NGC 1895 LMCDN
05 17 07 -64 56 41 NGC 1892 GALXY12.2
05 17 10 -69 17 41 NGC 1903 LMCOC12.0
05 17 24 -67 25 41 NGC 1897 LMCOC
05 17 28 -69 21 42 NGC 1916 LMCOC
05 17 47 -67 52 42 NGC 1899 LMCDN
05 17 47 -68 25 42 NGC 1901 OPNCL
05 18 06 -66 36 42 NGC 1902 LMCOC
05 18 04 -69 12 42 NGC 1910 LMCCN
05 18 12 -67 14 42 NGC 1905 LMCOC
05 18 22 -69 32 42 NGC 1913 LMCOC
05 19 02 -63 01 42 NGC 1900 LMCOC
05 18 58 -68 59 42 NGC 1917 LMCGC
05 19 04 -69 38 42 NGC 1918 LMCCN
05 19 12 -66 45 42 NGC 1911 NONEX
05 19 16 -69 47 42 NGC 1921 LMCDN
05 19 36 -66 47 42 NGC 1915 NONEX
05 19 40 -69 28 42 NGC 1922 LMCOC
05 20 00 -66 54 43 NGC 1919 LMCCN
05 20 28 -69 29 43 NGC 1926 LMCOC
05 20 36 -66 47 43 NGC 1920 LMCDN
05 20 46 -69 28 43 NGC 1928 LMCOC
05 21 01 -65 29 43 NGC 1923 LMCCN
05 21 29 -67 55 43 NGC 1929 LMCCN
05 21 49 -65 47 43 NGC 1925 LMCCN
05 21 47 -67 55 43 NGC 1934 LMCCN
05 21 53 -67 57 43 NGC 1935 LMCCN
05 22 05 -67 58 44 NGC 1936 LMCCN
05 22 18 -66 09 44 NGC 1932 LMCOC
05 22 17 -67 54 44 NGC 1937 LMCCN
05 22 30 -66 08 44 NGC 1933 OPNCL
05 22 36 -67 11 44 NGC 1940 LMCOC
05 23 06 -66 22 44 NGC 1941 LMCDN
05 23 33 -69 44 44 Lg MagellaGALXY0.4
05 24 44 -63 55 45 NGC 1942 LMCOC
05 25 06 -66 24 45 NGC 1946 LMCOC
05 25 05 -68 28 45 NGC 1949 LMCDN
05 25 24 -66 20 45 NGC 1945 LMCDN
05 25 22 -68 47 45 NGC 1953 LMCGC
05 25 30 -66 14 45 NGC 1948 LMCCN
05 25 27 -69 49 45 NGC 1958 LMCOC
05 25 54 -66 35 45 NGC 1951 LMCOC10.5
05 26 05 -67 28 45 NGC 1955 LMCCN 9
05 26 20 -63 46 45 NGC 1947 GALXY10.6
05 26 28 -68 46 45 NGC 1962 LMCCN08.5
05 26 28 -68 46 45 NGC 1965 LMCCN08.5
05 26 28 -68 46 45 NGC 1966 LMCCN08.5
05 26 28 -68 46 45 NGC 1970 LMCCN08.5
05 26 28 -69 03 45 NGC 1967 LMCOC
05 26 27 -69 48 45 NGC 1969 LMCOC
05 26 39 -69 50 45 NGC 1971 LMCOC
05 26 39 -69 48 45 NGC 1972 LMCOC
05 27 11 -67 25 46 NGC 1968 LMCCN 9
05 27 28 -68 56 46 NGC 1983 LMCCN08.5
05 27 28 -69 05 46 NGC 1984 LMCCN
05 27 53 -67 23 46 NGC 1974 LMCCN 9
05 28 10 -69 06 46 NGC 1994 LMCOC
05 28 36 -66 13 46 NGC 1978 LMCGC09.9
05 28 59 -67 25 46 NGC 1991 NONEX
05 29 04 -68 43 47 NGC 2001 LMCCN
05 29 57 -69 43 47 NGC 2005 LMCOC
05 30 12 -66 51 47 NGC 2002 LMCOC
05 30 32 -63 11 47 NGC 1997 LMCOC
05 30 36 -67 16 47 NGC 2004 LMCOC09.8
05 30 42 -66 26 47 NGC 2003 LMCOC
05 30 46 -69 08 47 NGC 2009 LMCOC
05 31 12 -66 56 47 NGC 2006 LMCOC
05 31 52 -69 12 48 NGC 2015 LMCCN
05 32 05 -67 30 48 NGC 2011 LMCCN09.5
05 32 11 -67 39 48 NGC 2014 LMCCN08.5
05 33 05 -67 41 48 NGC 2020 LMCDN
05 33 23 -67 25 48 NGC 2021 LMCCN
05 34 27 -69 43 49 NGC 2033 LMCCN
05 34 39 -69 44 49 NGC 2037 LMCCN
05 35 06 -66 54 49 NGC 2027 LMCCN
05 35 09 -69 38 49 NGC 2048 LMCCN
05 35 17 -67 33 49 NGC 2032 LMCCN
05 35 17 -67 33 49 NGC 2035 LMCCN
05 35 23 -67 32 49 NGC 2029 LMCCN
05 35 24 -66 00 49 NGC 2030 LMCCN
05 35 42 -66 55 49 NGC 2034 LMCCN
05 35 46 -68 53 49 NGC 2042 LMCCN
05 35 52 -69 10 49 NGC 2044 LMCCN
05 36 05 -67 32 50 NGC 2040 LMCCN
05 36 24 -66 57 50 NGC 2041 LMCOC10.5
05 36 28 -69 21 50 NGC 2050 LMCCN
05 36 58 -69 23 50 NGC 2055 LMCCN
05 37 15 -69 44 50 NGC 2052 LMCDN
05 37 17 -67 23 50 NGC 2053 LMCOC
05 37 34 -69 09 50 NGC 2060 LMCCN
05 38 28 -69 04 51 NGC 2069 LMCDN
05 38 34 -69 04 51 NGC 2070 LMCCN08.3
05 38 58 -69 29 51 NGC 2074 LMCCN08.5
05 39 33 -69 37 51 NGC 2077 LMCCN
05 39 39 -69 44 51 NGC 2079 LMCCN
05 39 45 -69 37 51 NGC 2080 LMCCN
05 39 51 -69 44 51 NGC 2078 LMCCN
05 39 51 -69 44 51 NGC 2083 LMCCN
05 39 51 -69 44 51 NGC 2084 LMCCN
05 40 00 -66 52 51 NGC 2062 LMCOC
05 40 04 -69 23 51 NGC 2081 LMCCN
05 40 09 -69 38 51 NGC 2085 LMCCN
05 40 21 -69 38 51 NGC 2086 LMCCN
05 40 46 -69 27 52 NGC 2088 LMCOC
05 40 52 -69 25 52 NGC 2091 LMCOC
05 41 28 -69 12 52 NGC 2092 LMCOC
05 41 28 -68 54 52 NGC 2093 LMCCN
05 41 50 -64 17 52 NGC 2082 GALXY12.1
05 41 58 -69 13 52 NGC 2100 LMCCN09.6
05 42 05 -68 20 52 NGC 2094 LMCOC
05 42 10 -68 27 52 NGC 2096 LMCOC
05 42 10 -69 28 52 NGC 2102 LMCOC
05 42 29 -68 15 52 NGC 2098 LMCCN
05 42 41 -67 18 52 NGC 2095 LMCOC
05 43 46 -69 11 53 NGC 2108 LMCGC
05 44 08 -62 46 53 NGC 2097 LMCOC
05 44 12 -66 24 53 NGC 2105 LMCOC
05 44 22 -68 31 53 NGC 2109 LMCCN
05 45 27 -69 44 54 NGC 2113 LMCCN
05 45 47 -68 02 54 NGC 2114 LMCOC
05 46 52 -68 31 54 NGC 2116 LMCOC
05 47 10 -69 08 54 NGC 2118 LMCOC
05 47 17 -67 27 54 NGC 2117 LMCOC
05 50 38 -63 40 56 NGC 2120 LMCGC
05 50 40 -69 28 56 NGC 2125 LMCOC
05 51 04 -69 21 56 NGC 2127 LMCOC
05 51 43 -65 18 56 NGC 2123 LMCOC
05 52 05 -67 19 57 NGC 2130 LMCOC
05 52 46 -69 29 57 NGC 2136 LMCOC10.5
05 53 05 -67 25 57 NGC 2135 LMCOC
05 53 10 -69 28 57 NGC 2137 LMCOC
05 53 58 -68 35 57 NGC 2140 LMCOC
05 54 30 -65 49 58 NGC 2138 LMCOC
05 55 51 -69 33 58 NGC 2150 GALXY13.0
05 55 59 -68 11 58 NGC 2147 LMCCN
05 56 16 -69 00 58 NGC 2151 LMCOC
05 57 16 -69 10 59 NGC 2157 LMCOC10.0
05 57 30 -66 23 59 NGC 2153 LMCOC
05 57 29 -67 14 59 NGC 2154 LMCGC
05 57 34 -68 26 59 NGC 2156 LMCOC
05 57 52 -68 37 59 NGC 2159 LMCOC
05 57 59 -68 16 59 NGC 2160 LMCOC
05 58 25 -65 27 59 NGC 2155 LMCGC
05 58 40 -68 30 59 NGC 2164 LMCOC10.5
05 59 17 -67 56 00 NGC 2166 LMCOC
05 59 52 -68 38 00 NGC 2172 LMCOC
06 00 32 -63 45 00 NGC 2162 LMCGC
06 00 59 -67 43 00 NGC 2177 LMCOC
06 01 24 -66 51 01 NGC 2176 LMCOC
06 02 37 -65 15 01 NGC 2181 LMCOC
06 03 51 -69 34 02 NGC 2187 GALXY
06 05 54 -67 05 03 NGC 2197 LMCOC
06 06 13 -65 05 03 NGC 2193 LMCGC
06 11 28 -69 08 05 NGC 2210 LMCGC10.2
06 12 47 -68 16 06 NGC 2214 LMCOC11.0
06 20 23 -67 32 09 NGC 2231 LMCGC
06 21 13 -64 27 09 NGC 2228 GALXY13.6
06 21 19 -64 58 09 NGC 2229 GALXY13.4
06 21 25 -65 00 09 NGC 2230 GALXY13.1
06 21 43 -65 03 09 NGC 2233 GALXY13.8
06 22 19 -64 57 10 NGC 2235 GALXY13.0
06 22 40 -68 57 10 NGC 2241 LMCOC
06 25 52 -68 48 11 NGC 2249 LMCGC
06 30 26 -64 19 13 NGC 2257 LMCGC13.5
