09 38 49 +76 17 38 NGC 2938 GALXY13.5
09 44 06 +79 39 37 NGC 2908 GALXY14.0
09 44 17 +74 50 37 NGC 2977 GALXY12.5
09 48 15 +72 56 36 NGC 2963 GALXY13.5
09 48 21 +72 56 36 NGC 2957 GALXY15.5
09 56 41 +75 50 34 NGC 3061 GALXY12.8
10 06 10 +80 15 32 NGC 3057 GALXY13.0
10 14 53 +77 47 30 NGC 3197 GALXY13.5
10 15 56 +74 11 30 NGC 3144 GALXY13.4
10 17 19 +73 22 30 NGC 3147 GALXY10.6
10 18 02 +74 19 30 NGC 3155 GALXY12.9
10 21 14 +75 07 29 NGC 3174 NONEX
10 22 13 +74 08 29 NGC 3183 GALXY11.9
10 23 25 +74 45 29 NGC 3194 NONEX
10 26 55 +74 37 28 NGC 3218 NONEX
10 27 30 +79 48 28 NGC 3210 NONEX
10 28 36 +79 45 28 NGC 3212 GALXY13.1
10 29 30 +79 44 28 NGC 3215 GALXY13.0
10 34 48 +73 44 27 NGC 3252 GALXY13.5
10 45 07 +76 47 25 NGC 3329 GALXY12.2
10 46 28 +73 19 25 NGC 3343 GALXY13.4
10 54 16 +73 39 24 NGC 3403 GALXY12.2
10 54 36 +77 15 24 NGC 3397 NONEX
10 59 40 +75 10 23 NGC 3465 GALXY13.5
11 02 04 +75 11 23 NGC 3500 NONEX
11 03 10 +75 06 23 NGC 3523 GALXY12.9
11 03 22 +75 47 23 NGC 3484 NONEX
11 04 22 +77 10 23 _3C 249.1 QUASR14.0
11 11 51 +75 32 22 NGC 3538 NONEX
11 13 14 +72 51 22 NGC 3562 GALXY12.2
11 28 00 +66 33 21 NGC 3682 GALXY12.5
11 28 20 +78 57 21 UGC 6456 GALXY13.7
11 35 54 +73 26 20 NGC 3736 GALXY15.5
11 36 17 +70 30 20 NGC 3735 GALXY11.8
11 37 48 +74 57 20 NGC 3747 NONEX
11 37 54 +75 15 20 NGC 3752 GALXY12.9
11 44 47 +69 42 20 UGC 6711 GALXY13.2
11 47 10 +69 22 20 NGC 3879 GALXY13.1
11 49 40 +74 18 20 NGC 3890 GALXY13.1
11 53 28 +75 05 20 NGC 3939 NONEX
11 55 16 +69 18 20 NGC 3961 GALXY13.5
12 01 45 +69 17 20 NGC 4034 GALXY13.5
12 06 09 +67 14 20 NGC 4108A GALXY13.8
12 07 03 +67 09 20 NGC 4108 GALXY12.3
12 07 21 +67 13 20 NGC 4108B GALXY13.7
12 08 03 +65 06 20 NGC 4121 GALXY13.5
12 08 15 +65 09 20 NGC 4125 GALXY09.7
12 08 15 +68 45 20 NGC 4128A GALXY15.5
12 08 45 +68 45 20 NGC 4128 GALXY12.0
12 08 45 +69 31 20 NGC 4120 GALXY13.5
12 08 50 +74 54 20 NGC 4133 GALXY12.3
12 10 56 +76 07 20 NGC 4159 GALXY13.4
12 15 08 +63 46 20 NGC 4205 GALXY12.9
12 15 32 +65 58 20 NGC 4210 GALXY12.5
12 16 14 +66 13 20 NGC 4221 GALXY12.3
12 16 56 +69 27 20 NGC 4236 GALXY09.6
12 17 08 +63 24 20 NGC 4238 GALXY13.6
12 17 44 +70 47 20 NGC 4250 GALXY11.8
12 18 56 +65 53 20 NGC 4256 GALXY11.9
12 20 31 +75 21 20 NGC 4291 GALXY11.5
12 21 55 +75 18 20 NGC 4319 GALXY11.9
12 22 43 +76 10 20 NGC 4331 GALXY14.1
12 22 55 +75 18 20 NGC 4345 1STAR
12 23 02 +65 49 20 NGC 4332 GALXY12.2
12 23 43 +74 56 20 NGC 4363 GALXY13.5
12 24 31 +70 18 20 UGC 7490 GALXY12.7
12 24 49 +75 30 20 NGC 4386 GALXY11.7
12 25 38 +64 55 20 NGC 4391 GALXY12.7
12 27 32 +64 47 20 NGC 4441 GALXY12.7
12 30 02 +64 01 21 NGC 4481 GALXY14.9
12 31 55 +64 13 21 NGC 4510 GALXY13.0
12 32 07 +66 18 21 NGC 4513 GALXY13.0
12 32 49 +63 52 21 NGC 4512 GALXY13.8
12 33 01 +63 55 21 NGC 4521 GALXY12.2
12 34 43 +63 30 21 NGC 4545 GALXY12.3
12 36 06 +74 13 21 NGC 4572 GALXY15.0
12 37 42 +74 10 21 NGC 4589 GALXY10.7
12 41 53 +74 24 21 NGC 4648 GALXY12.0
12 46 19 +64 32 22 UGC 7941 GALXY13.9
12 47 17 +71 10 22 NGC 4693 GALXY13.4
12 50 17 +72 51 22 NGC 4750 GALXY11.2
12 51 23 +71 36 22 NGC 4749 GALXY13.5
12 57 23 +70 10 23 NGC 4857 GALXY13.8
13 02 20 +75 22 23 NGC 4954 GALXY14.2
13 06 29 +67 40 24 UGC 8201 GALXY12.5
13 41 08 +67 37 29 NGC 5283 GALXY13.2
13 58 02 +64 54 33 NGC 5413 GALXY13.2
14 30 32 +59 26 41 NGC 5667 GALXY12.5
14 32 09 +57 52 41 NGC 5678 GALXY11.3
14 49 24 +63 14 46 IC 1065 GALXY13.6
14 51 32 +58 56 47 NGC 5777 GALXY13.3
14 52 21 +55 52 47 NGC 5779 GALXY15.7
14 55 48 +63 53 48 NGC 5807 GALXY15.5
14 59 57 +55 29 49 NGC 5826 NONEX
15 05 20 +55 47 51 NGC 5866A GALXY
15 06 08 +55 32 51 NGC 5862 GALXY15.7
15 06 32 +55 42 51 NGC 5867 NONEX
15 06 38 +55 43 51 NGC 5866 GALXY09.9
15 06 44 +55 26 51 NGC 5870 GALXY13.9
15 09 50 +56 57 52 NGC 5879 GALXY11.6
15 10 47 +64 49 53 NGC 5881 GALXY15.0
15 11 55 +59 46 53 NGC 5894 GALXY12.9
15 12 20 +55 44 53 NGC 5866B GALXY14.2
15 15 32 +55 28 54 NGC 5905 GALXY11.7
15 16 02 +56 17 54 NGC 5907 GALXY10.3
15 16 02 +56 18 54 NGC 5906 NONEX
15 16 56 +55 24 55 NGC 5908 GALXY11.8
15 23 55 +58 01 57 UGC 9837 GALXY13.3
15 27 58 +64 44 58 NGC 5949 GALXY12.0
15 33 37 +56 34 00 NGC 5963 GALXY12.5
15 34 07 +56 41 00 NGC 5965 GALXY11.7
15 35 01 +56 27 01 NGC 5969 GALXY15.4
15 35 43 +56 28 01 NGC 5971 GALXY13.8
15 36 06 +59 33 01 NGC 5976A GALXY15.5
15 36 54 +59 23 01 NGC 5976 GALXY14.8
15 38 00 +59 22 02 NGC 5981 GALXY13.0
15 38 42 +59 20 02 NGC 5982 GALXY11.1
15 39 42 +59 19 02 NGC 5985 GALXY11.1
15 39 55 +58 04 02 NGC 5987 GALXY11.7
15 41 36 +59 44 03 NGC 5989 GALXY13.1
15 51 35 +62 19 07 NGC 6015 GALXY11.1
15 52 21 +64 50 07 NGC 6019 GALXY15.5
15 53 15 +64 55 07 NGC 6024 GALXY15.0
16 04 36 +69 37 12 NGC 6079 GALXY12.7
16 10 48 +57 16 14 NGC 6088 GALXY14.0
16 10 48 +57 27 14 NGC 6088A GALXY14.5
16 10 48 +57 27 14 NGC 6088B GALXY14.5
16 11 11 +61 15 14 NGC 6095 GALXY12.6
16 11 44 +52 26 14 NGC 6090 GALXY14.0
16 15 34 +62 43 16 NGC 6111 GALXY14.0
16 17 16 +61 55 17 NGC 6123 GALXY13.8
16 19 00 +57 35 17 NGC 6125 NONEX
16 19 02 +64 53 17 NGC 6135 NONEX
16 19 18 +57 57 17 NGC 6127 GALXY12.0
16 19 24 +57 58 17 NGC 6128 NONEX
16 19 36 +57 36 17 NGC 6130 GALXY13.5
16 20 12 +56 39 18 NGC 6133 NONEX
16 20 54 +55 56 18 NGC 6136 GALXY15.5
16 21 02 +65 22 18 NGC 6140 GALXY11.3
16 21 55 +55 04 18 NGC 6143 GALXY13.1
16 25 49 +55 21 20 NGC 6157 GALXY15.5
16 27 05 +59 34 20 NGC 6170 NONEX
16 27 35 +59 34 21 NGC 6176 GALXY15.0
16 29 36 +55 30 21 NGC 6182 GALXY13.5
16 31 41 +59 38 22 NGC 6189 GALXY12.7
16 31 42 +57 42 22 NGC 6187 GALXY15.0
16 32 05 +58 26 22 NGC 6190 GALXY12.6
16 32 05 +58 47 22 NGC 6191 NONEX
16 35 36 +57 30 24 NGC 6198 GALXY13.6
16 36 16 +61 56 24 NGC 6202 NONEX
16 39 31 +66 00 26 NGC 6214 GALXY14.5
16 40 11 +58 37 26 NGC 6206 GALXY13.6
16 41 29 +57 46 26 NGC 6211 GALXY12.6
16 41 35 +57 49 26 NGC 6213 GALXY15.0
16 43 10 +61 33 27 NGC 6223 GALXY11.9
16 43 15 +70 37 27 NGC 6232 GALXY12.5
16 43 34 +61 57 27 NGC 6226 GALXY14.0
16 44 33 +70 46 28 NGC 6236 GALXY11.9
16 45 27 +70 47 28 NGC 6245 GALXY
16 46 28 +70 22 28 NGC 6237 GALXY
16 46 34 +70 23 28 NGC 6248 GALXY13.1
16 47 15 +62 07 29 NGC 6238 GALXY14.5
16 48 09 +62 10 29 NGC 6244 GALXY13.5
16 48 15 +62 57 29 NGC 6247 GALXY13.5
16 50 00 +55 31 30 NGC 6246A GALXY13.4
16 50 18 +55 21 30 NGC 6246 GALXY13.6
16 51 50 +63 42 31 NGC 6260 GALXY15.0
16 52 22 +60 32 31 NGC 6258 GALXY13.4
16 53 42 +56 55 31 NGC 6262 NONEX
16 55 27 +63 15 32 NGC 6275 GALXY14.2
16 57 29 +68 26 33 NGC 6288 GALXY15.5
16 57 47 +68 30 33 NGC 6289 GALXY15.5
16 58 29 +58 58 33 NGC 6285 GALXY13.5
16 58 41 +58 57 33 NGC 6286 GALXY13.3
17 00 59 +58 59 34 NGC 6290 GALXY13.5
17 00 59 +58 57 34 NGC 6291 GALXY15.0
17 03 04 +61 02 35 NGC 6292 GALXY13.5
17 03 10 +60 19 35 NGC 6295 GALXY15.0
17 03 09 +62 03 35 NGC 6298 GALXY
17 03 39 +62 01 36 NGC 6297 GALXY13.6
17 05 03 +62 26 36 NGC 6299 GALXY15.0
17 05 05 +68 48 36 NGC 6303 GALXY13.7
17 07 40 +60 44 37 NGC 6307 GALXY12.9
17 07 40 +60 43 37 NGC 6306 GALXY13.7
17 07 58 +60 58 37 NGC 6310 GALXY13.1
17 08 04 +69 27 37 UGC 10736 GALXY13.9
17 09 21 +62 52 38 NGC 6317 GALXY16.0
17 09 39 +62 58 38 NGC 6319 GALXY14.5
17 10 25 +72 17 39 NGC 6340 GALXY11.0
17 15 23 +57 24 41 NGC 6338 GALXY12.3
17 15 23 +57 20 41 NGC 6345 GALXY15.5
17 15 23 +57 18 41 NGC 6346 GALXY15.5
17 18 03 +61 45 42 NGC 6359 GALXY12.6
17 18 40 +60 35 42 NGC 6361 GALXY13.1
17 19 07 +52 36 42 NGC 6358 GALXY15.0
17 20 17 +57 54 43 UGC 10822 GALXY09.9
17 22 45 +62 10 44 NGC 6365 GALXY14.5
17 23 23 +56 59 44 NGC 6370 GALXY12.9
17 24 22 +59 00 44 NGC 6373 GALXY13.6
17 25 28 +58 49 45 NGC 6376 GALXY14.0
17 25 28 +58 49 45 NGC 6377 GALXY14.0
17 26 26 +71 05 45 NGC 6395 GALXY12.3
17 27 16 +60 00 46 NGC 6381 GALXY12.9
17 27 53 +56 51 46 NGC 6382 GALXY15.0
17 28 05 +57 32 46 NGC 6385 GALXY13.1
17 28 29 +57 33 46 NGC 6387 GALXY15.0
17 28 34 +60 05 46 NGC 6390 GALXY13.8
17 29 01 +52 43 46 NGC 6386 GALXY15.0
17 28 58 +58 51 46 NGC 6391 GALXY15.0
17 29 25 +75 41 47 NGC 6412 GALXY11.8
17 30 10 +59 31 47 NGC 6394 GALXY16.0
17 30 22 +59 38 47 NGC 6393 GALXY14.5
17 30 28 +74 22 47 NGC 6414 GALXY15.5
17 31 52 +59 37 48 NGC 6399 GALXY13.7
17 35 15 +60 48 49 NGC 6410 1STAR
17 35 39 +60 47 49 NGC 6411 GALXY11.9
17 35 53 +68 07 49 NGC 6419 GALXY14.6
17 36 05 +68 00 50 NGC 6420 GALXY15.5
17 36 09 +69 58 50 NGC 6424 GALXY15.0
17 36 17 +68 01 50 NGC 6422 GALXY15.0
17 36 43 +50 45 50 NGC 6409 GALXY15.0
17 36 41 +68 08 50 NGC 6423 GALXY15.5
17 36 43 +72 04 50 NGC 6434 GALXY12.4
17 38 10 +58 42 50 NGC 6418 GALXY14.5
17 38 35 +73 29 51 NGC 6461 GALXY15.5
17 40 09 +62 36 51 NGC 6435 GALXY15.0
17 41 16 +60 26 52 NGC 6436 GALXY14.0
17 42 23 +67 33 52 NGC 6456 GALXY15.5
17 42 48 +66 27 52 NGC 6457 GALXY14.2
17 43 29 +67 34 53 NGC 6463 GALXY15.0
17 43 47 +56 46 53 NGC 6449 GALXY13.8
17 43 53 +67 36 53 NGC 6477 GALXY
17 44 05 +67 33 53 NGC 6470 GALXY15.5
17 44 05 +67 33 53 NGC 6471 GALXY15.5
17 44 11 +67 35 53 NGC 6472 GALXY14.2
17 44 24 +53 31 53 NGC 6448 NONEX
17 44 45 +61 52 53 NGC 6462 GALXY13.9
17 45 06 +55 40 53 NGC 6454 GALXY13.5
17 45 51 +60 52 54 NGC 6464 GALXY15.5
17 46 00 +55 44 54 NGC 6459 GALXY16.0
17 46 59 +57 19 54 NGC 6474 NONEX
17 47 05 +57 19 54 NGC 6473 GALXY15.0
17 48 19 +51 25 55 NGC 6466 GALXY15.0
17 48 24 +54 09 55 NGC 6479 GALXY13.7
17 48 49 +51 09 55 NGC 6478 GALXY13.3
17 49 21 +62 13 55 NGC 6488 GALXY14.5
17 49 21 +70 08 55 NGC 6503 GALXY10.2
17 49 49 +72 01 56 NGC 6508 GALXY12.8
17 49 57 +61 29 56 NGC 6493 GALXY14.4
17 50 04 +60 05 56 NGC 6489 GALXY15.5
17 50 09 +61 31 56 NGC 6491 GALXY13.6
17 50 09 +61 32 56 NGC 6493A GALXY
17 51 04 +59 28 56 NGC 6498 NONEX
17 51 16 +59 29 56 NGC 6497 GALXY13.5
17 51 19 +65 32 56 NGC 6505 GALXY15.5
17 54 05 +73 24 57 NGC 6538 GALXY14.0
17 54 39 +60 49 58 NGC 6510 GALXY14.5
17 54 50 +62 38 58 NGC 6512 GALXY13.9
17 55 03 +60 48 58 NGC 6511 NONEX
17 55 14 +62 39 58 NGC 6516 GALXY15.5
17 55 50 +62 36 58 NGC 6521 GALXY12.9
17 56 01 +64 18 58 NGC 6534 GALXY14.4
17 57 19 +64 55 59 NGC 6536 GALXY13.4
17 57 31 +50 43 59 NGC 6515 GALXY13.0
17 58 36 +66 37 59 NGC 6543 PLNNB08.3
17 59 11 +56 13 00 NGC 6532 GALXY13.9
17 59 45 +61 21 00 NGC 6542 GALXY13.3
18 00 06 +66 36 00 NGC 6552 GALXY13.6
18 04 59 +56 15 02 NGC 6562 GALXY14.5
18 07 07 +52 16 03 NGC 6566 GALXY15.5
18 08 46 +69 04 04 NGC 6598 GALXY14.0
18 09 57 +61 25 04 NGC 6592 GALXY15.5
18 10 15 +61 07 04 NGC 6594 GALXY15.5
18 11 21 +61 10 05 NGC 6597 GALXY15.5
18 11 57 +61 26 05 NGC 6601 GALXY15.5
18 12 21 +61 19 05 NGC 6607 GALXY15.0
18 12 39 +61 19 06 NGC 6608 GALXY15.5
18 12 39 +61 19 06 NGC 6609 GALXY15.5
18 12 59 +68 21 06 NGC 6621 GALXY13.5
18 12 59 +68 20 06 NGC 6622 GALXY13.5
18 14 09 +61 19 06 NGC 6617 GALXY14.6
18 19 39 +74 35 09 NGC 6643 GALXY11.1
18 21 56 +64 22 10 PK 94+27.1PLNNB14.2
18 22 00 +66 38 10 NGC 6636 GALXY14.0
18 24 05 +73 11 11 NGC 6654 GALXY12.0
18 24 13 +71 36 11 NGC 6651 GALXY13.1
18 25 23 +68 00 11 NGC 6650 GALXY15.0
18 25 37 +64 59 11 NGC 6648 NONEX
18 30 35 +67 59 13 NGC 6667 GALXY12.6
18 30 48 +67 09 13 NGC 6668 NONEX
18 33 12 +66 57 14 NGC 6676 GALXY14.4
18 33 11 +67 51 14 NGC 6678 NONEX
18 33 34 +59 53 15 NGC 6670 GALXY15.5
18 33 36 +67 08 15 NGC 6677 GALXY13.5
18 33 36 +67 08 15 NGC 6679 GALXY13.5
18 34 02 +49 16 15 IC 1291 GALXY13.0
18 34 45 +70 31 15 NGC 6690 GALXY12.5
18 34 45 +70 31 15 NGC 6689 NONEX
18 37 16 +59 37 16 NGC 6687 GALXY14.0
18 39 24 +55 37 17 NGC 6691 GALXY12.9
18 39 17 +73 34 17 NGC 6654A GALXY12.9
18 40 04 +59 19 17 NGC 6696 GALXY16.0
18 43 16 +60 41 19 NGC 6701 GALXY12.1
18 45 54 +66 44 20 NGC 6714 NONEX
18 49 08 +47 40 21 NGC 6711 GALXY12.9
18 55 12 +72 47 24 NGC 6747 GALXY15.0
18 56 31 +52 22 24 NGC 6732 GALXY14.5
18 59 26 +48 28 26 NGC 6742 PLNNB13.4
19 00 47 +59 10 26 NGC 6750 GALXY13.5
19 05 12 +55 43 28 NGC 6757 GALXY12.9
19 05 26 +63 56 28 NGC 6763 NONEX
19 05 38 +63 56 28 NGC 6762 GALXY13.4
19 07 02 +50 19 29 NGC 6759 GALXY15.0
19 10 48 +73 24 31 NGC 6786 GALXY12.8
19 16 22 +60 25 33 NGC 6787 GALXY13.9
19 16 44 +64 00 33 NGC 6789 GALXY13.3
19 21 28 +61 09 35 NGC 6796 GALXY12.6
19 37 28 +62 22 41 NGC 6817 GALXY15.5
19 41 45 +64 05 43 NGC 6825 GALXY15.5
19 47 11 +59 55 45 NGC 6829 GALXY14.1
19 47 59 +59 54 45 NGC 6831 GALXY13.3
19 48 11 +59 25 46 NGC 6832 NONEX
20 00 44 +66 13 50 NGC 6869 GALXY12.0
20 04 25 +74 27 52 PK107+21.1PLNNB14.5
20 19 39 +66 45 57 NGC 6911 GALXY14.3
