01 47 53 -52 45 31 NGC 685 GALXY11.0
01 54 17 -56 40 32 NGC 745 UVSOB
01 54 34 -56 44 32 NGC 754 UVSOB
01 57 52 -57 45 33 NGC 782 GALXY11.9
01 59 58 -55 47 33 NGC 795 UVSOB
02 09 04 -56 42 35 NGC 852 GALXY13.4
02 26 35 -44 24 40 NGC 939 GALXY13.0
02 29 00 -41 21 40 NGC 954 GALXY12.8
02 31 41 -44 29 41 NGC 979 GALXY12.8
02 45 20 -17 37 45 NGC 1098 GALXY12.6
02 45 26 -15 33 45 NGC 1081 GALXY13.0
02 45 38 -17 39 45 NGC 1099 GALXY13.1
02 45 50 -17 29 45 NGC 1091 GALXY14.1
02 45 56 -17 30 45 NGC 1092 GALXY13.4
02 45 57 -08 11 45 NGC 1082 GALXY15.5
02 46 02 -17 38 45 NGC 1100 GALXY13.0
02 46 02 -15 18 45 NGC 1083 GALXY14.0
02 46 09 -07 33 45 NGC 1084 GALXY10.7
02 46 38 -15 02 45 NGC 1089 GALXY14.0
02 47 20 -22 12 45 NGC 1102 GALXY14.0
02 48 14 -13 55 46 NGC 1103 GALXY12.9
02 48 38 -17 58 46 NGC 1119 1STAR
02 48 51 -07 56 46 NGC 1108 GALXY
02 49 26 -16 58 46 NGC 1114 GALXY13.0
02 49 27 -07 50 46 NGC 1110 GALXY14.0
02 49 26 -14 25 46 NGC 1120 GALXY14.0
02 50 14 -12 07 46 NGC 1118 GALXY14.0
02 51 03 -01 42 46 NGC 1121 GALXY12.9
02 52 02 -16 36 47 NGC 1125 GALXY12.6
02 52 39 -01 16 47 NGC 1126 GALXY14.6
02 52 38 -15 40 47 NGC 1105 GALXY15.0
02 52 57 -08 45 47 NGC 1133 GALXY15.0
02 53 09 -01 14 47 NGC 1132 GALXY12.3
02 53 08 -14 29 47 NGC 1139 GALXY15.0
02 54 51 -10 00 47 NGC 1140 GALXY12.5
02 54 50 -18 36 47 NGC 1145 GALXY12.5
02 55 33 -09 05 48 NGC 1147 NONEX
02 57 21 -07 40 48 NGC 1148 GALXY15.0
02 57 20 -15 01 48 NGC 1150 GALXY15.0
02 57 20 -14 58 48 NGC 1151 GALXY
02 57 32 -14 21 48 NGC 1158 GALXY15.0
02 57 51 -07 45 48 NGC 1152 GALXY15.0
02 58 21 -10 19 49 NGC 1154 GALXY14.0
02 58 27 -10 18 49 NGC 1155 GALXY14.0
02 58 26 -15 05 49 NGC 1157 GALXY
02 59 08 -12 22 49 NGC 1162 GALXY13.0
03 00 38 -17 07 49 NGC 1163 GALXY13.8
03 01 56 -14 48 50 NGC 1172 GALXY11.9
03 02 26 -14 59 50 NGC 1180 NONEX
03 02 26 -15 01 50 NGC 1181 NONEX
03 02 49 -22 50 50 NGC 1187 GALXY10.8
03 02 50 -18 52 50 NGC 1179 GALXY12.0
03 03 15 -09 06 50 NGC 1185 GALXY15.0
03 03 38 -15 35 50 NGC 1189 GALXY13.9
03 03 38 -12 00 50 NGC 1195 GALXY14.0
03 03 44 -12 03 50 NGC 1196 GALXY14.0
03 03 44 -15 37 50 NGC 1190 GALXY14.2
03 03 45 -09 38 50 NGC 1182 GALXY
03 03 50 -15 38 50 NGC 1191 GALXY14.3
03 03 56 -15 34 50 NGC 1199 GALXY11.4
03 03 56 -15 38 50 NGC 1192 GALXY14.4
03 03 56 -15 27 50 NGC 1188 GALXY
03 04 02 -11 57 50 NGC 1200 GALXY13.0
03 04 50 -12 18 51 NGC 1204 GALXY15.0
03 05 09 -06 27 51 NGC 1202 GALXY
03 05 26 -14 20 51 NGC 1203A GALXY15.0
03 05 26 -14 20 51 NGC 1203B GALXY16.0
03 05 39 -09 39 51 NGC 1205 NONEX
03 06 21 -08 48 51 NGC 1206 GALXY
03 06 26 -15 34 51 NGC 1209 GALXY11.4
03 06 27 -09 30 51 NGC 1208 GALXY14.0
03 07 09 -09 30 51 NGC 1214 GALXY14.0
03 07 21 -09 33 51 NGC 1215 GALXY14.1
03 07 33 -09 34 51 NGC 1216 GALXY14.8
03 08 25 -22 53 52 NGC 1228 GALXY13.2
03 08 25 -22 55 52 NGC 1229 GALXY14.0
03 08 27 -04 13 52 NGC 1221 GALXY15.0
03 08 31 -22 58 52 NGC 1230 GALXY14.4
03 08 39 -04 06 52 NGC 1225 GALXY15.0
03 09 09 -04 04 52 NGC 1223 GALXY15.0
03 09 15 -02 55 52 NGC 1222 GALXY12.5
03 09 51 -07 49 52 NGC 1234 GALXY15.0
03 09 50 -15 33 52 NGC 1231 NONEX
03 09 56 -20 32 52 NGC 1232 GALXY09.9
03 10 26 -20 33 52 NGC 1232A GALXY14.7
03 10 31 -22 22 52 IC 1898 GALXY12.9
03 10 57 -08 38 53 NGC 1237 2STAR
03 11 08 -10 43 53 NGC 1238 GALXY14.0
03 11 15 -02 29 53 NGC 1239 GALXY15.0
03 11 27 -08 53 53 NGC 1241 GALXY12.0
03 11 33 -08 52 53 NGC 1242 GALXY13.7
03 11 39 -08 55 53 NGC 1243 2STAR
03 12 26 -10 26 53 NGC 1247 GALXY12.5
03 12 57 -05 11 53 NGC 1248 GALXY12.5
03 14 07 -21 43 54 NGC 1258 GALXY13.3
03 14 07 -21 56 54 NGC 1256 GALXY13.6
03 14 27 -02 46 54 NGC 1253 GALXY11.7
03 14 59 -41 02 54 NGC 1269 NONEX
03 15 56 -15 50 54 NGC 1262 GALXY14.2
03 16 02 -15 04 54 NGC 1263 GALXY15.0
03 16 15 -02 22 54 NGC 1266 GALXY14.0
03 17 29 -41 04 55 NGC 1291 GALXY08.5
03 17 50 -10 16 55 NGC 1284 GALXY14.0
03 18 03 -07 18 55 NGC 1285 GALXY14.0
03 18 03 -07 37 55 NGC 1286 GALXY15.0
03 18 51 -02 43 55 NGC 1287 GALXY
03 19 09 -01 57 55 NGC 1289 GALXY12.6
03 19 08 -13 02 55 NGC 1296 GALXY14.0
03 19 26 -19 03 55 NGC 1297 GALXY11.8
03 19 44 -13 59 55 NGC 1290 GALXY
03 19 56 -19 22 55 NGC 1300 GALXY10.4
03 20 14 -13 59 56 NGC 1295 GALXY15.0
03 20 21 -06 15 56 NGC 1299 GALXY14.0
03 20 33 -02 05 56 NGC 1298 GALXY14.0
03 20 44 -18 43 56 NGC 1301 GALXY13.4
03 20 57 -07 23 56 NGC 1303 GALXY15.0
03 21 15 -04 33 56 NGC 1304 GALXY14.5
03 21 33 -02 17 56 NGC 1305 GALXY13.3
03 22 20 -15 23 56 NGC 1309 GALXY11.5
03 22 27 -04 31 56 NGC 1307 NONEX
03 22 45 -02 43 56 NGC 1308 GALXY15.0
03 22 51 -04 09 56 NGC 1314 GALXY15.5
03 23 19 -21 21 57 NGC 1315 GALXY12.4
03 24 07 -21 29 57 NGC 1319 GALXY12.9
03 24 43 -21 31 57 NGC 1325 GALXY11.5
03 25 09 -03 00 57 NGC 1320 GALXY12.4
03 25 07 -21 19 57 NGC 1325A GALXY13.5
03 25 09 -02 58 57 NGC 1321 GALXY14.0
03 25 15 -05 43 57 NGC 1324 GALXY14.0
03 25 15 -02 52 57 NGC 1322 GALXY15.0
03 25 15 -02 47 57 NGC 1323 GALXY
03 25 51 -04 06 57 NGC 1328 GALXY
03 26 08 -17 35 58 NGC 1329 GALXY12.6
03 26 31 -21 19 58 NGC 1332 GALXY10.3
03 26 43 -21 20 58 NGC 1331 GALXY13.4
03 28 15 -08 22 58 NGC 1337 GALXY11.9
03 29 14 -12 08 59 NGC 1338 GALXY13.0
03 29 32 -17 46 59 NGC 1345 GALXY13.8
03 29 55 -22 14 59 NGC 1347 GALXY13.0
03 30 21 -05 31 59 NGC 1346 GALXY15.0
03 31 44 -19 15 00 NGC 1352 GALXY13.3
03 32 13 -20 49 00 NGC 1353 GALXY11.4
03 32 38 -15 12 00 NGC 1354 GALXY14.0
03 33 32 -13 39 00 NGC 1357 GALXY11.5
03 33 33 -04 59 00 NGC 1355 GALXY13.3
03 33 49 -21 28 00 IC 1953 GALXY11.7
03 33 51 -05 05 00 NGC 1358 GALXY12.1
03 33 55 -19 30 00 NGC 1359 GALXY12.2
03 34 01 -20 16 00 NGC 1362 GALXY12.5
03 34 27 -06 14 00 NGC 1361 GALXY
03 35 02 -09 49 01 NGC 1363 GALXY
03 35 14 -15 37 01 NGC 1368 GALXY15.0
03 35 14 -09 49 01 NGC 1364 GALXY
03 35 25 -20 21 01 NGC 1370 GALXY12.4
03 36 55 -20 53 01 NGC 1377 GALXY12.4
03 36 59 -36 15 01 NGC 1392 GALXY
03 37 05 -35 59 01 NGC 1386 GALXY11.2
03 37 14 -15 52 01 NGC 1372 GALXY
03 37 21 -05 01 01 NGC 1376 GALXY12.1
03 37 23 -35 44 02 NGC 1389 GALXY11.5
03 37 50 -18 19 02 NGC 1383 GALXY12.5
03 38 08 -18 59 02 NGC 1390 GALXY13.7
03 38 18 -35 25 02 NGC 1396 GALXY13.8
03 38 32 -15 52 02 NGC 1388 GALXY
03 38 43 -23 00 02 NGC 1395 GALXY09.6
03 38 50 -18 25 02 NGC 1393 GALXY12.0
03 39 02 -18 20 02 NGC 1391 GALXY13.3
03 39 14 -18 16 02 NGC 1394 GALXY12.8
03 39 31 -22 22 02 NGC 1403 GALXY12.7
03 39 38 -18 40 02 NGC 1400 GALXY11.0
03 39 37 -22 42 02 NGC 1401 GALXY12.3
03 39 38 -18 30 02 NGC 1402 GALXY13.6
03 39 47 -35 36 02 NGC 1427A GALXY12.9
03 39 51 -04 39 02 NGC 1397 GALXY14.5
03 40 20 -18 33 03 NGC 1407 GALXY09.7
03 40 26 -15 29 03 NGC 1405 GALXY16.0
03 40 32 -15 34 03 NGC 1413 GALXY
03 40 47 -37 30 03 NGC 1419 GALXY12.6
03 40 55 -21 40 03 NGC 1414 GALXY13.8
03 41 07 -22 32 03 NGC 1415 GALXY11.9
03 41 13 -22 45 03 NGC 1416 GALXY12.9
03 41 43 -21 40 03 NGC 1422 GALXY13.2
03 42 09 -04 41 03 NGC 1417 GALXY12.1
03 42 27 -04 42 03 NGC 1418 GALXY13.6
03 42 50 -13 29 03 NGC 1421 GALXY11.4
03 42 51 -06 21 03 NGC 1423 GALXY15.0
03 42 57 -05 50 03 NGC 1420 3STAR
03 43 01 -22 05 04 NGC 1426 GALXY11.4
03 43 05 -36 15 04 NGC 1437A GALXY
03 43 27 -04 42 04 NGC 1424 GALXY13.8
03 43 29 -36 06 04 NGC 1436 NONEX
03 43 38 -18 13 04 NGC 1430 NONEX
03 43 41 -35 50 04 NGC 1437 GALXY11.7
03 44 15 -04 42 04 NGC 1429 1STAR
03 44 38 -09 40 04 NGC 1434 NONEX
03 45 01 -21 54 04 NGC 1439 GALXY11.4
03 45 08 -09 49 04 NGC 1445 GALXY
03 45 14 -18 16 04 NGC 1440 GALXY11.5
03 45 13 -19 14 04 NGC 1442 NONEX
03 45 32 -18 36 04 NGC 1452 GALXY11.8
03 45 37 -22 59 04 NGC 1438 GALXY12.4
03 45 51 -04 04 05 NGC 1441 GALXY12.9
03 45 50 -09 12 05 NGC 1450 GALXY
03 45 57 -04 00 05 NGC 1443 1STAR
03 45 59 -36 20 05 NGC 1437B GALXY
03 46 02 -08 58 05 NGC 1447 GALXY
03 46 09 -04 07 05 NGC 1449 GALXY13.5
03 46 09 -04 02 05 NGC 1446 NONEX
03 46 07 -20 40 05 NGC 1454 NONEX
03 46 15 -04 03 05 NGC 1451 GALXY13.3
03 46 17 -36 40 05 NGC 1460 GALXY12.5
03 46 19 -18 37 05 NGC 1455 GALXY
03 46 39 -03 57 05 NGC 1453 GALXY11.5
03 47 14 -18 13 05 NGC 1458 NONEX
03 48 32 -16 22 06 NGC 1461 GALXY11.8
03 51 44 -15 24 07 NGC 1464 GALXY
03 52 08 -08 50 07 NGC 1467 GALXY15.0
03 52 27 -06 20 07 NGC 1468 GALXY15.0
03 52 26 -09 00 07 NGC 1470 GALXY15.0
03 53 20 -15 23 07 NGC 1471 NONEX
03 53 57 -08 34 08 NGC 1472 GALXY
03 54 15 -08 34 08 NGC 1477 GALXY
03 54 17 -35 58 08 IC 2006 GALXY11.3
03 54 21 -08 06 08 NGC 1475 NONEX
03 54 21 -08 33 08 NGC 1478 GALXY
03 54 23 -36 59 08 NGC 1484 GALXY12.9
03 54 26 -10 24 08 NGC 1474 GALXY14.0
03 54 37 -20 24 08 NGC 1481 GALXY13.4
03 54 38 -10 11 08 NGC 1479 NONEX
03 54 44 -10 14 08 NGC 1480 NONEX
03 54 55 -20 29 08 NGC 1482 GALXY12.1
03 55 52 -42 22 08 NGC 1487 GALXY11.9
03 56 31 -21 48 08 NGC 1486 GALXY14.4
03 57 49 -19 13 09 NGC 1489 GALXY13.8
03 58 17 -35 26 09 NGC 1492 GALXY13.4
04 00 44 -12 00 10 NGC 1498 NONEX
04 02 44 -09 18 11 NGC 1504 GALXY15.0
04 02 56 -09 17 11 NGC 1505 GALXY15.0
04 04 14 -11 11 11 NGC 1509 GALXY15.0
04 04 33 -02 11 12 NGC 1507 GALXY12.3
04 07 07 -21 09 13 NGC 1518 GALXY11.8
04 08 14 -17 11 13 NGC 1519 GALXY12.9
04 08 20 -08 52 13 NGC 1516A GALXY15.0
04 08 20 -08 52 13 NGC 1516B GALXY15.0
04 08 37 -21 02 13 NGC 1521 GALXY11.4
04 10 32 -08 47 14 NGC 1524 NONEX
04 10 32 -08 47 14 NGC 1525 NONEX
04 12 12 -32 50 15 NGC 1531 GALXY12.2
04 12 18 -32 51 15 NGC 1532 GALXY09.9
04 14 00 -31 32 15 NGC 1537 GALXY10.6
04 14 26 -12 43 15 NGC 1535 PLNNB10.4
04 14 56 -13 11 16 NGC 1538 GALXY15.0
04 15 36 -28 23 16 NGC 1540 GALXY
04 17 25 -17 50 17 NGC 1547 GALXY13.6
04 20 33 -00 39 18 NGC 1552 GALXY12.9
04 21 56 -15 44 18 NGC 1562 GALXY
04 23 02 -15 43 19 NGC 1563 GALXY15.0
04 23 08 -15 43 19 NGC 1564 GALXY
04 23 14 -15 50 19 NGC 1561 GALXY15.0
04 23 38 -15 44 19 NGC 1565 GALXY15.0
04 24 39 -00 44 19 NGC 1568 GALXY15.0
04 25 01 -21 10 20 Eridanus CGLOCL15.3
04 26 27 -03 36 20 NGC 1576 GALXY15.0
04 26 32 -10 06 20 NGC 1577 NONEX
04 26 38 -10 04 20 NGC 1575 GALXY13.0
04 28 19 -17 31 21 NGC 1584 GALXY13.8
04 28 27 -05 10 21 NGC 1580 GALXY14.5
04 28 31 -17 36 21 NGC 1583 GALXY15.0
04 29 36 -26 43 21 NGC 1591 GALXY12.8
04 29 48 -27 24 21 NGC 1592 GALXY13.7
04 30 57 -00 17 22 NGC 1586 GALXY13.2
04 31 03 -05 47 22 NGC 1594 GALXY14.0
04 31 26 -11 16 22 NGC 1597 GALXY15.0
04 31 51 -05 03 22 NGC 1600 GALXY10.9
04 31 51 -04 34 22 NGC 1599 GALXY13.7
04 31 51 -05 03 22 NGC 1601 GALXY13.8
04 31 57 -05 05 22 NGC 1603 GALXY13.8
04 32 09 -05 21 22 NGC 1604 GALXY14.5
04 32 09 -05 02 22 NGC 1606 GALXY17.0
04 32 15 -04 26 22 NGC 1607 GALXY15.0
04 32 51 -04 21 23 NGC 1609 GALXY15.0
04 33 15 -04 16 23 NGC 1611 GALXY15.0
04 33 21 -04 09 23 NGC 1612 GALXY15.0
04 33 33 -04 14 23 NGC 1613 GALXY15.0
04 34 14 -08 34 23 NGC 1614 GALXY12.9
04 34 21 -04 41 23 NGC 1610 GALXY
04 35 50 -13 32 24 NGC 1623 GALXY
04 36 27 -03 08 24 NGC 1618 GALXY12.7
04 36 27 -04 49 24 NGC 1619 NONEX
04 36 33 -04 57 24 NGC 1621 GALXY14.5
04 36 51 -03 10 24 NGC 1622 GALXY12.5
04 36 57 -00 08 24 NGC 1620 GALXY12.3
04 37 21 -03 17 25 NGC 1625 GALXY12.3
04 37 27 -04 59 25 NGC 1626 NONEX
04 37 31 -18 53 25 NGC 1630 GALXY14.1
04 37 45 -04 50 25 NGC 1627 GALXY13.0
04 37 45 -04 41 25 NGC 1628 GALXY14.0
04 38 37 -20 39 25 NGC 1631 GALXY13.4
04 40 08 -09 26 26 NGC 1632 GALXY13.0
04 40 27 -00 32 26 NGC 1635 GALXY12.4
04 40 56 -08 35 26 NGC 1636 GALXY14.0
04 41 01 -16 58 26 NGC 1639 3STAR
04 41 39 -02 49 26 NGC 1637 GALXY10.8
04 41 57 -01 47 26 NGC 1638 GALXY12.0
04 42 31 -20 25 27 NGC 1640 GALXY11.7
04 43 51 -05 16 27 NGC 1643 GALXY14.0
04 44 15 -05 25 27 NGC 1645 GALXY14.0
04 44 32 -08 32 27 NGC 1646 GALXY14.5
04 44 44 -08 28 28 NGC 1648 GALXY16.0
04 45 20 -15 50 28 NGC 1650 GALXY14.0
04 46 03 -05 07 28 NGC 1656 GALXY14.0
04 46 09 -02 23 28 NGC 1653 GALXY12.0
04 46 09 -02 04 28 NGC 1654 GALXY13.4
04 46 27 -02 03 28 NGC 1657 GALXY13.8
04 46 39 -04 46 28 NGC 1659 GALXY12.5
04 48 27 -05 24 29 NGC 1665 GALXY14.0
04 48 39 -06 32 29 NGC 1666 GALXY12.6
04 48 51 -06 17 29 NGC 1667 GALXY12.1
04 51 03 -04 50 30 NGC 1677 GALXY15.0
04 51 57 -05 48 31 NGC 1681 GALXY13.5
04 53 02 -15 21 31 NGC 1686 GALXY14.0
04 53 51 -06 19 31 NGC 1689 NONEX
04 54 55 -20 33 32 NGC 1692 GALXY13.0
04 55 27 -04 38 32 NGC 1694 GALXY15.0
04 57 09 -04 51 33 NGC 1700 GALXY11.2
04 57 09 -04 45 33 NGC 1699 GALXY15.0
04 59 26 -11 07 34 NGC 1721 GALXY13.0
04 59 38 -10 58 34 NGC 1723 GALXY12.0
04 59 38 -07 51 34 NGC 1720 GALXY13.0
04 59 38 -11 07 34 NGC 1725 GALXY13.0
04 59 44 -11 07 34 NGC 1728 GALXY13.0
04 59 56 -07 44 34 NGC 1726 GALXY11.7
05 01 51 -04 15 35 NGC 1741 GALXY12.5
05 02 26 -08 13 35 NGC 1752 GALXY12.4
05 02 51 -04 43 35 NGC 1757 NONEX
05 05 32 -09 08 36 NGC 1779 GALXY12.1
05 07 09 -07 12 37 IC 2118 BRTNB
05 07 56 -08 01 37 NGC 1797 GALXY15.0
05 07 56 -07 57 37 NGC 1799 GALXY15.0
