15 53 04 +40 38 07 NGC 6013 GALXY13.6
16 01 37 +19 20 10 NGC 6028 GALXY13.5
16 02 01 +17 57 11 NGC 6030 GALXY12.8
16 02 26 +15 54 11 Abell 2147GALCL13.8
16 03 13 +20 57 11 NGC 6032 GALXY13.5
16 03 38 +17 11 11 NGC 6034 GALXY13.5
16 03 37 +20 53 11 NGC 6035 GALXY13.5
16 04 32 +17 44 12 NGC 6039 1STAR14.5
16 04 32 +17 44 12 NGC 6040 GALXY14.5
16 04 34 +40 40 12 NGC 6058 PLNNB13.0
16 04 44 +17 42 12 NGC 6041 GALXY13.7
16 04 50 +17 41 12 NGC 6042 GALXY13.9
16 05 07 +17 46 12 NGC 6043 GALXY15.5
16 05 07 +19 20 12 NGC 6046 NONEX
16 05 13 +17 51 12 NGC 6044 GALXY14.3
16 05 20 +17 43 12 NGC 6047 GALXY13.5
16 05 19 +17 44 12 NGC 6045 GALXY13.9
16 05 20 +17 42 12 Abell 2151GALCL15.0
16 05 25 +20 31 12 NGC 6052 GALXY13.0
16 05 32 +16 26 12 Abell 2152GALCL13.8
16 05 31 +17 45 12 NGC 6050 GALXY14.7
16 05 37 +17 46 12 NGC 6054 GALXY15.2
16 05 37 +18 07 12 NGC 6053 1STAR15.5
16 05 43 +18 05 12 NGC 6055 GALXY13.7
16 05 43 +17 57 12 NGC 6056 GALXY13.9
16 05 49 +18 09 12 NGC 6057 GALXY14.7
16 05 52 +41 20 12 UGC 10200 GALXY13.6
16 06 07 +21 29 12 NGC 6060 GALXY13.1
16 06 25 +18 14 12 NGC 6061 GALXY13.6
16 06 31 +19 46 12 NGC 6062 GALXY13.6
16 07 13 +20 32 13 NGC 6064 NONEX
16 10 20 +16 41 14 NGC 6073 GALXY13.5
16 11 20 +14 56 14 Pal 14 GLOCL14.8
16 11 38 +14 14 14 NGC 6074 GALXY15.5
16 11 37 +23 56 14 NGC 6075 GALXY15.5
16 12 20 +14 11 15 NGC 6078 GALXY14.5
16 12 26 +12 03 15 IC 4593 PLNNB11.0
16 13 14 +09 51 15 NGC 6081 GALXY13.1
16 13 32 +14 09 15 NGC 6083 GALXY15.0
16 14 25 +17 44 15 NGC 6084 GALXY13.9
16 15 49 +19 26 16 NGC 6098 GALXY14.5
16 15 49 +19 26 16 NGC 6099 GALXY14.5
16 19 03 +07 23 17 NGC 6106 GALXY12.2
16 19 26 +14 06 17 NGC 6113 GALXY15.0
16 23 56 +11 47 19 NGC 6132 GALXY13.6
16 25 04 +41 01 20 NGC 6138 GALXY15.0
16 25 10 +40 55 20 NGC 6145 GALXY15.0
16 25 10 +40 53 20 NGC 6147 GALXY17.0
16 25 16 +40 54 20 NGC 6141 GALXY16.0
16 25 22 +40 52 20 NGC 6146 GALXY12.5
16 25 44 +49 50 20 NGC 6154 GALXY12.7
16 25 52 +40 26 20 NGC 6150B GALXY15.0
16 25 58 +40 29 20 NGC 6150 GALXY14.0
16 26 14 +48 21 20 NGC 6155 GALXY12.2
16 27 19 +24 04 20 NGC 6148 GALXY
16 27 37 +19 35 21 NGC 6149 GALXY13.5
16 27 34 +42 40 21 NGC 6159 GALXY14.2
16 27 35 +38 03 21 DoDz 5 OPNCL
16 27 42 +27 53 21 PK 47+42.1PLNNB12.9
16 27 46 +40 55 21 NGC 6160 GALXY13.2
16 27 52 +40 54 21 Abell 2197GALCL14.0
16 27 58 +39 23 21 NGC 6158 GALXY13.7
16 28 29 +32 51 21 NGC 6162 GALXY13.6
16 28 29 +32 48 21 NGC 6161 GALXY14.6
16 28 35 +32 51 21 NGC 6163 GALXY14.3
16 28 40 +39 34 21 NGC 6166C GALXY
16 28 46 +39 30 21 Abell 2199GALCL13.0
16 28 46 +39 31 21 NGC 6166A GALXY
16 28 46 +39 33 21 NGC 6166D GALXY
16 28 52 +39 33 21 NGC 6166 GALXY11.8
16 29 10 +39 33 21 NGC 6166B GALXY
16 29 52 +40 48 22 NGC 6173 GALXY12.1
16 29 52 +40 50 22 NGC 6174 GALXY15.0
16 30 04 +40 38 22 NGC 6175 GALXY15.0
16 30 40 +40 33 22 NGC 6180 GALXY14.1
16 30 47 +35 03 22 NGC 6177 GALXY13.6
16 30 53 +35 06 22 NGC 6179 GALXY15.5
16 31 37 +20 11 22 NGC 6168 GALXY14.3
16 31 40 +40 34 22 NGC 6184 GALXY15.0
16 32 37 +19 49 23 NGC 6181 GALXY11.9
16 33 23 +35 19 23 NGC 6185 GALXY13.3
16 34 37 +21 32 23 NGC 6186 GALXY12.9
16 36 46 +39 01 24 NGC 6195 GALXY13.0
16 36 47 +36 10 24 NGC 6194 GALXY14.5
16 37 35 +36 05 25 NGC 6196 GALXY12.9
16 37 41 +36 01 25 NGC 6197 GALXY15.5
16 38 28 +41 55 25 UGC 10491 GALXY13.7
16 39 11 +36 05 25 NGC 6199 1STAR15.5
16 40 25 +23 44 26 NGC 6201 GALXY15.5
16 40 37 +23 45 26 NGC 6203 GALXY15.5
16 41 53 +36 27 26 NGC 6205 GLOCL05.9
16 41 54 +27 46 26 PK352+11.1PLNNB
16 43 10 +38 47 27 3C 345 QUASR15.0
16 43 17 +36 49 27 NGC 6207 GALXY11.6
16 43 28 +39 47 27 NGC 6212 GALXY14.1
16 44 43 +23 48 28 NGC 6210 PLNNB09.7
16 45 28 +38 16 28 DoDz 6 OPNCL
16 46 10 +38 16 28 DoDz 6 OPNCL
16 46 32 +09 01 28 NGC 6219 GALXY15.0
16 47 08 +47 31 29 NGC 6229 GLOCL09.4
16 48 12 +26 11 29 NGC 6228 GALXY13.9
16 48 09 +45 03 29 Zwicky's tGALXY14.4
16 48 27 +06 17 29 NGC 6224 GALXY13.5
16 48 33 +06 12 29 NGC 6225 GALXY13.8
16 50 15 +42 42 30 NGC 6239 GALXY12.4
16 50 19 +23 33 30 NGC 6233 GALXY13.3
16 50 15 +45 23 30 NGC 6241 GALXY15.0
16 50 51 +04 34 30 NGC 6230 GALXY15.5
16 52 43 +23 20 31 NGC 6243 GALXY14.1
16 54 59 +36 30 32 NGC 6255 GALXY12.7
16 56 10 +39 38 32 NGC 6257 GALXY15.5
16 56 42 +27 59 33 NGC 6261 GALXY14.0
16 56 54 +27 49 33 NGC 6263 GALXY13.7
16 57 30 +27 51 33 NGC 6264 GALXY14.4
16 57 42 +27 50 33 NGC 6265 GALXY14.2
16 58 12 +27 51 33 NGC 6269 GALXY12.2
16 58 25 +22 58 33 NGC 6267 GALXY13.1
16 58 54 +27 37 34 NGC 6270 GALXY15.0
16 59 00 +27 58 34 NGC 6271 GALXY14.0
16 59 06 +27 55 34 NGC 6272 GALXY14.4
16 59 08 +47 13 34 NGC 6279 GALXY13.6
16 59 32 +49 55 34 NGC 6283 GALXY13.5
16 59 36 +29 56 34 NGC 6274 GALXY14.5
17 00 31 +23 06 34 NGC 6276 GALXY
17 01 00 +29 49 34 NGC 6282 GALXY14.1
17 01 01 +23 02 34 NGC 6277 GALXY15.0
17 01 07 +23 00 34 NGC 6278 GALXY12.4
17 08 45 +42 19 38 NGC 6301 GALXY13.4
17 10 32 +48 18 38 NGC 6313 GALXY13.9
17 10 46 +41 38 39 NGC 6311 GALXY13.5
17 10 50 +15 31 39 DoDz 7 OPNCL
17 10 57 +42 16 39 NGC 6312 GALXY15.5
17 12 07 +23 21 39 NGC 6308 GALXY13.4
17 12 49 +23 15 39 NGC 6314 GALXY12.9
17 12 55 +23 12 39 NGC 6315 GALXY13.2
17 13 04 +40 15 40 NGC 6320 GALXY13.9
17 13 27 +43 45 40 NGC 6323 GALXY13.9
17 13 56 +49 15 40 PK 75+35.1PLNNB14.5
17 14 09 +43 37 40 NGC 6327 GALXY15.5
17 14 27 +43 40 40 NGC 6329 GALXY12.8
17 14 43 +20 17 40 NGC 6321 GALXY13.4
17 15 09 +43 38 40 NGC 6332 GALXY13.6
17 16 00 +29 22 41 NGC 6330 GALXY14.0
17 16 27 +43 47 41 NGC 6336 GALXY13.6
17 17 15 +43 07 41 NGC 6341 GLOCL06.5
17 17 16 +40 49 41 NGC 6339 GALXY12.7
17 17 21 +42 26 41 NGC 6344 GALXY
17 17 28 +41 02 41 NGC 6343 GALXY14.5
17 18 34 +41 38 42 NGC 6348 GALXY15.5
17 18 52 +41 40 42 NGC 6350 GALXY13.2
17 19 02 +49 51 42 UGC 10806 GALXY13.2
17 19 17 +36 02 42 NGC 6349 GALXY15.0
17 19 23 +36 02 42 NGC 6351 GALXY16.0
17 20 07 +16 39 43 NGC 6347 GALXY13.7
17 21 26 +15 41 43 NGC 6353 NONEX
17 22 52 +41 07 44 NGC 6363 GALXY13.3
17 24 42 +29 23 45 NGC 6364 GALXY12.9
17 25 22 +37 45 45 NGC 6367 GALXY15.0
17 26 24 +24 10 45 DoDz 8 OPNCL
17 27 24 +26 29 46 NGC 6371 GALXY15.0
17 27 42 +26 27 46 NGC 6372 GALXY12.9
17 29 31 +16 11 47 NGC 6375 GALXY14.5
17 30 49 +16 16 47 NGC 6379 GALXY12.9
17 32 55 +16 23 48 NGC 6389 GALXY12.1
17 38 31 +18 49 51 NGC 6406 NONEX
17 39 01 +18 51 51 NGC 6408 GALXY12.7
17 41 54 +23 39 52 NGC 6417 GALXY13.1
17 42 43 +21 26 52 PK 45+24.1PLNNB15.1
17 43 48 +25 28 53 NGC 6427 GALXY13.3
17 44 06 +25 31 53 NGC 6428 NONEX
17 44 12 +25 20 53 NGC 6429 GALXY13.1
17 44 10 +36 45 53 NGC 6433 GALXY13.3
17 44 30 +25 29 53 NGC 6431 NONEX
17 44 44 +48 04 53 NGC 6443 GALXY13.8
17 44 49 +18 08 53 NGC 6430 ASTER
17 45 12 +27 18 53 PK 51+25.1PLNNB15.0
17 46 17 +35 32 54 NGC 6446 GALXY15.5
17 46 29 +35 32 54 NGC 6447 GALXY12.7
17 47 07 +20 45 54 NGC 6442 GALXY12.6
17 47 43 +18 34 55 NGC 6450 NONEX
17 48 13 +20 50 55 NGC 6452 GALXY15.5
17 49 25 +20 48 55 NGC 6458 GALXY13.4
17 49 35 +36 07 55 UGC 11000 GALXY13.4
17 49 49 +20 45 55 NGC 6460 GALXY13.1
17 50 55 +17 32 56 NGC 6467 GALXY12.5
17 50 55 +17 32 56 NGC 6468 NONEX
17 51 55 +23 04 56 NGC 6482 GALXY11.4
17 51 54 +24 29 56 NGC 6484 GALXY12.3
17 51 59 +31 27 56 NGC 6485 GALXY12.9
17 52 48 +29 49 57 NGC 6486 GALXY15.0
17 52 54 +29 50 57 NGC 6487 GALXY11.9
17 54 36 +27 59 58 PK 53+24.1PLNNB12.0
17 54 43 +18 22 58 NGC 6490 GALXY13.5
17 55 01 +18 19 58 NGC 6495 GALXY12.2
17 55 31 +18 22 58 NGC 6499 2STAR
17 56 13 +18 20 58 NGC 6500 GALXY12.1
17 56 11 +33 11 58 NGC 6504 GALXY12.5
17 56 19 +18 22 58 NGC 6501 GALXY12.0
17 59 20 +45 55 00 NGC 6524 GALXY12.8
17 59 42 +24 54 00 NGC 6513 GALXY13.3
17 59 54 +28 52 00 NGC 6518 GALXY15.0
18 02 01 +19 44 01 NGC 6527 GALXY13.4
18 05 18 +25 13 02 NGC 6547 GALXY13.6
18 05 26 +46 52 02 NGC 6560 GALXY13.6
18 05 43 +23 16 02 UGC 11113 GALXY13.6
18 06 01 +18 32 03 NGC 6549 GALXY13.7
18 06 01 +18 32 03 NGC 6550 NONEX
18 06 13 +18 35 03 NGC 6548 GALXY11.7
18 07 41 +35 33 03 UGC 11124 GALXY12.7
18 08 01 +17 36 03 NGC 6555 GALXY12.4
18 08 59 +31 32 04 DoDz 9 OPNCL
18 09 19 +17 24 04 NGC 6564 NONEX
18 10 59 +31 05 05 NGC 6575 GALXY12.7
18 11 07 +21 14 05 NGC 6571 GALXY15.5
18 11 07 +49 53 05 NGC 6582 GALXY15.0
18 12 02 +14 58 05 NGC 6574 GALXY12.0
18 12 01 +21 25 05 NGC 6576 GALXY15.5
18 12 19 +21 28 05 NGC 6577 GALXY12.6
18 12 34 +39 37 05 NGC 6585 GALXY12.8
18 12 43 +18 36 05 UGC 11152 GALXY13.6
18 12 49 +21 24 06 NGC 6579 GALXY14.0
18 12 48 +25 25 06 NGC 6581 GALXY15.5
18 12 55 +21 24 06 NGC 6580 GALXY14.0
18 13 55 +21 05 06 NGC 6586 GALXY14.5
18 14 07 +18 49 06 NGC 6587 GALXY12.9
18 14 13 +21 02 06 NGC 6591 GALXY
18 14 25 +22 16 06 NGC 6593 GALXY15.5
18 15 48 +24 56 07 NGC 6599 GALXY12.6
18 15 54 +25 02 07 NGC 6600 NONEX
18 16 48 +25 02 07 NGC 6602 GALXY14.5
18 17 26 +15 00 08 NGC 6610 NONEX
18 18 01 +22 15 08 NGC 6616 GALXY13.8
18 19 00 +23 40 08 NGC 6619 GALXY13.0
18 19 42 +23 43 09 NGC 6623 GALXY14.5
18 22 24 +23 29 10 NGC 6628 GALXY12.9
18 22 50 +15 42 10 NGC 6627 GALXY13.3
18 25 12 +27 32 11 NGC 6632 GALXY12.1
18 27 44 +14 49 12 NGC 6635 GALXY14.5
18 28 02 +14 29 12 PK 43+11.1PLNNB13.9
18 29 01 +22 54 13 NGC 6641 GALXY13.3
18 34 01 +22 53 15 NGC 6658 GALXY12.9
18 34 06 +23 34 15 NGC 6659 NONEX
18 34 43 +22 54 15 NGC 6661 GALXY12.1
18 34 49 +22 44 15 NGC 6660 NONEX
18 38 13 +22 04 17 NGC 6669 GALXY
18 38 42 +25 22 17 NGC 6674 GALXY12.2
18 40 01 +22 18 17 NGC 6680 GALXY15.5
18 45 24 +25 31 20 NGC 6697 GALXY12.7
18 50 01 +20 50 22 PK 51+ 9.1PLNNB11.6
18 59 19 +20 37 26 PK 52+ 7.1PLNNB14.8
