00 03 30 +16 10 25 NGC 7814
00 06 43 -03 41 17 NGC 7832
00 10 10 +25 57 03 NGC 23
00 10 12 -24 56 03 NGC 24
00 29 05 +02 52 02 NGC 125
00 34 18 -09 40 41 NGC 151
00 37 37 -19 54 33 NGC 175
00 39 38 +02 49 30 NGC 198
00 40 52 +40 45 39 NGC 206
00 41 44 +25 31 39 NGC 214
00 41 49 -09 59 41 NGC 217
00 58 05 +30 22 47 NGC 315
01 00 05 -07 33 04 NGC 337
01 03 37 -06 18 46 NGC 357
01 11 15 +33 10 41 NGC 410
01 13 10 +01 00 34 NGC 428
01 23 28 +33 29 10 NGC 499
01 24 20 +12 56 33 NGC 514
01 24 44 +33 49 30 NGC 513
01 34 50 +30 48 33 NGC 604
01 39 22 -07 29 16 NGC 636
01 43 17 +13 40 07 NGC 660
01 45 12 +10 26 51 NGC 665
01 48 10 +27 27 30 NGC 672
01 52 06 +06 19 13 NGC 706
01 53 28 +04 13 16 NGC 718
01 56 37 +05 39 12 NGC 741
02 08 37 +11 01 09 NGC 821
02 22 19 +33 17 19 NGC 890
02 25 11 +61 55 21 NGC 896
02 27 35 +33 36 01 NGC 925
02 35 48 -07 08 03 NGC 991
02 39 33 +30 10 28 NGC 1012
02 39 35 +40 53 39 NGC 1003
02 39 39 +01 06 53 NGC 1032
02 39 44 -08 06 44 NGC 1035
02 40 44 -11 15 25 NGC 1045
02 43 33 +32 26 46 NGC 1060
02 43 38 +04 59 19 NGC 1070
02 43 49 +37 21 46 NGC 1058
02 43 55 +01 23 52 NGC 1073
02 46 40 -00 28 31 NGC 1087
02 46 48 -00 13 32 NGC 1090
02 49 21 -16 58 22 NGC 1114
02 59 10 -12 22 45 NGC 1162
03 00 01 +25 15 26 NGC 1156
03 01 34 +44 55 01 NGC 1161
03 01 50 -14 49 03 NGC 1172
03 02 51 -22 50 54 NGC 1187
03 03 55 +46 24 14 NGC 1169
03 03 52 -15 35 40 NGC 1199
03 04 53 +42 21 31 NGC 1175
03 06 11 +44 23 44 NGC 1193
03 06 17 -15 35 33 NGC 1209
03 08 34 +38 24 02 NGC 1207
03 17 31 +80 48 42 NGC 1184
03 24 38 -21 31 30 NGC 1325
03 26 30 -21 19 07 NGC 1332
03 32 16 -20 48 04 NGC 1353
03 34 14 +51 27 03 NGC 1348
03 39 45 -18 40 21 NGC 1400
03 42 43 -13 28 21 NGC 1421
04 03 47 +51 19 49 NGC 1491
04 04 42 -02 10 29 NGC 1507
04 09 34 +30 47 39 NGC 1514
04 30 32 +35 16 38 NGC 1579
04 30 55 +00 40 21 NGC 1587
04 31 55 -05 04 38 NGC 1600
04 32 24 +43 52 00 NGC 1582
04 35 22 +45 15 46 NGC 1605
04 36 22 -03 08 21 NGC 1618
04 40 48 +50 27 23 NGC 1624
04 41 43 -02 50 56 NGC 1637
04 48 45 +10 56 44 NGC 1662
04 48 53 +13 09 44 NGC 1663
04 57 11 -04 51 36 NGC 1700
05 03 53 +01 34 49 NGC 1762
05 04 12 +23 39 24 NGC 1746 and 1758 group
05 05 32 -09 08 27 NGC 1779
05 08 25 +37 03 15 NGC 1778
05 12 17 -15 40 55 NGC 1832
05 26 17 +46 32 51 NGC 1883
05 35 37 -04 48 56 NGC 1977
05 36 27 -01 11 50 NGC 1990
05 41 51 -02 13 52 NGC 2023
05 47 27 +00 18 06 NGC 2071
05 54 07 +00 23 35 NGC 2112
06 01 20 -23 40 33 NGC 2139
06 07 45 -06 24 03 NGC 2170
06 09 45 -06 20 04 NGC 2182
06 12 23 -21 48 30 NGC 2196
06 15 32 +39 50 54 NGC 2192
06 29 58 +06 49 43 NGC 2236
06 32 59 +10 09 46 NGC 2245
06 35 14 +05 22 19 NGC 2252
06 36 17 +07 40 13 NGC 2254
06 38 51 +10 53 01 NGC 2259
06 39 28 +08 43 43 Hubble's Variable Nebula
06 43 53 +65 38 43 NGC 2253
06 44 13 +04 33 36 NGC 2269
06 46 06 -18 12 59 NGC 2283
06 47 37 +33 33 40 NGC 2274
06 52 11 -07 03 03 NGC 2302
06 56 29 -07 11 22 NGC 2309
06 59 56 -07 46 26 NGC 2316
07 07 32 +27 20 48 NGC 2331
07 08 39 +18 46 25 NGC 2339
07 09 38 -00 48 53 NGC 2346
07 16 33 +64 42 03 NGC 2347
07 18 50 -13 12 34 NGC 2359
07 20 21 -21 55 13 NGC 2367
07 24 15 -13 15 30 NGC 2374
07 28 23 -11 43 49 NGC 2396
07 29 26 +69 12 14 NGC 2366
07 33 31 -15 26 12 NGC 2414
07 37 17 +35 13 52 NGC 2415
07 41 08 -19 04 46 NGC 2432
07 52 47 -26 22 36 NGC 2467
08 00 44 +39 48 59 NGC 2493
08 02 16 +50 43 27 NGC 2500
08 05 52 -11 26 33 NGC 2525
08 15 02 +49 02 48 NGC 2541
08 33 37 -16 10 02 NGC 2610
08 43 59 +50 11 18 NGC 2639
09 07 52 +03 22 26 NGC 2765
09 09 24 +53 49 42 NGC 2756
09 11 41 -14 50 15 NGC 2781
09 12 32 -24 11 37 NGC 2784
09 20 44 +64 04 55 NGC 2805
09 21 41 -11 55 51 NGC 2855
09 27 28 -11 39 56 NGC 2889
09 29 58 +62 28 06 NGC 2880
09 44 30 -21 18 06 NGC 2986
09 58 40 +32 20 46 NGC 3067
09 58 38 -26 57 00 NGC 3078
10 01 12 +55 35 46 NGC 3073
10 02 19 +72 08 46 NGC 3065
10 04 38 +13 35 49 NGC 3107
10 10 25 -12 27 31 NGC 3145
10 12 57 +03 06 21 NGC 3156
10 13 49 +22 42 53 NGC 3162
10 14 09 +38 44 25 NGC 3158
10 16 51 +21 05 59 NGC 3177
10 25 30 +58 07 30 NGC 3225
10 29 37 +29 27 56 NGC 3254
10 32 34 +27 38 40 NGC 3274
10 37 12 +21 51 24 NGC 3301
10 39 27 +41 39 44 NGC 3319
10 42 23 +13 43 18 NGC 3338
10 46 58 +63 11 47 NGC 3359
10 52 04 +32 52 26 NGC 3424
10 52 28 +32 55 33 NGC 3430
11 03 39 -23 06 47 NGC 3511
11 03 42 +18 06 38 NGC 3507
11 04 01 -23 16 18 NGC 3513
11 06 48 +11 21 28 NGC 3524
11 07 07 +72 32 34 NGC 3516
11 10 11 +10 41 45 NGC 3547
11 13 32 -26 46 58 NGC 3585
11 14 28 +48 17 34 NGC 3583
11 15 21 +14 45 38 NGC 3596
11 15 43 +18 05 08 NGC 3599
11 17 03 +17 59 26 NGC 3605
11 17 44 +04 31 39 NGC 3611
11 20 31 +67 12 49 NGC 3622
11 20 40 -10 18 33 NGC 3636
11 20 55 -10 17 06 NGC 3637
11 21 59 +20 08 37 NGC 3646
11 22 35 +59 02 55 NGC 3642
11 22 55 +37 44 21 NGC 3652
11 24 01 +17 47 21 NGC 3659
11 24 42 +11 18 55 NGC 3666
11 25 17 -09 49 22 NGC 3672
11 25 44 +57 41 43 NGC 3669
11 25 48 +63 25 03 NGC 3668
11 26 45 +16 50 13 NGC 3681
11 27 49 +56 51 04 NGC 3683
11 28 01 +66 33 46 NGC 3682
11 28 26 +25 38 05 NGC 3689
11 28 27 -13 13 22 NGC 3693
11 30 23 +09 14 57 NGC 3705
11 34 29 -09 52 25 NGC 3732
11 37 04 +54 16 06 NGC 3756
11 47 20 -16 52 56 NGC 3887
11 48 16 -10 59 23 NGC 3892
11 58 47 +43 55 08 NGC 4013
11 58 46 -18 22 22 NGC 4024
12 02 09 -18 54 46 NGC 4039
12 02 57 +01 57 04 NGC 4045
12 03 06 +48 36 33 NGC 4047
12 04 18 +31 52 01 NGC 4062
12 04 41 +01 52 08 NGC 4073
12 06 16 +47 26 51 NGC 4096
12 06 23 +49 33 14 NGC 4100
12 06 56 -29 47 22 NGC 4105
12 08 24 +10 21 06 NGC 4124
12 09 05 +74 52 38 NGC 4133
12 09 33 +29 53 57 NGC 4136
12 09 46 +43 39 36 NGC 4138
12 10 14 +46 25 46 NGC 4144
12 10 53 +16 00 21 NGC 4152
12 11 20 +50 27 30 NGC 4157
12 12 31 +13 10 44 NGC 4168
12 12 34 +29 09 09 NGC 4169
12 13 37 +28 29 02 NGC 4185
12 14 02 +13 23 57 NGC 4189
12 15 54 +13 52 25 NGC 4212
12 16 06 +47 03 52 NGC 4217
12 16 27 +47 51 25 NGC 4220
12 16 49 +07 26 00 NGC 4224
12 16 57 +69 26 17 NGC 4236
12 17 21 +07 35 43 NGC 4233
12 17 24 +07 09 51 NGC 4235
12 17 26 +15 17 48 NGC 4237
12 17 40 +70 46 27 NGC 4250
12 17 40 +06 39 46 NGC 4241
12 17 45 +37 46 47 NGC 4244
12 18 05 +47 22 57 NGC 4248
12 18 58 +65 52 18 NGC 4256
12 19 37 +06 04 21 NGC 4260
12 19 48 +56 42 34 NGC 4271
12 19 51 +05 49 11 NGC 4264
12 20 01 +12 46 17 NGC 4267
12 20 04 +05 26 12 NGC 4270
12 20 31 +75 20 41 NGC 4291
12 21 02 +58 03 52 NGC 4290
12 21 32 +11 29 00 NGC 4294
12 21 48 +14 34 45 NGC 4298
12 21 56 +11 28 35 NGC 4299
12 21 57 +75 17 48 NGC 4319
12 21 57 +14 34 25 NGC 4302
12 22 41 +29 10 52 NGC 4310
12 22 46 +15 30 40 NGC 4312
12 22 53 +11 46 33 NGC 4313
12 23 45 +19 23 59 NGC 4336
12 23 49 +06 03 15 NGC 4339
12 23 50 +16 41 49 NGC 4340
12 23 53 +06 55 41 NGC 4343
12 24 27 +31 29 40 NGC 4359
12 24 51 +39 21 16 NGC 4369
12 25 30 +15 34 47 NGC 4379
12 26 05 +33 31 06 NGC 4395
12 31 20 -08 04 54 NGC 4487
12 33 45 +08 37 37 NGC 4519
12 37 12 +14 11 24 NGC 4571
12 38 43 +04 17 29 NGC 4586
12 40 13 +61 34 54 NGC 4605
12 41 29 +10 07 44 NGC 4608
12 41 48 +07 17 16 NGC 4612
12 43 08 +13 13 53 NGC 4639
12 43 47 +11 33 18 NGC 4647
12 48 28 -03 21 36 NGC 4691
12 52 04 -10 28 56 NGC 4742
13 00 26 +12 27 24 NGC 4880
13 00 57 +37 17 21 NGC 4914
13 01 14 -00 03 16 NGC 4904
13 01 16 -14 32 26 NGC 4902
13 01 36 -04 35 29 NGC 4915
13 03 16 -08 06 42 NGC 4928
13 04 29 -05 34 43 NGC 4941
13 04 30 -10 21 58 NGC 4939
13 05 16 +35 09 06 NGC 4956
13 05 16 +35 09 06 NGC 4956
13 09 05 -06 48 17 NGC 4981
13 09 13 -15 32 35 NGC 4984
13 09 48 +01 38 47 NGC 4999
13 11 52 +22 53 33 NGC 5012
13 12 25 +44 00 44 NGC 5023
13 12 55 +12 34 24 NGC 5020
13 13 17 -19 32 47 NGC 5018
13 15 15 -16 37 03 NGC 5037
13 15 40 -16 24 44 NGC 5044
13 16 26 +30 55 24 NGC 5056
13 16 36 +17 39 36 NGC 5053
13 18 22 -26 51 45 NGC 5061
13 19 11 -21 03 55 NGC 5068
13 19 48 -12 41 00 NGC 5077
13 20 07 -27 26 06 NGC 5078
13 20 33 -21 51 11 NGC 5084
13 20 41 -20 38 11 NGC 5087
13 20 43 +43 03 29 NGC 5103
13 24 25 +13 57 00 NGC 5129
13 25 35 -21 09 33 NGC 5134
13 29 47 +58 23 31 NGC 5204
13 47 10 +60 57 00 NGC 5308
13 55 53 +40 26 16 NGC 5371
13 57 17 +41 49 17 NGC 5383
14 00 56 +59 18 15 NGC 5430
14 02 22 +55 47 30 NGC 5443
14 02 40 +54 14 48 NGC 5447
14 03 01 +49 08 59 NGC 5448
14 03 14 +34 43 57 NGC 5440
14 03 38 +35 06 30 NGC 5444
14 03 41 -06 05 36 NGC 5426
14 03 44 +35 00 05 NGC 5445
14 04 04 +54 20 27 NGC 5462
14 06 32 +50 42 14 NGC 5480
14 06 52 +50 42 09 NGC 5481
14 07 21 +54 58 43 NGC 5485
14 10 11 +17 31 20 NGC 5490
14 11 45 -05 04 04 NGC 5493
14 12 33 +50 19 34 NGC 5520
14 13 31 -03 13 50 NGC 5506
14 13 36 -03 10 22 NGC 5507
14 15 06 +25 17 41 NGC 5523
14 15 47 +36 12 13 NGC 5529
14 16 21 +35 19 19 NGC 5533
14 18 14 +25 06 50 NGC 5548
14 19 58 +56 42 27 NGC 5585
14 20 20 +03 58 12 NGC 5560
14 20 55 +39 40 13 NGC 5582
14 21 51 +35 10 57 NGC 5590
14 22 29 +50 28 47 NGC 5602
14 24 04 +14 36 56 NGC 5600
14 24 30 -16 44 44 NGC 5595
14 24 44 -16 47 07 NGC 5597
14 25 24 -13 11 07 NGC 5605
14 29 55 +03 12 44 NGC 5638
14 30 00 +49 36 02 NGC 5660
14 33 40 +04 25 43 NGC 5668
14 35 03 +54 27 16 NGC 5687
14 42 41 -17 16 29 NGC 5728
14 46 26 -00 14 34 NGC 5750
14 54 13 +03 31 27 NGC 5775
14 59 03 -19 17 14 NGC 5791
15 00 16 +01 52 17 NGC 5806
15 01 12 -07 28 40 NGC 5812
15 01 26 +01 40 58 NGC 5813
15 04 22 +01 12 05 NGC 5831
15 05 41 +02 04 53 NGC 5838
15 07 23 +01 31 38 NGC 5850
15 08 03 +02 33 01 NGC 5854
15 09 32 -11 20 26 NGC 5861
15 09 49 +03 02 03 NGC 5864
15 09 55 +56 58 57 NGC 5879
15 14 03 -14 17 20 NGC 5878
15 15 14 +42 01 52 NGC 5899
15 38 44 +12 10 11 NGC 5970
15 39 44 +59 18 59 NGC 5985
15 51 30 +62 17 43 NGC 6015
16 04 37 +40 39 51 NGC 6058
16 10 14 +00 41 48 NGC 6070
16 19 02 +07 24 00 NGC 6106
16 26 16 +48 21 18 NGC 6155
16 28 48 +39 32 25 NGC 6166
16 32 34 +19 48 53 NGC 6181
16 50 14 +42 43 54 NGC 6239
17 10 21 +72 18 00 NGC 6340
17 59 54 -17 23 08 NGC 6507
18 02 54 -23 34 59 NGC 6526
18 17 47 -16 38 42 NGC 6596
18 18 23 -12 12 39 NGC 6604
18 55 31 -22 41 43 NGC 6717
19 14 53 -02 42 23 NGC 6772
19 23 21 +22 11 27 NGC 6793
19 27 23 +25 08 45 NGC 6800
19 31 50 +09 14 22 NGC 6804
19 42 57 -10 18 42 NGC 6814
19 43 47 +56 07 23 NGC 6824
20 02 02 +33 33 40 NGC 6857
20 12 11 +38 21 55 Crescent
20 16 35 +30 35 00 NGC 6894
20 25 25 -24 47 31 NGC 6907
20 45 54 +30 44 06 Veil/Cirrus
20 56 36 +31 44 10 Veil/Cirrus
20 56 41 +44 40 10 NGC 6997
20 56 52 +47 25 45 NGC 6991
21 00 35 +68 11 00 NGC 7023
21 07 30 +50 51 21 NGC 7031
21 14 00 +13 35 46 NGC 7042
21 24 22 +48 02 15 NGC 7067
21 29 37 +47 06 30 NGC 7082
21 41 27 +66 07 05 NGC 7129
21 46 03 +63 40 18 NGC 7139
21 54 48 +02 58 04 NGC 7156
22 00 56 +17 45 44 NGC 7177
22 01 18 -13 14 43 NGC 7171
22 02 55 -20 47 20 NGC 7184
22 10 28 -16 38 06 NGC 7218
22 15 28 +54 21 27 NGC 7245
22 37 38 +23 49 26 NGC 7332
22 40 33 +61 18 15 NGC 7354
22 48 03 -22 17 10 NGC 7377
22 52 34 -20 34 44 NGC 7392
22 54 30 +60 51 36 NGC 7419
23 01 14 +30 10 16 NGC 7457
23 02 07 +16 00 34 NGC 7463
23 02 16 +15 59 33 NGC 7465
23 12 24 -28 30 51 NGC 7507
23 14 58 +04 33 42 NGC 7541
23 16 12 +06 42 54 NGC 7562
23 19 10 -07 33 11 NGC 7600
23 20 30 +08 14 02 NGC 7619
23 20 45 +08 25 25 NGC 7623
23 20 57 +08 14 40 NGC 7626
23 20 55 +61 13 39 Bubble
23 22 21 +40 52 22 NGC 7640
23 44 31 +10 47 44 NGC 7742
23 50 05 +68 03 21 NGC 7762
23 55 34 +05 56 33 NGC 7785
