00 13 18 +72 33 00 NGC 40
00 30 11 +60 15 13 NGC 129
00 31 49 +61 33 12 NGC 136
00 35 01 -08 22 09 NGC 157
00 39 15 +48 21 57 NGC 185
00 40 38 +41 42 50 M 110
00 43 44 +61 49 03 NGC 225
00 47 15 -11 51 12 NGC 246
00 47 24 -20 44 00 NGC 247
00 47 49 -25 15 54 Sculptor Galaxy
00 52 21 +47 34 38 NGC 278
00 52 53 -26 34 05 NGC 288
01 08 40 +61 36 36 NGC 381
01 09 44 +35 44 40 NGC 404
01 15 58 +58 50 25 NGC 436
01 19 22 +58 21 19 NGC 457
01 22 03 +05 16 51 NGC 488
01 25 04 +09 33 54 NGC 524
01 29 49 +63 20 02 NGC 559
01 31 36 -06 50 34 NGC 584
01 33 07 -07 00 25 NGC 596
01 34 08 +30 41 08 Pinwheel
01 34 31 -29 23 26 NGC 613
01 35 21 -07 18 56 NGC 615
01 42 40 +51 35 36 Little Dumbbell/Barbell/Cork
01 43 17 +64 01 36 NGC 637
01 44 24 +61 54 34 NGC 654
01 44 34 +60 43 33 NGC 659
01 46 24 +61 16 30 NGC 663
01 50 06 -27 26 27 NGC 689
01 53 15 -13 42 53 NGC 720
01 58 05 +37 42 03 NGC 752
01 59 37 +19 01 49 NGC 772
01 59 57 -05 56 26 NGC 779
02 19 23 +57 10 09 h Perseus
02 22 48 +57 08 00 Chi Perseus
02 22 52 +42 22 09 NGC 891
02 23 19 -21 12 39 NGC 908
02 27 53 -01 07 57 NGC 936
02 38 48 -06 39 24 NGC 1022
02 40 43 +39 05 03 NGC 1023
02 41 20 -08 14 06 NGC 1052
02 42 00 +00 27 47 NGC 1055
02 43 04 +61 34 01 NGC 1027
02 46 15 -07 33 27 NGC 1084
03 15 00 +47 16 13 NGC 1245
03 31 57 +37 21 10 NGC 1342
03 40 26 -18 33 55 NGC 1407
03 49 46 +52 41 01 NGC 1444
04 07 27 +60 55 49 NGC 1501
04 08 10 +62 20 47 NGC 1502
04 10 23 +49 31 36 NGC 1513
04 14 30 -12 43 37 NGC 1535
04 15 47 +51 15 13 NGC 1528
04 21 15 +50 15 49 NGC 1545
04 46 20 +19 04 56 NGC 1647
04 51 25 +43 42 34 NGC 1664
05 03 56 +23 49 34 NGC 1746
05 04 44 +23 47 31 NGC 1758
05 07 09 -03 20 37 NGC 1788
05 12 22 +16 41 55 NGC 1817
05 20 31 +39 21 18 NGC 1857
05 28 22 +35 19 40 NGC 1907
05 31 45 +34 15 24 NGC 1931
05 33 34 -21 56 39 NGC 1964
05 35 36 -05 54 56 NGC 1980
05 36 45 -06 41 50 NGC 1999
05 42 09 -01 50 52 NGC 2024
05 42 37 +69 22 54 NGC 1961
05 42 24 +09 05 32 NGC 2022
06 01 20 +23 18 02 NGC 2129
06 03 22 +49 53 54 NGC 2126
06 07 46 +24 05 31 NGC 2158
06 08 43 +13 57 25 NGC 2169
06 11 21 -06 13 05 NGC 2185
06 12 26 +05 27 08 NGC 2186
06 14 06 +12 48 00 NGC 2194
06 15 54 -18 38 11 NGC 2204
06 21 16 -07 16 35 NGC 2215
06 26 49 -04 44 03 NGC 2232
06 32 37 +04 51 31 NGC 2244
06 34 59 +08 21 20 NGC 2251
06 41 20 +09 52 49 NGC 2264
06 47 51 -03 09 42 NGC 2286
06 49 40 +41 03 13 NGC 2281
06 52 01 +00 27 59 NGC 2301
06 55 18 +18 00 44 NGC 2304
06 58 02 -04 34 30 NGC 2311
07 04 26 +01 03 00 NGC 2324
07 06 48 -10 04 11 NGC 2335
07 08 30 -10 38 18 NGC 2343
07 14 27 -25 43 47 NGC 2354
07 14 48 -10 17 47 NGC 2353
07 17 12 +13 46 03 NGC 2355
07 18 00 -15 37 02 NGC 2360
07 18 58 -24 56 07 NGC 2362
07 25 53 +29 28 41 NGC 2371
07 27 24 +13 34 17 NGC 2395
07 29 29 +20 54 04 Eskimo/Clown Face
07 36 30 -20 36 25 NGC 2421
07 36 50 -14 29 26 M 47
07 37 23 +65 35 18 NGC 2403
07 37 21 -13 51 28 NGC 2423
07 38 31 +38 52 29 NGC 2419
07 38 46 +21 33 27 NGC 2420
07 42 04 -14 44 55 NGC 2438
07 42 08 -18 13 14 NGC 2440
07 55 08 -24 17 46 NGC 2482
07 55 17 -17 42 46 NGC 2479
07 56 24 -30 03 52 NGC 2489
08 00 25 -10 47 07 NGC 2506
08 00 57 -19 04 10 NGC 2509
08 05 27 -28 09 29 NGC 2527
08 10 59 -12 49 51 NGC 2539
08 14 01 -05 48 03 M 48
08 18 49 -30 38 23 NGC 2567
08 19 08 -29 44 24 NGC 2571
08 33 36 -22 59 26 NGC 2613
08 37 28 -29 56 34 NGC 2627
08 53 00 +33 23 54 NGC 2683
08 53 54 +51 17 45 NGC 2681
08 56 17 +78 12 18 NGC 2655
09 07 57 +60 27 34 NGC 2742
09 10 36 +07 01 05 NGC 2775
09 12 01 +60 01 08 NGC 2768
09 14 24 +40 05 37 NGC 2782
09 16 25 -16 20 03 NGC 2811
09 19 46 +69 10 54 NGC 2787
09 22 23 +50 57 14 NGC 2841
09 24 37 +34 29 28 NGC 2859
09 32 27 +21 28 42 NGC 2903
09 42 48 -03 43 22 NGC 2974
09 42 58 +58 49 45 NGC 2950
09 43 12 +31 49 28 NGC 2964
09 47 40 +67 53 26 NGC 2976
09 50 48 +72 15 20 NGC 2985
09 56 19 +69 39 31 M 82
10 02 18 +55 39 16 NGC 3079
10 03 45 +68 42 34 NGC 3077
10 05 29 -07 44 35 Spindle
10 14 01 +03 24 01 NGC 3166
10 14 30 +03 26 38 NGC 3169
10 17 18 +73 22 34 NGC 3147
10 18 23 +21 48 29 NGC 3190
10 18 35 +41 23 55 NGC 3184
10 18 42 +21 52 12 NGC 3193
10 20 13 +45 31 38 NGC 3198
10 23 43 +19 52 24 NGC 3226
10 23 47 +19 50 17 NGC 3227
10 25 03 -18 39 47 Ghost of Jupiter/Eye
10 27 35 +28 28 57 NGC 3245
10 33 12 +28 29 10 NGC 3277
10 36 33 +37 17 54 NGC 3294
10 39 05 +53 28 34 NGC 3310
10 43 47 +24 53 50 NGC 3344
10 47 58 +13 57 25 NGC 3377
10 48 06 +12 33 22 M 105
10 48 33 +12 36 15 NGC 3384
10 50 06 +32 57 16 NGC 3395
10 51 09 +13 23 10 NGC 3412
10 51 32 +27 56 57 NGC 3414
10 52 48 +36 35 32 NGC 3432
11 00 34 +13 52 31 NGC 3489
11 00 39 +28 56 56 NGC 3486
11 03 27 +27 56 48 NGC 3504
11 06 04 -00 03 52 NGC 3521
11 11 49 +55 38 37 M 108
11 14 52 +12 47 29 NGC 3593
11 17 10 +18 01 34 NGC 3607
11 17 15 +18 07 19 NGC 3608
11 18 32 -32 50 28 NGC 3621
11 18 43 +58 45 35 NGC 3610
11 18 53 +57 58 26 NGC 3613
11 19 39 +57 43 56 NGC 3619
11 20 20 +18 19 51 NGC 3626
11 20 32 +13 33 43 NGC 3628
11 21 20 +53 08 38 NGC 3631
11 21 22 +03 12 29 NGC 3640
11 23 11 +16 33 48 NGC 3655
11 24 59 +38 44 08 NGC 3665
11 26 24 +43 33 27 NGC 3675
11 28 00 +17 11 46 NGC 3686
11 33 37 +46 59 59 NGC 3726
11 34 06 +53 05 56 NGC 3729
11 41 13 +11 26 37 NGC 3810
11 41 34 +36 31 09 NGC 3813
11 46 24 +47 27 58 NGC 3877
11 48 55 +48 41 00 NGC 3893
11 49 25 +26 59 46 NGC 3900
11 49 31 +56 03 22 NGC 3898
11 50 20 +26 27 07 NGC 3912
11 53 06 +44 05 46 NGC 3938
11 53 11 +36 57 34 NGC 3941
11 53 31 +60 38 56 NGC 3945
11 53 57 +47 49 55 NGC 3949
11 54 05 +52 17 59 NGC 3953
11 54 55 -14 00 03 NGC 3962
11 56 44 +55 05 48 NGC 3982
11 57 51 +53 20 51 M 109
11 58 12 +55 25 35 NGC 3998
11 59 40 +50 56 03 NGC 4026
11 59 45 -19 17 45 NGC 4027
12 00 39 -01 07 44 NGC 4030
12 01 42 +61 52 01 NGC 4036
12 02 08 -18 53 34 Ring Tail
12 02 27 +62 06 41 NGC 4041
12 03 24 +44 30 26 NGC 4051
12 05 38 +50 19 34 NGC 4085
12 05 50 +50 30 51 NGC 4088
12 06 38 +52 41 01 NGC 4102
12 07 18 +43 02 22 NGC 4111
12 09 51 +42 30 31 NGC 4143
12 10 24 +18 30 39 NGC 4147
12 10 47 +39 22 50 NGC 4151
12 10 48 +30 22 26 NGC 4150
12 13 07 +01 16 20 NGC 4179
12 15 20 +33 10 13 NGC 4203
12 15 54 +36 17 59 NGC 4214
12 16 08 +13 07 18 NGC 4216
12 17 52 +29 34 54 NGC 4245
12 18 23 +28 08 52 NGC 4251
12 19 13 +47 16 36 M 106
12 19 38 +05 47 56 NGC 4261
12 20 06 +29 35 14 NGC 4274
12 20 11 +05 19 08 NGC 4273
12 20 22 +29 15 08 NGC 4278
12 20 37 +05 21 32 NGC 4281
12 21 28 +18 21 18 NGC 4293
12 22 10 +04 26 40 M 61
12 22 47 +29 52 07 NGC 4314
12 23 43 +46 57 59 NGC 4346
12 24 13 +16 39 54 NGC 4350
12 24 43 +07 17 26 NGC 4365
12 24 46 -18 49 17 NGC 4361
12 25 02 +07 19 31 NGC 4366
12 25 10 +11 40 36 NGC 4371
12 26 11 +18 11 14 NGC 4394
12 26 42 +31 11 49 NGC 4414
12 27 12 +15 01 12 NGC 4419
12 27 41 +11 04 51 NGC 4429
12 27 56 +13 03 09 NGC 4435
12 28 00 +12 58 57 NGC 4438
12 28 19 +09 46 39 NGC 4442
12 28 26 +44 04 01 NGC 4449
12 28 31 +28 35 36 NGC 4448
12 28 44 +17 03 26 NGC 4450
12 29 15 +13 57 06 NGC 4459
12 30 04 +13 24 10 NGC 4473
12 30 17 +13 36 32 NGC 4477
12 30 32 +12 18 05 NGC 4478
12 30 47 +41 40 22 NGC 4485
12 30 52 +41 36 43 NGC 4490
12 31 39 +25 44 46 NGC 4494
12 34 18 +07 40 22 NGC 4526
12 34 24 +02 37 34 NGC 4527
12 34 35 +08 10 14 NGC 4535
12 34 42 +02 09 39 NGC 4536
12 35 41 +14 28 10 M 91
12 35 44 -03 49 16 NGC 4546
12 35 46 +12 11 38 NGC 4550
12 36 12 +27 56 14 NGC 4559
12 36 36 +25 57 41 NGC 4565
12 37 08 +07 13 13 NGC 4570
12 40 11 +10 08 54 NGC 4596
12 40 15 -11 39 02 Sombrero
12 41 47 +41 07 24 NGC 4618
12 42 23 +32 30 49 NGC 4631
12 43 05 +02 39 39 NGC 4636
12 43 35 +01 57 03 NGC 4643
12 44 12 +13 05 55 NGC 4654
12 44 14 +32 08 58 NGC 4656
12 44 47 +11 09 49 NGC 4660
12 45 21 +03 01 48 NGC 4665
12 45 24 -00 29 16 NGC 4666
12 48 01 +13 44 14 NGC 4689
12 48 38 +08 27 38 NGC 4698
12 48 52 -05 49 40 NGC 4697
12 49 18 -08 41 30 NGC 4699
12 50 42 +25 28 23 NGC 4725
12 52 33 +11 17 11 NGC 4754
12 52 38 -01 13 35 NGC 4753
12 53 11 +11 12 10 NGC 4762
12 54 40 -10 33 48 NGC 4781
12 54 52 +46 30 14 NGC 4800
12 58 16 +01 32 54 NGC 4845
12 59 37 -15 04 09 NGC 4856
12 59 42 +14 08 38 NGC 4866
13 00 54 +02 28 25 NGC 4900
13 06 05 -08 02 51 NGC 4958
13 09 57 -07 51 37 NGC 4995
13 11 10 +37 01 54 NGC 5005
13 13 42 +36 34 03 NGC 5033
13 17 14 -16 39 42 NGC 5054
13 30 12 +47 14 48 NGC 5195
13 37 47 +08 51 37 NGC 5248
13 42 21 +35 37 42 NGC 5273
13 49 25 +60 10 00 NGC 5322
13 56 22 +05 13 51 NGC 5363
13 56 27 +04 59 26 NGC 5364
14 04 54 +54 52 06 NGC 5473
14 05 13 +53 38 21 NGC 5474
14 05 40 +28 30 16 NGC 5466
14 18 39 +36 28 16 NGC 5557
14 20 35 +03 54 37 NGC 5566
14 21 19 +03 14 52 NGC 5576
14 26 42 +56 33 40 NGC 5631
14 29 54 -05 59 39 NGC 5634
14 32 58 +49 26 08 NGC 5676
14 35 41 +48 43 17 NGC 5689
14 42 49 -26 46 01 NGC 5694
14 45 11 +01 56 01 NGC 5746
15 06 44 +01 35 16 NGC 5846
15 06 38 +55 44 37 M 102
15 16 01 +56 18 27 NGC 5906
15 17 46 -21 02 02 NGC 5897
15 38 46 +59 20 24 NGC 5982
16 22 05 -02 17 40 NGC 6118
16 27 28 -26 03 20 NGC 6144
16 32 47 -13 03 56 M 107
16 32 26 +78 11 20 NGC 6217
16 43 15 +36 49 25 NGC 6207
16 47 08 +47 31 12 NGC 6229
16 53 42 -22 10 22 NGC 6235
17 04 46 -24 45 31 NGC 6284
17 05 25 -22 42 28 NGC 6287
17 10 31 -26 34 05 NGC 6293
17 14 54 -29 27 44 NGC 6304
17 16 52 -28 08 35 NGC 6316
17 21 33 -19 35 12 NGC 6342
17 23 54 -17 49 01 NGC 6356
17 24 19 -26 20 59 NGC 6355
17 29 38 -23 45 57 NGC 6369
17 38 57 -23 54 49 NGC 6401
17 45 09 +03 09 42 NGC 6426
17 49 17 -20 22 00 NGC 6440
17 49 33 -20 00 29 NGC 6445
17 51 02 -30 11 52 NGC 6451
17 58 33 +66 37 58 Cat's Eye
18 02 06 -08 56 57 NGC 6517
18 02 38 -23 00 55 M 20
18 03 40 -27 52 51 NGC 6520
18 03 55 -30 01 49 NGC 6522
18 05 07 -30 03 44 NGC 6528
18 06 40 -27 47 36 NGC 6540
18 07 47 -25 00 31 NGC 6544
18 09 43 -25 55 22 NGC 6553
18 13 06 -21 35 05 NGC 6568
18 13 59 -31 49 01 NGC 6569
18 16 07 -22 06 50 NGC 6583
18 24 02 -30 21 13 NGC 6624
18 26 00 -23 12 33 NGC 6629
18 27 59 +06 34 08 NGC 6633
18 31 18 -25 29 38 NGC 6638
18 32 09 -23 27 34 NGC 6642
18 32 53 -16 52 30 NGC 6645
18 36 59 -08 12 10 NGC 6664
18 53 18 -08 42 53 NGC 6712
19 08 02 +04 14 16 NGC 6755
19 08 56 +04 41 21 NGC 6756
19 18 42 +06 33 05 NGC 6781
19 30 48 +20 17 00 NGC 6802
19 43 21 +23 18 56 NGC 6823
19 44 13 -14 09 05 Little Gem
19 44 59 +50 32 04 Blinking Planetary
19 51 16 +23 04 30 NGC 6830
19 52 25 +29 25 34 NGC 6834
20 03 54 +44 00 24 NGC 6866
20 12 13 +26 29 57 NGC 6885
20 22 39 +20 07 37 NGC 6905
20 23 16 +40 47 42 NGC 6910
20 31 30 +60 39 14 NGC 6939
20 34 30 +07 25 22 NGC 6934
20 34 49 +28 19 25 NGC 6940
20 34 58 +60 10 18 NGC 6946
20 58 59 +44 21 10 North American
21 00 42 +54 33 47 NGC 7008
21 01 40 +16 13 00 NGC 7006
21 04 29 -11 20 51 Saturn Nebula
21 13 10 +42 30 40 NGC 7044
21 23 24 +46 24 12 NGC 7062
21 30 41 +51 36 34 NGC 7086
21 44 11 +53 44 11 NGC 7128
21 46 01 +65 49 18 NGC 7142
21 53 53 +62 37 37 NGC 7160
22 05 24 +46 31 05 NGC 7209
22 08 05 +31 23 03 NGC 7217
22 15 29 +49 54 27 NGC 7243
22 28 24 +52 18 53 NGC 7296
22 37 19 +34 26 44 NGC 7331
22 47 12 +58 07 25 NGC 7380
23 00 19 +16 00 33 NGC 7448
23 05 12 +12 20 55 NGC 7479
23 11 45 +60 35 56 NGC 7510
23 19 21 -08 27 29 NGC 7606
23 26 08 +42 34 09 Blue Snowball
23 30 25 +49 09 12 NGC 7686
23 39 13 -12 56 03 NGC 7723
23 40 10 -12 15 56 NGC 7727
23 57 17 +56 45 22 NGC 7789
23 58 41 +61 14 22 NGC 7790
