08 14 03 -05 48 55 NGC 2548 OPNCL05.8
08 18 15 +00 43 03 NGC 2555 GALXY12.2
08 19 52 +04 38 03 NGC 2561 GALXY13.1
08 21 03 -08 57 58 NGC 2574 GALXY14.0
08 23 21 -05 01 59 NGC 2583 GALXY13.4
08 23 27 -05 00 59 NGC 2584 GALXY14.5
08 23 39 -04 56 59 NGC 2585 GALXY14.5
08 24 39 -04 53 59 NGC 2586 GALXY15.5
08 24 45 -08 46 59 NGC 2589 NONEX
08 25 21 -00 36 59 NGC 2590 GALXY13.1
08 33 38 -16 10 02 NGC 2610 PLNNB13.0
08 34 02 -13 10 02 NGC 2612 GALXY13.0
08 34 51 -02 33 03 NGC 2615 GALXY12.5
08 35 51 -01 51 03 NGC 2616 GALXY12.5
08 35 57 -04 04 03 NGC 2617 GALXY15.0
08 36 27 +00 40 57 NGC 2618 GALXY12.1
08 38 09 -02 29 04 UGC 4506 GALXY11.7
08 40 57 -04 08 05 NGC 2642 GALXY12.6
08 41 46 +04 57 55 NGC 2644 GALXY12.3
08 43 33 -03 38 06 NGC 2652 NONEX
08 45 56 -15 09 06 NGC 2662 GALXY15.0
08 46 14 -19 18 06 NGC 2665 GALXY12.2
08 49 32 -14 18 07 NGC 2674 NONEX
08 52 57 -02 38 09 NGC 2690 GALXY13.1
08 54 39 -05 00 09 NGC 2696 NONEX
08 54 45 -03 06 09 NGC 2695 GALXY11.9
08 55 21 -03 01 09 NGC 2697 GALXY12.3
08 55 51 -03 12 09 NGC 2698 GALXY12.6
08 55 57 -05 07 10 NGC 2700 NONEX
08 56 09 -03 10 10 NGC 2699 GALXY12.6
08 56 09 -03 05 10 NGC 2702 GALXY
08 56 09 -03 18 10 NGC 2703 2STAR
08 56 15 -03 01 10 NGC 2705 1STAR
08 56 21 -03 22 10 NGC 2708 GALXY12.0
08 56 27 -03 05 10 NGC 2707 1STAR
08 56 33 -02 36 10 NGC 2706 GALXY13.0
08 56 33 -03 17 10 NGC 2709 GALXY13.6
08 57 34 +02 53 50 NGC 2713 GALXY11.8
08 57 52 +03 03 50 NGC 2716 GALXY11.8
08 59 04 +06 16 50 NGC 2718 GALXY11.8
08 59 03 -04 55 10 NGC 2721 GALXY12.5
08 59 03 -03 44 10 NGC 2722 GALXY
09 00 28 +03 08 49 NGC 2723 GALXY13.2
09 01 21 -03 24 11 NGC 2727 NONEX
09 01 46 +03 41 49 NGC 2729 GALXY13.4
09 02 21 -03 45 12 NGC 2733 NONEX
09 05 14 -19 06 12 NGC 2754 GALXY14.2
09 05 38 -19 04 13 NGC 2758 GALXY13.2
09 05 44 -19 03 13 NGC 2757 2STAR
09 07 02 -15 30 13 NGC 2763 GALXY12.0
09 07 52 +03 21 47 NGC 2765 GALXY12.1
09 08 22 +05 54 47 UGC 4797 GALXY13.9
09 11 03 -08 55 14 MCG -01-24GALXY11.3
09 11 44 -14 49 14 NGC 2781 GALXY11.6
09 12 31 -24 11 15 NGC 2784 GALXY10.2
09 16 32 -16 19 16 NGC 2811 GALXY11.3
09 16 31 -23 37 16 NGC 2815 GALXY11.9
09 16 40 +03 51 44 PK227+33.1PLNNB
09 17 33 -04 45 16 NGC 2817 GALXY13.0
09 18 08 -22 21 16 NGC 2835 GALXY10.5
09 18 20 -12 07 16 MCG -02-24GALXY12.9
09 18 38 -16 29 16 NGC 2837 NONEX
09 20 08 -14 42 17 NGC 2846 1STAR
09 20 20 -16 31 17 NGC 2847 NONEX
09 20 26 -16 31 17 NGC 2848 GALXY11.8
09 20 50 -16 29 17 NGC 2851 GALXY15.0
09 21 15 -04 56 17 NGC 2850 GALXY
09 21 44 -11 54 17 NGC 2855 GALXY11.6
09 23 10 +03 07 42 NGC 2858 GALXY12.6
09 23 38 -23 11 18 NGC 2865 GALXY11.7
09 23 39 -10 25 18 NGC 2868 NONEX
09 23 52 +02 06 42 NGC 2861 GALXY12.7
09 23 51 -10 25 18 NGC 2863 GALXY13.0
09 23 51 -10 25 18 NGC 2869 GALXY
09 24 28 +05 55 42 NGC 2864 GALXY15.0
09 25 27 -06 44 18 NGC 2876 GALXY14.5
09 25 39 -11 41 18 NGC 2879 3STAR
09 26 04 +02 03 42 NGC 2878 GALXY14.2
09 26 04 +02 11 42 NGC 2877 GALXY14.3
09 26 08 -12 00 18 NGC 2881 GALXY14.0
09 26 39 -11 34 19 NGC 2884 GALXY13.0
09 26 44 -21 47 19 NGC 2886 3STAR
09 26 50 -14 33 19 NGC 2890 GALXY15.0
09 27 27 -11 39 19 NGC 2889 GALXY11.7
09 30 04 +02 01 41 NGC 2898 GALXY13.4
09 30 04 +02 10 41 NGC 2897 GALXY
09 30 34 +04 06 40 NGC 2900 GALXY13.0
09 31 08 -14 44 20 NGC 2902 GALXY12.2
09 31 50 -16 46 20 NGC 2907 GALXY11.6
09 34 32 -20 52 21 NGC 2920 GALXY13.0
09 34 45 -02 31 21 NGC 2917 GALXY13.6
09 34 56 -20 58 21 NGC 2921 GALXY12.0
09 35 26 -16 26 21 NGC 2924 GALXY12.0
09 36 21 -12 27 21 NGC 2947 GALXY
09 36 56 -21 09 21 NGC 2935 GALXY11.4
09 37 44 -22 03 21 NGC 2945 GALXY12.2
09 37 51 -10 13 21 NGC 2952 GALXY
09 37 58 +02 42 38 NGC 2936 GALXY13.1
09 37 58 +02 42 38 NGC 2937 GALXY13.7
09 39 09 -04 50 22 MCG -01-25GALXY11.0
09 39 21 -02 49 22 PK238+34.1PLNNB13.4
09 39 32 -19 07 22 NGC 2956 GALXY14.4
09 39 57 -00 15 22 NGC 2951 GALXY15.0
09 40 52 +03 32 38 NGC 2960 GALXY12.4
09 41 10 +05 08 38 NGC 2962 GALXY11.9
09 41 26 -16 40 22 NGC 2975 GALXY
09 43 56 -20 30 23 NGC 2983 GALXY11.8
09 44 32 -21 18 23 NGC 2986 GALXY10.8
09 45 38 -18 24 23 NGC 2989 GALXY13.0
09 45 51 -13 11 23 PK248+29.1PLNNB12.9
09 45 56 -14 21 23 NGC 2992 GALXY12.2
09 46 02 -14 23 24 NGC 2993 GALXY12.6
09 46 44 -21 37 24 NGC 2996 GALXY12.5
09 49 44 -21 46 24 NGC 3025 GALXY12.9
09 50 08 -19 11 24 NGC 3028 GALXY12.7
09 50 27 -12 15 25 NGC 3030 GALXY15.0
09 51 38 -27 03 25 NGC 3037 GALXY13.1
09 53 26 -18 40 25 NGC 3045 GALXY14.0
09 53 45 -12 31 25 NGC 3058 GALXY15.0
09 54 44 -25 43 26 NGC 3054 GALXY11.8
09 54 44 -18 39 26 NGC 3052 GALXY12.2
09 57 50 -19 22 26 NGC 3072 GALXY12.7
09 57 56 -18 12 26 NGC 3076 GALXY13.1
09 58 38 -26 57 26 NGC 3078 GALXY11.1
09 59 44 -22 51 27 NGC 3081 GALXY12.0
09 59 50 -19 30 27 NGC 3085 GALXY13.0
10 00 26 -19 39 27 NGC 3091 GALXY11.1
10 00 56 -19 40 27 NGC 3096 GALXY13.4
10 03 20 -26 10 27 NGC 3109 GALXY09.9
10 04 14 -20 47 28 NGC 3112 GALXY
10 06 08 -16 08 28 NGC 3128 GALXY14.0
10 06 32 -16 08 28 NGC 3127 GALXY14.0
10 06 56 -19 14 28 NGC 3124 GALXY12.1
10 07 27 -11 58 28 NGC 3133 GALXY
10 09 21 -11 59 29 NGC 3138 GALXY15.0
10 09 32 -16 39 29 NGC 3141 NONEX
10 09 44 -16 38 29 NGC 3140 GALXY14.0
10 10 21 -12 36 29 NGC 3143 GALXY14.3
10 10 21 -11 48 29 NGC 3139 GALXY15.0
10 10 27 -12 27 29 NGC 3145 GALXY11.7
10 11 26 -20 53 29 NGC 3146 GALXY13.1
10 15 32 -19 02 30 NGC 3176 NONEX
10 15 50 -20 40 30 NGC 3171 GALXY12.8
10 16 21 -15 48 30 NGC 3178 GALXY13.0
10 18 50 -18 00 31 NGC 3200 GALXY12.0
10 19 50 -26 43 31 NGC 3203 GALXY12.1
10 19 56 -25 52 31 NGC 3208 GALXY12.7
10 22 14 -22 17 31 NGC 3233 GALXY12.5
10 24 44 -21 48 32 NGC 3240 GALXY13.2
10 25 02 -18 39 32 NGC 3242 PLNNB08.6
10 32 32 -22 19 33 NGC 3282 GALXY13.0
10 32 51 -12 40 33 NGC 3280A GALXY16.0
10 32 51 -12 40 33 NGC 3280B GALXY16.0
10 32 57 -12 40 33 NGC 3280C GALXY16.0
10 32 57 -12 39 33 NGC 3295 GALXY
10 32 57 -12 44 33 NGC 3296 GALXY
10 33 14 -27 32 33 NGC 3285A GALXY13.9
10 33 21 -12 41 33 NGC 3297 GALXY
10 33 50 -27 28 33 NGC 3285 GALXY12.0
10 34 56 -27 41 33 NGC 3285B GALXY13.1
10 35 21 -17 17 33 NGC 3290 GALXY14.0
10 36 32 -27 11 34 NGC 3305 GALXY12.8
10 36 32 -27 33 34 NGC 3307 GALXY14.5
10 36 38 -27 27 34 NGC 3308 GALXY11.9
10 36 50 -27 32 34 NGC 3309 GALXY11.6
10 36 56 -27 33 34 NGC 3311 GALXY11.6
10 37 02 -27 33 34 Abell 1060GALCL12.7
10 37 14 -27 35 34 NGC 3312 GALXY11.9
10 37 26 -27 42 34 NGC 3314 GALXY14.0
10 37 32 -27 13 34 NGC 3315 GALXY13.4
10 37 38 -27 30 34 NGC 3317 NONEX
10 37 44 -25 20 34 NGC 3313 GALXY11.4
10 37 50 -27 37 34 NGC 3316 GALXY12.6
10 39 03 -11 40 34 NGC 3321 GALXY14.0
10 39 03 -11 40 34 NGC 3322 GALXY
10 39 14 -23 50 34 NGC 3331 GALXY13.2
10 39 50 -23 57 34 NGC 3335 GALXY13.0
10 40 32 -27 47 34 NGC 3336 GALXY12.3
10 43 44 -23 13 35 NGC 3355 NONEX
10 46 56 -25 16 35 NGC 3369 GALXY13.6
10 47 32 -24 28 35 NGC 3383 GALXY12.7
10 48 20 -31 33 35 NGC 3390 GALXY11.9
10 48 21 -20 52 35 NGC 3450 GALXY11.9
10 48 21 -20 54 35 MCG -03-28GALXY12.0
10 48 32 -25 11 35 NGC 3393 GALXY12.2
10 50 15 -12 41 36 NGC 3402 GALXY
10 50 21 -17 16 36 NGC 3420 GALXY14.0
10 50 27 -17 04 36 NGC 3409 GALXY15.0
10 50 33 -12 52 36 NGC 3411 GALXY11.9
10 50 33 -12 08 36 NGC 3404 GALXY14.0
10 51 03 -12 28 36 NGC 3421 GALXY14.0
10 51 21 -12 25 36 NGC 3422 GALXY15.0
10 53 57 -21 48 36 NGC 3453 GALXY13.0
10 54 57 -21 05 36 NGC 3464 GALXY12.6
10 55 20 -26 08 36 NGC 3463 GALXY12.9
10 59 14 -28 29 37 NGC 3483 GALXY12.1
11 13 33 -26 46 38 NGC 3585 GALXY09.9
11 16 27 -33 50 38 NGC 3606 GALXY12.4
11 18 03 -26 08 39 NGC 3617 GALXY12.8
11 18 33 -32 50 39 NGC 3621 GALXY09.7
11 25 27 -26 45 39 NGC 3673 GALXY11.5
11 26 57 -34 23 39 PK283+25.1PLNNB12.1
11 31 45 -30 20 39 NGC 3717 GALXY11.2
11 47 03 -27 56 40 NGC 3885 GALXY11.9
11 49 27 -29 18 40 NGC 3904 GALXY10.9
11 51 15 -28 49 40 NGC 3923 GALXY09.8
11 52 33 -26 55 40 NGC 3936 GALXY12.0
12 05 51 -26 34 40 NGC 4087 GALXY12.1
12 06 03 -27 57 40 IC 2995 GALXY12.2
12 06 57 -29 47 40 NGC 4105 GALXY10.6
12 07 03 -29 48 40 NGC 4106 GALXY11.4
12 10 28 -29 45 40 IC 764 GALXY12.2
12 22 28 -33 29 40 NGC 4304 GALXY11.6
12 28 04 -30 08 39 NGC 4456 GALXY13.3
12 39 46 -26 46 39 NGC 4590 GLOCL08.2
12 53 52 -22 53 37 PK303+40.1PLNNB12.0
12 56 28 -29 31 37 NGC 4806 GALXY12.7
12 57 52 -27 19 37 NGC 4831 GALXY12.4
13 06 22 -29 46 36 NGC 4955 GALXY12.2
13 07 22 -23 42 36 NGC 4968 GALXY12.8
13 07 34 -28 14 36 NGC 4965 GALXY12.1
13 07 46 -24 03 36 NGC 4970 GALXY12.2
13 09 28 -28 40 36 NGC 4980 GALXY12.6
13 09 58 -23 25 36 NGC 4993 GALXY12.3
13 15 46 -24 00 35 NGC 5042 GALXY11.8
13 16 23 -28 24 35 NGC 5048 GALXY12.7
13 16 29 -28 17 35 NGC 5051 GALXY13.2
13 18 23 -26 53 34 NGC 5061 GALXY10.4
13 20 11 -27 26 34 NGC 5078 GALXY11.0
13 20 40 -24 26 34 NGC 5085 GALXY11.3
13 22 05 -27 28 34 NGC 5101 GALXY10.6
13 25 59 -29 51 33 NGC 5135 GALXY12.1
13 27 05 -27 09 33 Abell 1736GALCL14.8
13 27 59 -29 35 33 NGC 5150 GALXY12.6
13 28 11 -29 38 33 NGC 5152 GALXY12.5
13 28 17 -29 38 33 NGC 5153 GALXY11.8
13 30 59 -28 09 32 NGC 5182 GALXY12.4
13 37 23 -29 53 31 NGC 5236 GALXY07.5
13 40 41 -23 53 31 NGC 5260 GALXY12.9
13 41 47 -29 57 31 NGC 5264 GALXY12.0
13 53 05 -28 29 28 NGC 5328 GALXY11.6
13 53 23 -28 28 28 NGC 5330 GALXY13.8
13 58 11 -29 20 27 IC 4351 GALXY11.7
14 00 47 -28 51 27 NGC 5393 GALXY13.1
14 07 17 -30 01 25 NGC 5464 GALXY13.0
14 12 41 -27 08 24 NGC 5495 GALXY12.8
14 20 48 -29 16 22 NGC 5556 GALXY11.8
14 24 12 -28 42 21 NGC 5592 GALXY12.8
14 30 00 -29 47 20 NGC 5626 GALXY13.0
14 39 54 -26 33 17 NGC 5694 GLOCL10.2
