00 08 40 +27 44 40 I0001 D*
00 11 15 -12 47 20 I0002 Gx
00 12 21 -00 23 20 I0003 Gx
00 13 39 +17 30 40 I0004 Gx
00 17 39 -09 31 20 I0005 Gx 0.8 14p
00 19 15 -03 14 20 I0006 Gx 0.5 14p
00 19 21 +10 34 40 I0007
00 19 21 -03 11 20 I0008 Gx 0.7 15p
00 19 57 -14 05 20 I0009 Gx 0.4 15p
00 20 40 +59 19 40 I0010 Gx 5.1 10.3
00 20 46 +56 37 40 I0011
00 20 33 -02 37 20 I0012 Gx 0.7 16p
00 20 39 +07 43 40 I0013 Gx 1.6 15p
00 22 51 +10 30 40 I0014
00 28 15 -00 02 21 I0015
00 28 09 -13 03 21 I0016 Gx 0.5 15p
00 28 45 +02 40 39 I0017 Gx 15p
00 28 51 -11 32 21 I0018 Gx 0.6 15p
00 28 57 -11 36 21 I0019 Gx 0.6 15p
00 28 45 -12 58 21 I0020 Gx 0.6 14p
00 29 27 -00 08 21 I0021 Gx 0.4 14p
00 29 51 -09 01 21 I0022 Gx 0.6 15p
00 31 09 -12 42 21 I0023
00 31 28 +30 52 39 I0024 OC
00 31 27 -00 22 21 I0025 Gx 0.8 15p
00 32 03 -13 18 21 I0026
00 33 21 -13 20 21 I0027
00 33 21 -13 25 21 I0028
00 34 27 -02 09 21 I0029 Gx 0.6 15p
00 34 33 -02 03 21 I0030 Gx 0.4 15p
00 34 40 +12 18 39 I0031 Gx 1.4 15p
00 35 15 -02 06 21 I0032 Gx 0.4 15p
00 35 21 -02 06 21 I0033 Gx 0.5 15p
00 35 52 +09 09 39 I0034 Gx 3.4 14p
00 37 58 +10 22 39 I0035 Gx 1.3 15p
00 38 03 -15 24 21 I0036
00 38 45 -15 21 21 I0037 Gx 0.7 15p
00 38 51 -15 24 21 I0038 Gx 0.6 14p
00 39 21 -14 08 21 I0039
00 39 45 +02 27 39 I0040 Gx 1.2 15p
00 39 57 -14 08 21 I0041
00 41 21 -15 24 21 I0042 Gx 0.6 15p
00 42 40 +29 39 39 I0043 Gx 2.1
00 42 27 +00 52 39 I0044 Gx 0.5 14p
00 42 58 +29 41 38 I0045
00 43 16 +27 16 38 I0046 Gx 15p
00 43 09 -13 43 22 I0047 ?
00 43 51 -07 51 22 I0048
00 44 15 +01 52 38 I0049 Gx 1.9
00 46 27 -09 28 22 I0050 Gx 0.6 14p
00 46 39 -13 24 22 I0051 Gx 1.0 13p
00 48 39 +04 07 38 I0052 Gx 1.2 15p
00 50 46 +10 38 38 I0053
00 51 03 -02 15 22 I0054 D*
00 51 58 +07 44 38 I0055 Gx 0.5 14p
00 51 45 -12 49 22 I0056 Gx 1.3
00 55 04 +11 51 37 I0057 Gx 1.1 16p
00 55 21 -13 39 23 I0058 Gx 0.6 15p
00 57 00 +61 05 37 I0059 Nb 10
00 56 21 -13 21 23 I0060 Gx 0.6 15p
00 57 22 +07 32 37 I0061 Gx 1.5 15p
00 58 58 +11 50 37 I0062 Gx 1.0 15p
00 59 48 +60 50 37 I0063 Nb 10
00 59 40 +27 04 37 I0064 Gx 1.3 16p
01 01 11 +47 42 37 I0065 Gx 4.3 13p
01 00 46 +30 49 37 I0066 Gx 1.1 15p
01 00 33 -06 53 23 I0067
01 00 39 -06 55 23 I0068
01 01 40 +31 04 37 I0069 Gx 15p
01 01 21 +00 04 37 I0070
01 01 33 -06 45 23 I0071
01 01 45 -06 44 23 I0072
01 05 10 +04 47 36 I0073 Gx 15p
01 06 10 +04 06 36 I0074 Gx 15p
01 07 28 +10 52 36 I0075 Gx 1.6 15p
01 08 27 -04 30 24 I0076 Gx 0.7 15p
01 08 57 -15 23 24 I0077 Gx
01 09 03 -15 49 24 I0078 Gx
01 09 03 -15 55 24 I0079 Gx 0.7
01 09 09 -15 22 24 I0080 Gx
01 09 27 -01 39 24 I0081
01 09 21 -15 58 24 I0082 Gx
01 10 45 +01 42 36 I0083 Gx 0.5 15p
01 11 45 +01 40 35 I0084 Gx 15p
01 12 03 -00 26 25 I0085
01 13 45 -16 12 25 I0086 Gx
01 14 33 +00 47 35 I0087 Gx 15p
01 14 45 +00 49 35 I0088
01 16 22 +04 19 35 I0089 Gx 2.3
01 16 45 -07 56 25 I0090 Gx 0.5 14p
01 18 57 +02 34 34 I0091
01 20 11 +32 47 34 I0092 Gx 0.7 15p
01 19 15 -17 02 26 I0093 Gx 1.2 14p
01 20 23 +32 43 34 I0094
01 19 33 -12 32 26 I0095
01 20 35 +29 41 34 I0096
01 20 16 +14 52 34 I0097
01 21 15 -12 35 26 I0098 Gx 0.6 15p
01 22 45 -12 55 26 I0099 Gx 0.5 15p
01 23 09 -04 37 26 I0100
01 24 22 +09 57 34 I0101 Gx 1.6 15p
01 24 40 +09 55 33 I0102 Gx 1.0 16p
01 24 51 +02 03 33 I0103 Gx 1.4 15p
01 24 51 -01 25 27 I0104 D*
01 24 57 +02 06 33 I0105 Gx 16p
01 24 57 -01 33 27 I0106
01 25 28 +14 54 33 I0107 Gx 1.2 15p
01 24 57 -12 36 27 I0108 Gx 0.8 15p
01 25 27 +02 05 33 I0109 Gx 1.3 15p
01 26 11 +33 31 33 I0110
01 26 17 +33 30 33 I0111
01 26 16 +11 28 33 I0112 Gx 0.9 14p
01 26 40 +19 13 33 I0113
01 26 34 +09 57 33 I0114 Gx 1.6 16p
01 27 10 +19 14 33 I0115 Gx 0.6 14.2
01 27 03 -04 57 27 I0116
01 27 39 -01 50 27 I0117 S*
01 27 51 -04 58 27 I0118
01 28 09 -02 01 27 I0119 Gx 1.6
01 28 27 -01 53 27 I0120 Gx
01 28 39 +02 32 33 I0121 Gx 1.2 14p
01 28 27 -14 48 27 I0122
01 29 03 +02 28 33 I0123 Gx 0.4 15p
01 29 27 -01 54 27 I0124 S*
01 29 33 -13 16 27 I0125 Gx 0.4 15p
01 30 03 -01 57 27 I0126 Gx 16p
01 30 03 -06 57 27 I0127 Gx 2.1
01 31 33 -12 36 28 I0128 Gx 0.8 14p
01 31 51 -12 39 28 I0129 Gx 1.0 14p
01 31 45 -15 33 28 I0130
01 33 29 +30 46 32 I0131 Nb
01 33 35 +30 58 32 I0132 Nb
01 33 35 +30 54 32 I0133 Nb
01 33 41 +30 54 32 I0134 S*
01 33 29 +30 29 32 I0135 Nb
01 33 29 +30 31 32 I0136 Nb
01 33 53 +30 32 32 I0137 Nb
01 33 15 -00 40 28 I0138 Gx 1.4 15p
01 33 59 +30 29 32 I0139 S*
01 33 59 +30 30 32 I0140 S*
01 33 03 -14 47 28 I0141 Gx 1.0 14p
01 34 11 +30 46 32 I0142 Nb
01 34 23 +30 48 32 I0143 Nb
01 37 57 -13 17 29 I0144 Gx 0.6 15p
01 38 57 +00 45 31 I0145 Gx 0.6 15p
01 38 56 -17 48 29 I0146 Gx 1.4
01 40 15 -14 50 29 I0147 Gx 0.8 14p
01 42 40 +13 40 30 I0148
01 42 39 -16 16 30 I0149 Gx 1.0 14p
01 43 16 +04 13 30 I0150 Gx 1.0 15p
01 44 16 +13 13 30 I0151
01 44 22 +13 03 30 I0152
01 44 52 +12 39 30 I0153
01 45 34 +10 40 30 I0154 Gx 1.3 15p
01 47 51 +59 48 29 I0155
01 45 46 +10 34 30 I0156 Gx 1.8 15p
01 45 58 +12 53 30 I0157
01 46 09 -06 54 30 I0158
01 46 45 -08 37 30 I0159 Gx 0.6 16p
01 46 39 -13 13 30 I0160 Gx 0.8 14p
01 48 58 +10 23 29 I0161
01 49 10 +10 32 29 I0162 Gx 1.9 15p
01 49 35 +20 43 29 I0163 Gx 1.8 14p
01 49 21 -03 53 31 I0164
01 50 29 +27 39 29 I0165 ?
01 52 51 +61 51 28 I0166 OC 5 11.7
01 51 23 +21 56 29 I0167 Gx 3.0
01 50 45 -08 30 31 I0168
01 50 51 -12 39 31 I0169
01 52 15 -08 30 32 I0170
01 55 30 +35 18 28 I0171 Gx 2.5 14p
01 55 09 +00 50 28 I0172 Nb 0.1
01 56 15 +01 18 28 I0173 Gx 1.2
01 56 34 +03 47 28 I0174 Gx 1.7 15p
01 56 33 +01 21 28 I0175 Nb 0.2
01 57 09 -01 59 33 I0176 Gx 2.4 15p
01 57 21 -00 07 33 I0177
01 59 12 +36 38 27 I0178
02 00 30 +38 03 27 I0179
02 00 17 +23 38 27 I0180 Gx 15p
02 00 17 +23 41 27 I0181 Gx 16p
02 00 04 +07 26 27 I0182 Gx 2.0 15p
01 59 51 -05 20 33 I0183 Gx 1.0 15p
02 00 09 -06 48 33 I0184 Gx 1.0 14p
02 00 21 -01 29 33 I0185 Gx 0.5 16p
02 00 39 -01 31 33 I0186 Gx 15p
02 02 11 +26 29 26 I0187
02 02 17 +27 03 26 I0188
02 02 11 +23 34 26 I0189 Gx 0.7 15p
02 02 23 +23 33 26 I0190 Gx 0.3 15p
02 02 47 +18 23 26 I0191
02 02 46 +16 02 26 I0192 Gx 1.1 15p
02 02 58 +11 06 26 I0193
02 03 22 +02 37 26 I0194 Gx 1.7 15p
02 03 58 +14 43 26 I0195 Gx 1.5 14p
02 04 10 +14 44 26 I0196 Gx
02 04 22 +02 48 26 I0197 Gx 1.0 14p
02 06 22 +09 18 25 I0198 Gx 1.4
02 06 34 +09 14 25 I0199 Gx 1.6 15p
02 07 42 +31 11 25 I0200
02 07 34 +09 07 25 I0201
02 07 46 +09 11 25 I0202 Gx 1.6 15p
02 07 46 +09 08 25 I0203
02 07 39 -01 21 35 I0204
02 07 39 -02 04 35 I0205 Gx 1.1 15p
02 07 45 -07 00 35 I0206
02 07 57 -06 57 35 I0207
02 08 40 +06 24 25 I0208 Gx 1.5 13p
02 09 15 -07 02 35 I0209 Gx 0.8 13p
02 09 39 -09 38 35 I0210
02 11 22 +03 53 24 I0211 Gx 2.5
02 13 52 +16 37 24 I0212 Gx 16p
02 14 16 +16 29 24 I0213 Gx 15p
02 14 16 +05 12 24 I0214 Gx 0.9 14p
02 14 27 -06 45 36 I0215 Gx 1.0 15p
02 16 03 -01 59 37 I0216 Gx 16p
02 16 27 -11 54 37 I0217
02 17 21 +01 19 23 I0218 Gx 0.7 15p
02 18 51 -06 53 38 I0219
02 19 27 -12 45 38 I0220
02 22 59 +28 17 21 I0221 Gx 2.2 14p
02 22 58 +11 39 21 I0222 Gx 0.6 14p
02 22 14 -20 43 38 I0223 Gx 1.4
02 24 56 -12 32 39 I0224 Gx 0.5 14p
02 26 45 +01 10 20 I0225 Gx 1.8 15p
02 28 00 +28 12 20 I0226 Gx 2.3 16p
02 28 18 +28 11 20 I0227 Gx 2.3 15p
02 26 56 -14 29 40 I0228 Gx 0.8 14p
02 27 38 -23 47 40 I0229
02 29 03 -10 48 40 I0230
02 30 15 +01 11 20 I0231 Gx 1.1 15p
02 31 27 +01 16 19 I0232 Gx 1.7 14p
02 31 52 +02 50 19 I0233 Gx 15p
02 31 57 -00 06 41 I0234 Gx 15p
02 33 05 +20 40 19 I0235 Gx 0.5 14.7
02 33 09 -00 06 41 I0236
02 33 45 +01 09 19 I0237 Gx 0.5 15p
02 35 34 +12 50 18 I0238 Gx 1.8 14p
02 36 49 +38 59 18 I0239 Gx 4.6 11.2
02 39 25 +41 45 17 I0240
02 38 10 +02 21 17 I0241 Gx 1.2 14p
02 38 45 -06 53 43 I0242 Gx 0.9 15p
02 38 45 -06 53 43 I0243 Gx 0.9 15p
02 39 40 +02 44 17 I0244 Gx 0.6 15p
02 39 08 -14 16 43 I0245 Gx 0.7 14p
02 40 46 +02 30 17 I0246
02 40 20 -11 42 43 I0247 Gx 1.2 14p
02 41 41 +17 49 16 I0248 Gx 1.3 14p
02 41 21 -06 54 44 I0249 Gx 1.9
02 41 08 -13 17 43 I0250 Gx 0.8 15p
02 41 26 -14 56 44 I0251 Gx 0.4 15p
02 41 56 -14 49 44 I0252
02 42 20 -15 01 44 I0253 Gx 0.3 14p
02 42 20 -15 03 44 I0254 Gx 0.5 14p
02 47 23 +16 17 15 I0255 Gx 0.6 16p
02 50 08 +47 00 14 I0256 Gx 2.5 14p
02 50 14 +47 00 14 I0257
02 50 07 +41 04 14 I0258 Gx 1.7 16p
02 50 25 +41 05 14 I0259
02 51 26 +46 58 14 I0260 Gx 1.8 15p
02 49 20 -14 26 46 I0261
02 52 02 +42 51 13 I0262 Gx 2.3 15p
02 50 51 -00 05 46 I0263
02 51 09 -00 08 46 I0264
02 55 01 +41 41 12 I0265 Gx 16p
02 55 20 +42 15 12 I0266 Gx 0.3 15p
02 54 04 +12 51 13 I0267 Gx 2.2
02 55 38 -14 04 48 I0268 Gx 0.6 15p
02 55 38 -14 02 48 I0269 Gx 1.0 15p
02 55 56 -14 10 48 I0270 Gx 1.2 14p
02 56 14 -11 58 48 I0271 Gx 0.8 15p
02 56 20 -14 09 48 I0272 Gx 0.9 15p
02 57 22 +02 48 12 I0273 Gx 1.8 14p
03 00 26 +44 14 11 I0274
03 01 14 +44 22 11 I0275
02 58 56 -15 39 49 I0276 Gx 2.0 14p
03 00 04 +02 47 11 I0277 Gx 1.6
03 01 49 +37 48 10 I0278 Gx 2.3 15p
03 01 29 +16 14 10 I0279 Gx 15p
03 03 38 +42 22 10 I0280 At
03 04 50 +42 22 09 I0281
03 05 32 +41 52 09 I0282
03 04 09 -00 10 50 I0283 Gx 0.4 15p
03 06 32 +42 24 09 I0284 Gx 4.9 13p
03 04 20 -11 59 50 I0285 Gx 1.0 15p
03 05 03 -06 27 51 I0286
03 05 14 -12 03 51 I0287
03 07 50 +42 23 09 I0288 OC
03 10 42 +61 20 08 I0289 Pl 0.6 12p
03 10 02 +41 00 08 I0290 Gx 1.2 15p
03 07 38 -12 35 51 I0291 Gx 0.8 14p
03 10 38 +40 47 08 I0292 Gx 1.2
03 11 14 +41 08 07 I0293 Gx 0.2 15p
03 11 14 +40 39 07 I0294
03 11 20 +40 38 07 I0295
03 11 26 +40 38 07 I0296 Gx 2.8 16p
03 13 38 +42 07 07 I0297 D*
03 11 33 +01 20 07 I0298 Gx
03 11 14 -13 05 53 I0299
03 14 38 +42 26 06 I0300 Gx
03 15 08 +42 14 06 I0301 Gx
03 13 04 +04 43 07 I0302 Gx 2.1
03 12 56 -11 40 53 I0303
03 15 19 +37 55 06 I0304 Gx 1.3 15p
03 15 25 +37 52 06 I0305 Gx 1.0 15p
03 13 14 -11 41 53 I0306
03 14 03 -00 11 54 I0307 Gx 1.9 15p
03 16 38 +41 12 06 I0308 Gx
03 16 26 +40 49 06 I0309 Gx 1.0
03 17 02 +41 21 06 I0310 Gx 1.6
03 17 08 +40 02 05 I0311 Gx 1.9 16p
03 18 26 +41 46 05 I0312 Gx 1.5
03 21 20 +41 55 04 I0313 Gx 1.6
03 19 03 -01 56 55 I0314 Gx 2.1 14p
03 19 22 +04 03 05 I0315 Gx 15p
03 21 44 +41 57 04 I0316 Gx
03 19 14 -12 43 55 I0317 Gx 0.8 14p
03 21 02 -14 32 56 I0318 Gx 0.8 14p
03 23 44 +41 25 03 I0319 Gx
03 26 20 +40 48 02 I0320 Gx
03 24 44 -14 58 57 I0321 Gx 0.4 15p
03 26 10 +03 41 02 I0322 Gx 15p
03 29 50 +41 53 01 I0323
03 26 43 -21 19 58 I0324 Gx 0.9
03 31 03 -07 01 59 I0325
03 30 56 -14 24 59 I0326 Gx 0.4 15p
03 31 20 -14 41 59 I0327 Gx 0.6 15p
03 31 26 -14 38 59 I0328 Gx 0.5 14p
03 32 21 +00 17 00 I0329 Gx 15p
03 32 27 +00 22 00 I0330 Gx 1.0 15p
03 32 39 +00 18 00 I0331 Gx 15p
03 32 58 +01 24 00 I0332 Gx 15p
03 34 15 -05 06 00 I0333
03 45 51 +76 38 56 I0334 Gx 6.0 12p
03 35 42 -34 26 01 I0335 Gx 3.0
03 38 30 +23 28 58 I0336
03 37 21 -06 42 01 I0337
03 37 52 +03 08 58 I0338 Gx 15p
03 38 20 -18 22 02 I0339 S*
03 39 44 -13 06 02 I0340 Gx 1.4 15p
03 41 30 +21 57 57 I0341
03 47 17 +68 06 55 I0342 Gx 17.8 9p
03 40 20 -18 26 03 I0343 Gx 1.8
03 41 45 -04 38 03 I0344 Gx
03 41 26 -18 18 03 I0345 Gx 0.4 15p
03 41 56 -18 15 03 I0346 Gx 1.9
03 42 45 -04 16 03 I0347 Gx 0.7 13p
03 44 49 +32 17 56 I0348 CN 10 7.3
03 46 36 +23 56 55 I0349 Nb
03 44 56 -11 48 04 I0350 Gx 0.8 14p
03 47 49 +35 03 55 I0351 Pl 0.1 12p
03 47 51 -08 43 05 I0352
03 55 18 +25 29 52 I0353 Nb 180
03 53 36 +23 25 53 I0354
03 54 05 +20 00 52 I0355
04 08 19 +69 49 47 I0356 Gx 5.2 11p
04 04 06 +22 09 49 I0357 Gx 1.3 14p
04 03 59 +19 53 49 I0358 Gx 1.4 15p
04 19 19 +28 12 43 I0359 Nb 15
04 13 18 +25 38 45 I0360 Nb 180
04 19 25 +58 18 43 I0361 OC 6 11.7
04 16 56 -12 12 16 I0362 Gx 0.3 14p
04 19 10 +03 03 43 I0363
04 19 22 +03 10 43 I0364 Gx 15p
04 19 28 +03 20 43 I0365 Gx 0.6 14p
04 19 52 +02 21 43 I0366
04 20 50 -14 46 18 I0367 Gx 0.3 15p
04 22 56 -12 36 19 I0368 Gx 0.8 14p
04 23 44 -11 46 19 I0369 Gx 0.5 15p
04 24 20 -09 22 19 I0370 Gx 1.2 14p
04 30 27 -00 32 22 I0371
04 30 21 -05 00 22 I0372 ?
04 30 57 -04 51 22 I0373 Gx 1.0 15p
04 32 47 +16 38 37 I0374 Gx 16p
04 31 20 -12 57 22 I0375
04 31 20 -12 26 22 I0376 Gx 0.8 14p
04 31 32 -12 26 22 I0377
04 31 44 -12 17 22 I0378
04 32 09 -07 14 22 I0379 Gx 0.9 15p
04 31 56 -12 55 22 I0380 Gx 0.6 15p
04 45 04 +75 39 32 I0381 Gx 3.4 14p
04 38 08 -09 30 25 I0382 Gx 2.0 13p
04 39 16 +09 54 35 I0383
04 39 33 -07 49 25 I0384
04 39 45 -07 05 26 I0385
04 40 14 -09 26 26 I0386
04 41 57 -07 04 26 I0387 Gx 1.5
04 42 15 -07 17 27 I0388 Gx 0.4 15p
04 42 15 -07 17 27 I0389 Gx 0.4 15p
04 42 21 -07 12 27 I0390 Gx 0.7 15p
04 58 10 +78 11 27 I0391 Gx 1.7 12.7
04 46 40 +03 30 32 I0392 Gx 1.5 15p
04 48 08 -15 31 29 I0393 Gx 0.3 15p
04 49 09 -06 16 29 I0394 ?
04 49 51 +00 15 30 I0395
04 58 32 +68 19 27 I0396 Gx 3.0 13p
05 01 27 +40 26 25 I0397
04 58 26 -07 46 33 I0398 Gx 1.5
05 02 03 -04 17 35 I0399 Gx 14.5
05 03 56 -15 45 36 I0400
05 04 32 -10 04 36 I0401
05 06 32 -09 07 37 I0402
05 15 39 +39 58 19 I0403
05 13 34 +09 45 20 I0404 Gx 16p
05 16 32 +34 16 19 I0405 Nb 30
05 18 09 +39 53 18 I0406 OC
05 17 56 -15 30 42 I0407
05 18 06 -25 04 42 I0408
05 19 52 +03 18 18 I0409 Gx 0.6 15p
05 22 56 +33 31 16 I0410 CN 40
05 20 30 -25 19 43 I0411 Gx 0.5 15p
05 22 10 +03 29 17 I0412 Gx 1.6 14p
05 22 16 +03 29 17 I0413 Gx 1.2 14p
05 22 10 +03 20 17 I0414 Gx 0.4 15p
05 21 32 -15 32 43 I0415
05 24 07 -17 15 44 I0416 Gx 1.7
05 28 26 +34 26 14 I0417 Nb 13
05 27 44 -12 41 46 I0418 Pl 0.2 11p
05 31 19 +30 09 13 I0419
05 32 33 -04 29 48 I0420
05 32 26 -08 04 48 I0421
05 32 31 -17 12 48 I0422
05 33 39 -00 36 48 I0423 Nb 6
05 33 57 -00 18 49 I0424
05 37 26 +32 26 10 I0425
05 37 03 -00 14 50 I0426 Nb 5
05 36 51 -06 39 50 I0427
05 36 51 -06 30 50 I0428
05 38 33 -07 02 51 I0429
05 38 45 -07 04 51 I0430 Nb 11
05 40 33 -01 26 51 I0431 Nb 5
05 41 09 -01 28 52 I0432 Nb 8
05 40 44 -11 37 51 I0433 Gx 0.4 14p
05 41 15 -02 23 52 I0434 Nb 60
05 43 15 -02 18 53 I0435 Nb 5
05 54 03 +38 38 03 I0436
05 51 50 -12 33 56 I0437
05 53 13 -17 52 57 I0438 Gx 3.2
05 56 56 +32 02 01 I0439
06 19 47 +80 03 52 I0440 Gx 2.1 14p
06 02 56 -12 30 01 I0441 Gx 1.1 14p
06 37 39 +82 57 44 I0442 Gx 1.4 14p
06 17 12 +22 46 53 I0443 Nb 50
06 20 42 +23 15 51 I0444 Nb 8
06 37 50 +67 50 44 I0445 Gx 1.2 14p
06 31 17 +10 26 46 I0446 Nb 5
06 31 29 +10 01 46 I0447
06 32 58 +07 18 46 I0448 Nb 15
06 46 17 +71 20 40 I0449 Gx 2.0
06 52 51 +74 25 37 I0450 Gx 1.3
06 53 33 +74 28 37 I0451 Gx 1.6
06 48 49 -16 54 21 I0452 Gx
06 49 19 -17 02 21 I0453 S*
06 51 23 +12 53 38 I0454
07 36 34 +85 32 20 I0455 Gx 1.2 14p
07 00 30 -30 10 26 I0456 Gx 2.3
07 09 47 +50 08 30 I0457 Gx 0.3 16p
07 10 53 +50 05 30 I0458 Gx 1.0 14p
07 10 59 +50 10 30 I0459
07 11 05 +50 12 30 I0460 Gx 0.4 16p
07 11 05 +50 04 30 I0461 Gx 0.6 16p
07 11 23 +50 10 29 I0462
07 11 17 +50 07 29 I0463 Gx 15p
07 11 23 +50 08 29 I0464 Gx 0.6 15p
07 11 53 +50 14 29 I0465 Gx 0.8 15p
07 08 51 -04 19 30 I0466 Nb 1
07 30 50 +79 51 22 I0467 Gx 3.5 12p
07 17 44 -13 09 33 I0468 Nb 20
07 57 24 +85 09 11 I0469 Gx 2.3
07 23 52 +46 04 24 I0470
07 43 58 +49 38 16 I0471 Gx 0.8 14p
07 44 10 +49 35 16 I0472 Gx 1.9 14p
07 42 40 +09 14 17 I0473
07 46 24 +26 28 15 I0474
07 47 31 +30 30 15 I0475 Gx 0.5 15p
07 47 36 +26 56 15 I0476 Gx 15p
07 52 24 +23 27 13 I0477 Gx 15p
07 54 00 +26 28 12 I0478 Gx 15p
07 54 42 +26 59 12 I0479 Gx 15p
07 55 36 +26 46 12 I0480
07 59 18 +24 08 10 I0481 Gx 1.1 15p
08 00 06 +25 20 10 I0482 Gx 0.6 15p
08 00 12 +25 54 10 I0483
08 00 12 +26 39 10 I0484 Gx 15p
08 00 36 +26 41 10 I0485 Gx 1.4 15p
08 00 36 +26 36 10 I0486 Gx 1.0 15p
07 59 27 -00 40 50 I0487
08 01 06 +25 53 10 I0488
08 01 54 +25 59 09 I0489
08 03 36 +25 47 09 I0490 Gx 16p
08 04 06 +26 31 08 I0491 Gx 15p
08 06 00 +26 09 08 I0492 Gx 1.3
08 07 42 +25 05 07 I0493
08 06 39 +01 01 07 I0494 Gx 1.4 14p
08 08 34 +08 59 07 I0495 Gx 15p
08 10 00 +25 51 06 I0496 Gx 0.3 15p
08 10 24 +24 52 06 I0497 Gx 0.5 15p
08 09 40 +05 15 06 I0498 Gx 1.4 15p
08 47 22 +85 41 54 I0499 Gx 1.9 14p
08 12 50 -16 03 55 I0500 Gx 0.7 15p
08 19 06 +24 31 03 I0501 Gx 15p
08 22 16 +08 44 02 I0502 Gx 0.4 15p
08 22 28 +03 14 02 I0503 Gx 1.1 14p
08 22 52 +04 14 02 I0504 Gx 1.1 14p
08 23 34 +04 21 01 I0505 Gx 1.4 15p
08 23 40 +04 17 01 I0506 Gx 0.4 15p
08 25 51 -00 27 59 I0507 ?
08 28 42 +25 06 00 I0508 Gx 15p
08 32 18 +23 58 58 I0509 Gx 1.9
08 32 21 -02 11 02 I0510 Gx 1.1 15p
08 41 21 +73 27 55 I0511 Gx 1.7
09 05 14 +85 28 48 I0512 Gx 3.6 12p
08 33 14 -12 22 02 I0513 Gx 0.6 14p
08 35 39 -02 04 03 I0514 Gx 15p
08 35 45 -01 55 03 I0515 Gx 1.2 16p
08 36 03 -01 53 03 I0516 Gx 16p
08 36 33 -02 05 03 I0517 Gx 15p
08 37 21 +00 39 57 I0518 OC
08 40 52 +02 34 55 I0519 Gx 15p
08 54 14 +73 27 51 I0520 Gx 2.3 13p
08 47 04 +02 31 53 I0521
08 54 53 +57 08 51 I0522 Gx 1.0 14p
08 53 28 +09 07 51 I0523 Gx 1.4 15p
08 58 26 -19 12 10 I0524
09 01 33 -01 53 11 I0525 Gx 1.0 15p
09 02 52 +10 48 48 I0526 Gx 0.7 15p
09 09 55 +37 33 46 I0527 Gx 1.9 15p
09 09 41 +15 46 46 I0528 Gx 1.7 15p
09 19 00 +73 44 44 I0529 Gx 3.7 13p
09 15 34 +11 51 45 I0530 Gx 2.1 14p
09 18 09 -00 18 16 I0531 Gx 1.8 15p
09 19 14 -16 47 16 I0532 ?
09 20 39 -04 01 17 I0533
09 21 28 +03 07 43 I0534 Gx 1.9 15p
09 22 27 -01 04 17 I0535 Gx 16p
09 24 53 +25 05 42 I0536 Gx 1.2 15p
09 25 38 -12 24 18 I0537 Gx 1.0 14p
09 27 41 +22 59 41 I0538 Gx 0.5
09 29 21 -02 34 19 I0539 Gx 1.2 14p
09 30 28 +07 52 40 I0540 Gx 1.4 15p
09 30 45 -04 16 20 I0541
09 31 26 -13 11 20 I0542 Gx 1.0 15p
09 31 08 -14 45 20 I0543 Gx 1.2 13p
09 36 11 +24 52 39 I0544 Gx 0.7 15p
09 36 23 +24 55 39 I0545 Gx 0.4 15p
09 35 08 -16 24 21 I0546 Gx 0.6 14p
09 36 27 -12 26 21 I0547 Gx 1.2 13p
09 38 34 +09 24 38 I0548 Gx 15p
09 40 58 +03 57 38 I0549
09 40 45 -06 57 22 I0550 Gx 0.6 14p
09 41 10 +06 54 38 I0551 Gx 0.9 14p
09 41 34 +10 36 38 I0552 Gx 1.1 14p
09 40 57 -05 27 22 I0553 Gx
09 42 04 +12 24 37 I0554
09 42 10 +12 15 37 I0555 Gx 1.3 14p
09 43 58 +11 02 37 I0556 Gx 0.9 14p
09 44 22 +10 57 37 I0557 Gx 0.5 15p
09 45 17 +29 25 37 I0558 Gx 0.9 15p
09 44 58 +09 35 37 I0559 Gx 0.8 15p
09 46 09 -00 17 24 I0560 Gx 1.5 15p
09 46 16 +03 06 36 I0561 Gx 0.4 15p
09 46 21 -03 59 24 I0562 Gx 1.5
09 46 34 +03 01 36 I0563 Gx 1.1
09 46 40 +03 02 36 I0564 Gx 1.9
09 48 04 +15 49 36 I0565 Gx 1.7 15p
09 50 15 -00 15 25 I0566 Gx 15p
09 50 46 +12 47 35 I0567
09 51 22 +15 42 35 I0568 Gx 1.5 15p
09 51 46 +10 53 35 I0569 Gx 0.2 15p
09 52 04 +15 44 35 I0570 Gx 16p
09 52 46 +15 44 35 I0571 Gx 0.3 15p
09 52 46 +15 48 35 I0572 Gx 0.4 15p
09 53 51 -12 32 25 I0573 Gx 1.2 15p
09 54 39 -06 59 26 I0574 Gx 0.5 15p
09 54 51 -06 52 26 I0575 Gx
09 55 22 +11 00 34 I0576 Gx 15p
09 56 22 +10 28 34 I0577 Gx 0.7 14p
09 56 34 +10 27 34 I0578 Gx 1.3 15p
09 56 51 -14 10 26 I0579
09 58 16 +10 25 34 I0580 Gx 0.6 15p
09 58 28 +15 54 34 I0581 Gx 1.1 15p
09 59 16 +17 47 33 I0582 Gx 1.1 15p
09 59 22 +17 48 33 I0583 Gx 1.0 15p
09 59 22 +10 20 33 I0584 Gx 0.3 15p
09 59 58 +13 00 33 I0585 Gx 0.2 15p
10 00 09 -06 56 27 I0586 Gx 0.4 15p
10 03 15 -02 25 27 I0587
10 02 28 +03 01 33 I0588 Gx 1.1 15p
10 04 39 -05 42 28 I0589
10 06 09 +00 36 32 I0590 Gx 1.1 14p
10 07 46 +12 14 32 I0591 Gx 1.4 14p
10 08 09 -02 31 28 I0592 Gx 1.0 14p
10 08 33 -02 33 29 I0593 Gx 0.8 14p
10 08 51 -00 41 29 I0594 Gx 1.1 15p
10 09 58 +10 58 31 I0595 Gx 15p
10 10 52 +10 00 31 I0596 Gx 0.8 15p
10 10 27 -06 55 29 I0597
10 13 24 +43 12 30 I0598
10 13 33 -05 39 30 I0599 Gx 1.0 14p
10 17 27 -03 31 30 I0600 Gx 2.3
10 18 28 +07 00 30 I0601 Gx 0.6 15p
10 18 34 +07 01 29 I0602 Gx 1.1
10 19 39 -05 40 31 I0603 Gx 0.4 14p
10 24 08 +57 00 28 I0604
10 22 39 +01 10 29 I0605 Gx 0.7 14p
10 23 46 +10 56 29 I0606 Gx 0.4 15p
10 24 28 +16 43 28 I0607 Gx 1.5 15p
10 24 33 -06 03 32 I0608 Gx 0.7 15p
10 25 45 -02 14 32 I0609 Gx 1.6 14p
10 26 46 +20 12 28 I0610 Gx 2.1
10 26 46 +20 12 28 I0611 Gx
10 27 22 +11 01 28 I0612 Gx 0.3 15p
10 27 22 +10 59 28 I0613 Gx 0.3 15p
10 27 09 -03 28 32 I0614 Gx 0.7 15p
10 27 34 +11 03 28 I0615 Gx 1.4 15p
10 33 04 +15 50 27 I0616 Gx 1.1 15p
10 33 03 -12 39 33 I0617 Gx 0.1 16p
10 33 03 -12 45 33 I0618
10 33 46 +12 31 27 I0619
10 33 46 +11 51 27 I0620 Gx 15p
10 33 33 +02 38 27 I0621 Gx 15p
10 34 52 +11 09 27 I0622 Gx 2.9 14p
10 35 40 +03 31 27 I0623 Gx 1.1 15p
10 36 33 -08 22 34 I0624 Gx 3.3
10 36 44 -23 56 34 I0625
10 37 15 -07 02 34 I0626 Gx 14p
10 37 33 -03 23 34 I0627 Gx 0.4 14p
10 37 52 +05 33 26 I0628 Gx 1.0 15p
10 37 14 -27 35 34 I0629 Gx 3.0
10 38 45 -07 11 34 I0630 Gx 13p
10 39 15 -07 04 34 I0631
10 39 27 -00 26 34 I0632 Gx 1.0 15p
10 39 39 -00 25 34 I0633 Gx 0.6 14p
10 41 10 +05 57 26 I0634 Gx 1.3 15p
10 41 58 +15 37 26 I0635 Gx 1.3 15p
10 42 10 +04 18 26 I0636 Gx 1.1 15p
10 42 40 +15 18 25 I0637 Gx 15p
10 44 04 +15 51 25 I0638 Gx 15p
10 46 10 +16 54 25 I0639 Gx 0.7 15p
10 47 05 +34 43 25 I0640
10 48 05 +34 38 25 I0641
10 48 22 +18 09 25 I0642 Gx 1.6 14p
10 49 40 +12 11 25 I0643 Gx 15p
10 51 48 +55 21 24 I0644 Gx
10 50 27 -06 04 36 I0645
10 51 54 +55 26 24 I0646 Gx
10 50 51 -12 53 36 I0647
10 51 16 +12 15 24 I0648 Gx 0.8 15p
10 51 09 +01 09 24 I0649 Gx 0.6 15p
10 50 57 -13 28 36 I0650
10 51 15 -02 09 36 I0651 Gx 0.8
10 51 15 -12 39 36 I0652
10 52 27 -00 34 36 I0653 Gx 2.3 14p
10 54 09 -11 45 36 I0654
10 54 39 -00 23 36 I0655 Nb 1
10 55 22 +17 34 24 I0656 OC
10 58 09 -04 55 37 I0657
10 58 34 +08 13 23 I0658 Gx 0.3 15p
10 58 21 -06 17 37 I0659
10 58 45 +01 21 23 I0660 Gx 16p
10 59 09 +01 38 23 I0661 Gx 16p
10 59 39 +01 34 23 I0662 Gx 16p
11 00 52 +10 25 23 I0663 Gx 16p
11 00 58 +10 31 23 I0664 Gx 1.0 15p
11 00 45 -13 53 37 I0665
11 01 34 +10 27 23 I0666 Gx 15p
11 06 46 +15 03 23 I0667 Gx 15p
11 06 52 +15 00 22 I0668 Gx 0.6 15p
11 07 34 +06 16 22 I0669 Gx 1.6 14p
11 07 40 +06 41 22 I0670 Gx 1.3 15p
11 07 51 +00 45 22 I0671 Gx 1.6 15p
11 08 15 -12 30 38 I0672 Gx 0.5 15p
11 09 45 -00 06 38 I0673
11 11 23 +43 36 22 I0674 Gx 1.8 14p
11 10 57 +03 39 22 I0675
11 12 58 +09 02 22 I0676 Gx 2.2 13p
11 14 10 +12 17 22 I0677 Gx 1.6 14p
11 14 22 +06 33 22 I0678 Gx 0.2 15p
11 16 51 -13 59 38 I0679
11 18 15 -01 57 39 I0680 Gx 0.6 15p
11 18 51 -12 10 39 I0681
11 21 28 +20 11 21 I0682
11 21 39 +02 43 21 I0683 Gx
11 21 51 +02 48 21 I0684
11 22 22 +17 43 21 I0685 Gx
11 23 21 +05 37 21 I0686 Gx 15p
11 24 35 +47 49 21 I0687 Gx 0.7 15p
11 23 57 -09 49 39 I0688
11 23 51 -13 51 39 I0689
11 24 33 -08 22 39 I0690
11 26 59 +59 07 21 I0691 Gx 0.7 14p
11 26 10 +09 57 21 I0692 Gx 0.8 14p
11 27 03 -05 01 39 I0693 Gx 0.6 15p
11 28 47 +58 32 21 I0694 Gx 1.2
11 28 15 -11 44 39 I0695
11 28 52 +09 03 21 I0696 Gx 1.0 14p
11 28 51 -01 38 39 I0697 Gx 15p
11 29 16 +09 04 21 I0698 Gx 1.0 14p
11 29 22 +08 57 21 I0699 Gx 1.3 15p
11 29 34 +20 31 21 I0700 Gx 0.8 15p
11 31 04 +20 26 21 I0701 Gx 0.7
11 31 09 -04 57 39 I0702
11 32 03 -11 37 39 I0703
11 32 09 -11 34 39 I0704
11 33 10 +50 12 20 I0705 Gx 0.3 15p
11 33 21 -13 23 40 I0706 Gx 1.2 15p
11 33 52 +21 20 20 I0707 Gx 0.6 14p
11 34 10 +49 01 20 I0708 Gx 1.7 14p
11 34 28 +49 00 20 I0709 Gx 15p
11 34 40 +25 49 20 I0710 Gx 16p
11 34 58 +48 55 20 I0711 Gx 15p
11 35 04 +49 02 20 I0712 Gx 1.6
11 35 04 +16 49 20 I0713
11 36 45 -09 52 40 I0714
11 37 09 -08 23 40 I0715
11 39 21 -00 14 40 I0716 Gx 1.7 15p
11 39 39 -10 40 40 I0717 ?
11 40 09 +08 50 20 I0718 Gx 1.2 15p
11 40 33 +08 58 20 I0719 Gx 1.7 14p
11 42 33 +08 44 20 I0720 Gx 1.0 15p
11 42 45 -08 23 40 I0721 Gx 1.1 15p
11 42 51 +09 02 20 I0722
11 43 15 -08 20 40 I0723
11 43 39 +09 00 20 I0724
11 43 45 -01 41 40 I0725 Gx 15p
11 44 04 +33 16 20 I0726
11 44 45 +10 44 20 I0727 Gx 1.6 15p
11 45 09 -01 37 40 I0728 Gx 1.3 15p
11 45 28 +33 17 20 I0729 Gx 15p
11 45 51 +03 11 20 I0730 Gx 0.6 15p
11 46 16 +49 32 20 I0731
11 46 16 +20 24 20 I0732 Gx 0.4 15p
11 46 15 -08 11 40 I0733
11 46 27 -08 18 40 I0734 Gx 0.8 16p
11 48 27 +10 11 20 I0735
11 48 39 +12 41 20 I0736 Gx 0.4 15p
11 48 45 +12 41 20 I0737 Gx 0.6 15p
11 49 09 -04 42 40 I0738
11 50 39 +23 47 20 I0739
11 50 52 +55 19 20 I0740 Gx 2.7 13p
11 50 45 -04 50 40 I0741 Gx 0.5 15p
11 51 15 +20 46 20 I0742 Gx 1.3 15p
11 53 39 -13 17 40 I0743
11 54 21 +23 10 20 I0744 Gx 16p
11 54 33 +00 06 20 I0745 Gx 0.7 14p
11 55 51 +25 51 20 I0746 Gx 1.3 14p
11 57 21 -08 19 40 I0747
11 57 45 +07 26 20 I0748 Gx 0.3 15p
11 58 51 +42 42 20 I0749 Gx 2.5 12.2
11 59 09 +42 41 20 I0750 Gx 2.9 11.8
11 59 09 +42 32 20 I0751 Gx 1.5
11 59 33 +42 31 20 I0752 Gx 15p
11 59 27 -00 31 40 I0753 Gx 0.6 14p
11 59 39 -01 39 40 I0754 Gx 0.9 14p
12 01 27 +14 04 20 I0755 Gx 2.7
12 03 15 +04 48 20 I0756 Gx 2.1 15p
12 03 39 +52 37 20 I0757 D* 13p
12 04 27 +62 28 20 I0758 Gx 2.0 13p
12 05 27 +20 13 20 I0759
12 06 09 -29 19 40 I0760 Gx 1.6
12 06 15 -12 41 40 I0761 Gx 0.6 15p
12 08 21 +25 43 20 I0762 Gx 0.6 15p
12 08 27 +25 47 20 I0763 Gx 0.8 15p
12 10 28 -29 45 40 I0764 Gx 4.8 12p
12 10 45 +16 06 20 I0765 D*
12 11 09 -12 41 40 I0766 Gx 1.2 14p
12 11 21 +12 03 20 I0767 Gx 0.6 15p
12 12 09 +12 06 20 I0768 Gx 1.6 15p
12 12 45 +12 05 20 I0769 Gx 2.5 13p
12 13 15 -04 34 40 I0770
12 15 27 +13 09 20 I0771 Gx 15p
12 15 27 +23 55 20 I0772 Gx 15p
12 18 21 +06 06 20 I0773 Gx 1.8
12 19 03 -06 47 40 I0774
12 19 09 +12 53 20 I0775 Gx 1.4 13.3
12 19 15 +08 49 20 I0776 Gx 2.1 14p
12 19 39 +28 16 20 I0777 Gx 1.3 14p
12 19 39 +55 58 20 I0778
12 20 03 +29 51 20 I0779
12 20 09 +25 44 20 I0780 Gx 1.3 14p
12 20 21 +14 56 20 I0781 Nb 1
12 21 51 +05 43 20 I0782 Gx 0.6 15p
12 21 51 +15 43 20 I0783 Gx 1.5 13.6
12 22 51 -04 40 40 I0784
12 23 16 -13 15 40 I0785 Gx 0.8 15p
12 23 28 -13 14 40 I0786 Gx 1.0 15p
12 25 45 +16 04 20 I0787 Gx 1.0 15p
12 26 21 +16 10 20 I0788
12 26 33 +07 25 20 I0789 Gx 15p
12 26 45 +08 59 20 I0790 Gx 0.5 15p
12 27 15 +22 36 20 I0791 Gx 1.2 14p
12 27 21 +16 18 20 I0792 Gx 1.8 15p
12 28 15 +09 24 21 I0793
12 28 21 +12 04 21 I0794 Gx 1.7
12 28 45 +23 16 21 I0795 Gx 15p
12 29 39 +16 22 21 I0796 Gx 1.4 14p
12 32 09 +15 05 21 I0797 Gx 1.2 14p
12 32 45 +15 22 21 I0798 Gx 15p
12 33 58 -07 25 39 I0799
12 34 09 +15 19 21 I0800 Gx 1.7
12 34 02 +52 13 21 I0801 Gx 1.2 15p
12 36 00 +74 13 21 I0802 Nb 1
12 39 51 +16 34 21 I0803 Gx 0.7 15p
12 41 33 -05 02 39 I0804 Gx
12 41 33 +13 42 21 I0805
12 42 28 -17 21 39 I0806 Gx 0.6 15p
12 42 34 -17 23 39 I0807 Gx 0.3 15p
12 42 09 +19 55 21 I0808 OC
12 42 21 +11 43 21 I0809 Gx 1.1 15p
12 42 21 +12 34 21 I0810 Gx 1.7 15p
12 45 04 -10 13 38 I0811
12 45 09 -04 27 38 I0812
12 45 27 +23 01 22 I0813 Gx 1.1 14p
12 45 52 -08 07 38 I0814
12 46 39 +11 51 22 I0815 Gx 0.4 15p
12 46 57 +09 49 22 I0816 Gx 1.0 15p
12 47 09 +09 50 22 I0817 Gx 0.3 15p
12 46 51 +29 42 22 I0818 Gx 1.3
12 47 27 +30 42 22 I0819
12 47 27 +30 41 22 I0820
12 47 39 +29 46 22 I0821 Gx 1.4
12 48 03 +30 03 22 I0822 Gx 0.4 16p
12 48 03 +27 10 22 I0823 ?
12 49 57 -04 35 38 I0824 Gx 0.5 15p
12 50 34 -05 24 38 I0825
12 51 32 +31 02 22 I0826 Gx 0.6 15p
12 52 15 +16 15 22 I0827 Gx 1.0 15p
12 52 34 -08 09 38 I0828
12 52 40 -15 32 38 I0829 Gx 0.4 15p
12 51 25 +53 39 22 I0830 Gx 0.8 14p
12 52 57 +26 27 22 I0831 Gx 15p
12 54 03 +26 25 23 I0832 Gx
12 56 58 -06 45 37 I0833
12 56 45 +26 18 23 I0834
12 57 09 +26 27 23 I0835 Gx 0.6
12 56 12 +63 35 23 I0836 Gx 1.4 15p
12 57 45 +26 28 23 I0837 Gx 15p
12 58 27 +26 22 23 I0838 Gx 14p
12 58 38 +28 07 23 I0839 Gx
12 58 57 +10 35 23 I0840 Gx 1.0 15p
13 00 03 +21 47 23 I0841
13 00 50 +28 59 23 I0842 Gx 15p
13 01 50 +29 06 23 I0843 Gx 15p
13 03 34 -30 32 36 I0844 Gx 1.3
13 05 33 +12 05 24 I0845
13 05 33 +23 04 24 I0846 Gx 15p
13 06 13 +53 39 24 I0847
13 07 15 +16 00 24 I0848 Gx 0.8 15p
13 07 51 -00 57 36 I0849 Gx 1.2 14p
13 08 03 -00 52 36 I0850 Gx 0.8
13 08 45 +21 00 24 I0851 Gx 1.0 15p
13 07 48 +60 07 24 I0852 Gx 1.1 15p
13 08 49 +52 44 24 I0853 Gx 1.3
13 10 02 +24 33 24 I0854 Gx 0.6 15p
13 10 52 -04 30 35 I0855
13 10 57 +20 30 25 I0856
13 14 03 +17 03 25 I0857
13 15 09 +17 11 25 I0858 Gx 1.7 15p
13 15 15 +17 11 25 I0859 Gx 15p
13 15 20 +24 34 25 I0860 Gx 0.5 15p
13 15 20 +34 17 25 I0861 Gx 1.1 16p
13 16 27 +20 00 25 I0862 Gx 0.3 15p
13 17 28 -17 17 35 I0863 Gx 2.4
13 17 27 +20 40 25 I0864 Gx 1.1 16p
13 17 52 -05 51 35 I0865
13 17 27 +20 40 25 I0866 Gx 1.1 16p
13 17 27 +20 37 25 I0867 Gx 1.5 15p
13 17 39 +20 34 25 I0868 Gx 15p
13 17 45 +20 39 25 I0869
13 17 45 +20 34 25 I0870
13 18 09 +04 22 26 I0871 Gx 2.1 15p
13 18 27 +06 19 26 I0872
13 18 33 +04 26 26 I0873 Gx 15p
13 19 17 -27 39 34 I0874 Gx 1.2
13 17 18 +57 30 25 I0875 Gx 1.9 13p
13 18 45 +04 27 26 I0876 Gx 0.6 15p
13 19 15 +06 03 26 I0877
13 19 15 +06 05 26 I0878
13 19 59 -27 27 34 I0879 Gx 1.3
13 19 21 +06 05 26 I0880
13 20 15 +15 49 26 I0881 Gx 1.7 15p
13 20 27 +15 52 26 I0882 Gx 15p
13 20 50 +34 06 26 I0883 Gx 1.7
13 23 10 -12 45 34 I0884
13 22 50 +21 17 26 I0885 Gx 0.8 15p
13 24 10 -04 25 34 I0886
13 24 28 -12 29 34 I0887
13 26 03 +13 43 27 I0888
13 26 51 +11 50 27 I0889 Gx 15p
13 28 40 -16 06 33 I0890
13 30 15 +00 16 27 I0891 Gx 0.3 15p
13 32 03 -02 44 32 I0892 Gx 1.3 14p
13 32 03 -02 37 32 I0893 Gx 1.2 15p
13 32 21 +17 01 28 I0894 Gx 1.0 15p
13 32 31 +35 38 28 I0895
13 34 21 +04 50 28 I0896 Gx 1.0 15p
13 34 09 +17 41 28 I0897 Gx 1.0 15p
13 34 27 +13 15 28 I0898 Gx 15p
13 35 10 -08 06 32 I0899 Gx 0.3 15p
13 34 57 +09 19 28 I0900 Gx 1.7
13 35 57 +13 18 28 I0901 Gx 1.3 16p
13 36 12 +49 56 28 I0902 Gx 2.2 15p
13 38 39 -00 15 31 I0903 Nb 0.3
13 38 51 +00 30 29 I0904 Gx 1.1 15p
13 40 20 +23 08 29 I0905 Gx 0.8 15p
13 40 20 +23 20 29 I0906 Gx 0.8 16p
13 39 42 +50 41 29 I0907
13 41 28 -04 20 31 I0908 Gx 0.8 15p
13 41 02 +24 27 29 I0909 Gx 15p
13 41 20 +23 15 29 I0910 Gx 0.5 15p
13 41 38 +23 13 29 I0911 Gx 0.4 16p
13 41 38 +23 13 29 I0912 Gx 0.6 16p
13 41 44 +23 08 29 I0913 Gx 1.0 16p
13 41 56 +23 10 29 I0914 Gx 0.6 15p
13 43 46 -17 21 30 I0915
13 42 50 +24 26 30 I0916 Gx 0.5 15p
13 42 53 +55 36 30 I0917
13 42 59 +55 34 30 I0918
13 43 05 +55 33 30 I0919
13 45 46 -12 35 30 I0920 Gx 0.4 15p
13 43 23 +55 38 30 I0921
13 43 29 +55 34 30 I0922 Nb 0.1
13 43 29 +55 35 30 I0923
13 45 52 -12 28 30 I0924
13 43 35 +55 34 30 I0925
13 43 41 +55 37 30 I0926
13 46 10 -12 29 30 I0927
13 43 53 +55 35 30 I0928 Nb 0.1
13 43 53 +55 37 30 I0929
13 43 59 +55 39 30 I0930
13 43 59 +55 35 30 I0931 Nb 0.1
13 43 59 +55 36 30 I0932
13 45 32 +23 11 30 I0933 Gx 1.3 15p
13 44 11 +55 35 30 I0934
13 44 11 +55 34 30 I0935
13 44 11 +55 35 30 I0936
13 44 41 +55 37 30 I0937
13 44 47 +55 35 30 I0938
13 47 57 +03 22 31 I0939 Gx 1.0 15p
13 48 09 +03 25 31 I0940 Gx 15p
13 48 44 +23 58 31 I0941 Gx 15p
13 47 47 +56 34 31 I0942 Gx 0.3 15p
13 50 45 +03 09 31 I0943 Gx 0.6 15p
13 51 45 +14 03 31 I0944 Gx 1.7 15p
13 48 06 +72 01 31 I0945 Gx 0.5 16p
13 52 21 +14 04 32 I0946 Gx 1.0 14p
13 52 57 +00 46 32 I0947 Gx 1.7 14p
13 52 39 +14 03 32 I0948 Gx 1.2 14p
13 52 26 +22 29 32 I0949 Gx 1.2 15p
13 52 39 +14 27 32 I0950 Gx 1.4 15p
13 51 54 +50 58 31 I0951 Gx 1.4 14p
13 53 57 +03 20 32 I0952 Gx 1.4 15p
13 55 17 -30 22 28 I0953
13 50 06 +71 08 31 I0954 Gx 1.3
13 55 59 -30 17 28 I0955
13 54 56 +20 41 32 I0956 Gx 16p
13 56 23 -30 15 28 I0957
13 56 03 +05 00 32 I0958 ?
13 56 15 +13 28 32 I0959 Gx 1.8 14p
13 56 14 +17 29 32 I0960 Gx 0.8 15p
13 56 02 +25 48 32 I0961 Gx 15p
13 57 33 +12 01 33 I0962
13 57 38 +17 23 33 I0963 Gx 0.7 15p
13 57 56 +17 29 33 I0964 Gx 0.3 15p
13 58 02 +17 29 33 I0965 Gx 0.8 15p
13 58 27 +05 22 33 I0966 Gx 1.6 15p
13 58 39 +14 25 33 I0967 Gx 0.7 15p
14 00 52 -02 58 27 I0968
14 02 04 -04 12 26 I0969
14 02 44 +14 31 34 I0970 Gx 1.2 15p
14 04 04 -10 09 26 I0971
14 04 40 -17 16 26 I0972 Pl 0.7 15p
14 06 46 -05 30 25 I0973 S*
14 06 52 -05 32 25 I0974 S*
14 07 26 +15 19 35 I0975
14 08 57 -01 10 25 I0976 Gx 1.5 14p
14 08 58 -03 01 25 I0977 Gx 0.6 15p
14 09 16 -02 59 25 I0978 Gx 0.8 15p
14 09 32 +14 49 35 I0979
14 10 40 -07 22 24 I0980
14 10 46 -04 11 24 I0981 Gx 0.6 15p
14 10 14 +17 40 35 I0982 Gx 1.5
14 10 20 +17 42 36 I0983 Gx 5.5
14 10 20 +18 20 36 I0984 Gx 1.9 14p
14 11 46 -03 15 24 I0985 Gx 0.5 15p
14 11 39 +01 18 36 I0986
14 11 44 +19 09 36 I0987 Gx 1.2 15p
14 14 45 +03 09 37 I0988 Gx 15p
14 15 03 +03 05 37 I0989 Gx 1.3 14p
14 15 54 +39 45 37 I0990 Gx 0.6 15p
14 17 58 -13 54 23 I0991 Gx 1.4 13p
14 18 33 +00 51 37 I0992 Gx 1.6 15p
14 18 21 +11 14 37 I0993
14 18 33 +11 09 37 I0994 Gx 1.4 15p
14 16 45 +57 46 37 I0995 Gx 1.4 14p
14 17 09 +57 37 37 I0996
14 20 10 -04 28 22 I0997 Gx 1.0 14p
14 20 28 -04 29 22 I0998
14 19 50 +17 50 38 I0999 Gx 0.8 14p
