14 19 56 +17 49 38 I1000 Gx 0.8 14p
14 20 57 +05 06 38 I1001
14 20 57 +05 09 38 I1002
14 21 09 +05 25 38 I1003
14 21 08 +17 37 38 I1004
14 18 22 +71 34 37 I1005
14 23 14 +23 45 39 I1006 Gx 1.0 15p
14 24 51 +04 30 39 I1007 Gx 15p
14 25 13 +28 18 39 I1008
14 26 33 +12 19 40 I1009 Gx 15p
14 27 33 +01 00 40 I1010 Gx 2.3 15p
14 28 21 +00 58 40 I1011 Gx 0.4 15p
14 27 25 +30 57 40 I1012
14 28 01 +25 48 40 I1013
14 28 32 +13 45 40 I1014 Gx 2.8 13p
14 28 32 +15 23 40 I1015 Gx 0.6 15p
14 29 03 +04 48 40 I1016
14 28 19 +25 50 40 I1017 Gx 1.1 15p
14 28 31 +25 49 40 I1018 Gx 2.3 14p
14 28 19 +25 54 40 I1019 Gx 0.4 15p
14 29 01 +26 00 40 I1020 Gx 1.2 15p
14 29 26 +20 38 40 I1021 Gx 1.2 15p
14 30 15 +03 44 40 I1022 Gx 1.2 15p
14 32 42 -35 49 19 I1023
14 31 39 +02 58 41 I1024 Gx 1.6 14p
14 31 45 +07 02 41 I1025 Gx 15p
14 31 25 +31 11 41 I1026 S*
14 29 58 +53 55 40 I1027
14 32 42 +41 49 41 I1028
14 32 40 +49 52 41 I1029 Gx 3.0
14 33 55 +31 40 41 I1030
14 34 47 +48 00 42 I1031
14 34 53 +47 55 42 I1032
14 34 59 +47 54 42 I1033
14 37 26 +14 38 42 I1034 Gx 16p
14 38 21 +09 18 43 I1035 Gx 0.7 15p
14 38 32 +18 05 43 I1036 Gx 16p
14 38 38 +18 08 43 I1037 Gx 0.8 15p
14 39 38 +11 53 43 I1038 Gx 15p
14 40 45 +03 23 43 I1039 Gx 16p
14 40 33 +09 26 43 I1040 Gx 15p
14 40 51 +03 19 43 I1041
14 40 51 +03 24 43 I1042
14 40 57 +03 19 43 I1043
14 41 45 +09 24 44 I1044 Gx 1.0 15p
14 40 53 +42 43 43 I1045
14 37 52 +68 58 43 I1046 Gx 0.8 15p
14 42 38 +19 08 44 I1047 Gx 0.6 16p
14 43 09 +04 51 44 I1048 Gx 2.5 14p
14 39 43 +62 00 43 I1049
14 44 20 +17 59 44 I1050 Gx 15p
14 44 26 +18 59 44 I1051 Gx 15p
14 44 26 +20 35 44 I1052 Gx 1.1 15p
14 45 50 +16 55 45 I1053 Gx 0.5 15p
14 46 45 +01 14 45 I1054 Gx 1.2 15p
14 47 40 -13 45 15 I1055 Gx 2.6
14 45 58 +50 23 45 I1056 Gx 2.0 14p
14 46 10 +50 20 45 I1057
14 49 20 +17 00 46 I1058 Gx 1.6 15p
14 50 57 -00 53 14 I1059 Gx 16p
14 52 10 -07 14 13 I1060 Gx 1.0 14p
14 51 26 +18 43 46 I1061
14 51 32 +18 39 47 I1062 Gx 0.3 15p
14 52 27 +04 39 47 I1063
14 52 27 +04 38 47 I1064
14 49 24 +63 14 46 I1065 Gx 1.3 13.4
14 53 15 +03 16 47 I1066 Gx 1.6 14p
14 53 21 +03 18 47 I1067 Gx 2.3
14 53 45 +03 02 47 I1068 Gx 0.2 15p
14 51 09 +54 21 46 I1069
14 54 09 +03 27 47 I1070 Gx 15p
14 54 27 +04 43 47 I1071 Gx 1.2 14p
14 54 27 +04 49 47 I1072 Gx 0.5 15p
14 54 27 +04 46 47 I1073 Gx 15p
14 52 10 +51 15 47 I1074 Gx 1.0 15p
14 55 02 +18 04 48 I1075 Gx 1.3 15p
14 55 14 +18 00 48 I1076 Gx 1.2
14 57 41 -19 14 12 I1077 Gx 2.0
14 56 45 +09 19 48 I1078
14 56 51 +09 20 48 I1079
14 58 22 -06 43 11 I1080 Gx 0.4 14p
14 59 11 -19 15 11 I1081 Gx 1.6
14 59 09 +06 58 49 I1082 Gx 15p
14 55 40 +68 22 48 I1083 Gx 0.7 16p
15 01 34 -07 28 10 I1084 Gx 0.4 14p
15 02 56 +17 12 50 I1085 Gx 1.2 15p
15 03 38 +17 03 50 I1086
15 06 57 +03 44 51 I1087
15 06 57 +03 44 51 I1088
15 07 39 +07 06 51 I1089 Gx 15p
15 03 53 +42 39 50 I1090 Gx 0.4
15 08 28 -11 10 08 I1091 Gx 1.4
15 07 45 +09 21 51 I1092 Gx 15p
15 07 56 +14 31 52 I1093 Gx 1.0 15p
15 07 56 +14 36 52 I1094 Gx 0.5 15p
15 08 44 +13 59 52 I1095
15 08 44 +19 09 52 I1096 Gx 1.1 15p
15 08 44 +19 09 52 I1097 Gx 1.1 15p
15 06 32 +55 34 51 I1098 S*
15 07 02 +56 29 51 I1099 Gx 1.4
15 06 24 +62 58 51 I1100 Gx 1.0 14p
15 11 09 +05 44 53 I1101
15 11 21 +04 16 53 I1102 Gx 1.2 15p
15 11 50 +19 10 53 I1103
15 13 04 -05 06 07 I1104 S*
15 13 33 +04 14 53 I1105
15 14 15 +04 41 54 I1106 Gx 15p
15 14 27 +04 41 54 I1107 Gx 15p
15 17 09 -45 40 05 I1108
15 17 21 +05 13 55 I1109 Gx 15p
15 12 09 +67 20 53 I1110 Gx 1.3 15p
15 14 32 +54 30 54 I1111
15 18 09 +07 11 55 I1112 Gx 15p
15 18 32 +12 27 55 I1113 Gx 0.6 15p
15 11 14 +75 25 53 I1114
15 22 40 -04 29 04 I1115 S*
15 22 09 +08 24 56 I1116 Gx 1.2 15p
15 24 38 +15 25 57 I1117
15 25 20 +13 24 57 I1118 Gx 0.8 15p
15 25 58 -03 40 02 I1119 Gx 0.5 15p
15 26 26 +18 50 58 I1120
15 28 03 +06 47 58 I1121 Gx 16p
15 29 45 +07 33 59 I1122 Gx 0.2 15p
15 29 04 +42 51 59 I1123
15 30 13 +23 36 59 I1124
15 33 22 -01 39 00 I1125 Gx 1.7 14p
15 35 15 +04 59 01 I1126
15 36 07 +23 28 01 I1127
15 38 10 -01 33 58 I1128
15 32 02 +68 14 00 I1129 Gx 1.2 14p
15 38 02 +17 14 02 I1130 Gx 0.6 15p
15 39 08 +12 04 02 I1131 Gx 1.0
15 40 13 +20 39 03 I1132 Gx 1.1 14p
15 41 26 +15 33 03 I1133 Gx 1.3 15p
15 45 08 +16 57 04 I1134 Gx 0.4 15p
15 45 50 +17 41 05 I1135 Gx 0.6 15p
15 47 52 -01 33 55 I1136 Gx 15p
15 49 09 +08 34 06 I1137
15 48 25 +26 11 05 I1138 Gx 1.0 15p
15 29 11 +82 34 59 I1139 Gx 16p
15 49 19 +19 03 06 I1140
15 49 50 +12 23 06 I1141
15 49 38 +18 08 06 I1142
15 30 17 +82 26 59 I1143 Gx 1.8
15 51 28 +43 24 07 I1144 Gx 0.6 15p
15 46 10 +72 26 05 I1145
15 48 30 +69 22 06 I1146 Gx 0.9 14p
15 50 06 +69 32 06 I1147 Gx 0.4 15p
15 57 07 +22 24 09 I1148
15 58 14 +12 04 09 I1149
15 58 32 +15 51 09 I1150
15 58 44 +17 26 09 I1151 Gx 13p
15 56 51 +48 04 09 I1152 Gx 1.0 14p
15 56 57 +48 09 09 I1153
15 52 29 +70 22 07 I1154 Gx 1.8 15p
16 00 50 +15 41 10 I1155 Gx 1.3
16 00 49 +19 43 10 I1156 Gx 15p
16 01 14 +15 30 10 I1157 Gx 0.6 16p
16 01 45 +01 42 10 I1158 Gx 2.9 13p
16 01 14 +15 24 10 I1159
16 01 20 +15 28 10 I1160
16 01 32 +15 38 10 I1161 Gx 0.6 15p
16 01 32 +17 40 10 I1162 Gx 15p
16 01 44 +15 29 10 I1163 Gx 0.2 15p
15 55 05 +70 34 08 I1164
16 02 20 +15 41 11 I1165
16 02 18 +26 19 11 I1166 Gx 15p
16 04 08 +14 56 11 I1167 Gx 0.5
16 04 14 +14 53 11 I1168 Gx 0.5 16p
16 04 26 +13 44 11 I1169 Gx 1.0 14p
16 04 44 +17 42 12 I1170 Gx 0.3
16 05 07 +17 58 12 I1171 S*
16 05 07 +17 51 12 I1172 Gx 15p
16 05 26 +17 24 12 I1173 Gx 1.3
16 05 38 +15 01 12 I1174 Gx 1.0 14p
16 05 31 +18 07 12 I1175 ?
16 05 37 +17 57 12 I1176 Gx 15p
16 05 31 +18 18 12 I1177 Gx
16 05 44 +17 35 12 I1178 Gx 1.4
16 05 37 +17 44 12 I1179 Gx 0.6 16p
16 05 37 +18 06 12 I1180 ?
16 05 50 +17 34 12 I1181 Gx 1.1
16 05 49 +17 47 12 I1182 Gx 0.6 16p
16 05 49 +17 45 12 I1183 Gx 0.9 14.3
16 05 55 +17 46 12 I1184 Gx 0.1 16p
16 05 56 +17 42 12 I1185 Gx 0.8 13.9
16 05 56 +17 21 12 I1186 Gx 0.8
15 59 17 +70 33 10 I1187 Gx 0.3 16p
16 06 20 +17 26 12 I1188 Gx 0.5
16 06 25 +18 10 12 I1189 Gx 0.6
16 06 31 +18 13 12 I1190 ?
16 06 43 +18 15 12 I1191 Gx 0.5
16 06 49 +17 45 12 I1192 Gx 0.7
16 06 43 +17 42 12 I1193 Gx 0.4
16 06 55 +17 45 12 I1194 Gx 0.5 14.3
16 06 56 +17 11 12 I1195 Gx 0.6
16 08 14 +10 46 13 I1196 Gx 1.1 15p
16 08 33 +07 31 13 I1197 Gx 2.8 15p
16 08 50 +12 19 13 I1198 Gx 0.6 15p
16 10 50 +10 01 14 I1199 Gx 1.3 15p
16 04 30 +69 41 12 I1200 Gx 1.4 14p
16 05 48 +69 36 12 I1201 Gx 1.1 16p
16 13 14 +09 51 15 I1202 Gx 1.7 14p
16 15 36 -22 20 44 I1203
16 07 05 +69 55 13 I1204
16 14 32 +09 30 15 I1205 Gx 0.6 15p
16 15 32 +11 17 16 I1206 Gx 1.1 15p
16 19 43 -29 39 43 I1207
16 15 53 +36 31 16 I1208 Gx 15p
16 18 56 +15 33 17 I1209 Nb 0.3
16 14 34 +62 32 15 I1210 Gx 1.6 14p
16 16 55 +53 00 16 I1211 Gx 1.2 14p
16 15 33 +64 13 16 I1212 Gx 15p
16 22 16 -01 31 42 I1213
16 16 14 +65 57 16 I1214 Gx 1.1 15p
16 15 36 +68 24 16 I1215 Gx 1.3 14p
16 16 00 +68 21 16 I1216 Gx 1.1 15p
16 16 05 +69 40 16 I1217
16 16 48 +68 12 16 I1218 Gx 0.9 15p
16 24 37 +19 27 19 I1219 Gx 1.4 15p
16 29 26 +08 26 21 I1220
16 34 51 +46 23 24 I1221 Gx 1.3 15p
16 35 15 +46 12 24 I1222 Gx 1.9
16 35 32 +49 15 24 I1223
16 43 07 +19 14 27 I1224 Gx 0.7 15p
16 36 54 +67 37 24 I1225 Gx 1.5 15p
16 41 15 +45 59 26 I1226 Gx 15p
16 40 11 +58 36 26 I1227 ?
16 42 02 +65 33 27 I1228 Gx 1.6 14p
16 45 07 +51 16 28 I1229 Gx 1.0 15p
16 45 25 +51 12 28 I1230
16 46 59 +58 26 29 I1231 Gx 2.4 14p
16 49 15 +46 04 29 I1232
16 48 27 +63 08 29 I1233
16 53 00 +56 53 31 I1234
16 52 09 +63 06 31 I1235 Gx 15p
16 58 43 +20 01 33 I1236 Gx 1.2
16 56 24 +55 01 33 I1237 Gx 2.1
17 00 49 +23 04 34 I1238
17 01 01 +23 00 34 I1239 Gx 2.1 14p
17 01 04 +61 02 34 I1240
17 01 26 +63 41 35 I1241 Gx 1.7 14p
17 08 57 +04 01 38 I1242 Gx 1.0 15p
17 10 50 +10 46 39 I1243 ?
17 10 47 +36 16 39 I1244 Gx 1.2 15p
17 12 46 +38 01 39 I1245 Gx 1.7 15p
17 14 31 +20 13 40 I1246
17 16 41 -12 47 19 I1247 S*
17 11 52 +59 59 39 I1248 Gx 1.5
17 15 05 +35 30 40 I1249 Gx 15p
17 14 29 +57 24 40 I1250
17 10 01 +72 23 38 I1251 Gx 1.7 14p
17 15 53 +57 22 41 I1252
17 20 01 +18 39 43 I1253
17 11 25 +72 23 39 I1254 Gx 1.9 13.9
17 23 20 +12 40 44 I1255 Gx 1.1 14p
17 24 00 +26 27 44 I1256 Gx 1.7 14p
17 27 22 -07 06 14 I1257
17 27 23 +58 30 46 I1258 Gx 1.2
17 27 29 +58 32 46 I1259 Gx 1.5
17 27 29 +58 28 46 I1260
17 23 26 +71 16 44 I1261
17 33 09 +43 44 48 I1262 Gx 1.5 15p
17 33 15 +43 48 48 I1263 Gx 1.7 15p
17 33 27 +43 37 48 I1264 Gx 1.4 16p
17 36 51 +42 04 50 I1265 Gx 2.1 14p
17 45 58 -46 06 06 I1266
17 38 46 +59 22 51 I1267 Gx 1.7
17 50 55 +17 12 56 I1268
17 52 19 +21 33 57 I1269 Gx 1.9
17 47 51 +62 12 55 I1270 S*
18 05 48 -24 26 58 I1271
18 05 06 +25 05 02 I1272 OC
18 05 12 +25 07 02 I1273 OC
18 09 48 -23 43 56 I1274 Nb 9
18 10 18 -23 49 56 I1275 Nb 10
18 10 58 -07 11 55 I1276 Gb 7.1
18 10 23 +31 00 04 I1277 OC
18 10 41 +31 09 05 I1278
18 11 17 +36 02 05 I1279
18 12 24 +25 40 05 I1280 Gx 0.4 15p
18 11 47 +36 01 05 I1281 ?
18 14 19 +21 06 06 I1282 ?
18 17 36 -19 43 52 I1283 Nb
18 18 00 -19 39 52 I1284 Nb 10
18 16 18 +25 06 07 I1285 OC
18 16 18 +55 34 07 I1286 Gx 1.5 15p
18 31 35 -10 49 46 I1287 Nb 44
18 29 34 +39 43 13 I1288 Gx 1.3 14p
18 29 58 +40 00 13 I1289
18 38 48 -24 06 43 I1290
18 34 02 +49 16 15 I1291 Gx 2.4 14p
18 45 07 -27 48 41 I1292
18 41 48 +56 19 18 I1293
18 50 04 +40 15 22 I1294
18 54 52 -08 49 36 I1295 Pl 1.4 15p
18 53 29 +33 04 23 I1296 Gx 1.3 15p
19 17 45 -39 36 27 I1297 Pl 0.1
19 18 46 -01 36 26 I1298 OC
19 22 49 +20 45 35 I1299 OC
19 24 13 +52 39 36 I1300 ?
19 26 44 +49 45 37 I1301 Gx 1.4
19 31 05 +35 47 39 I1302 Gx 1.0 13.3
19 31 41 +35 53 39 I1303 Gx 1.5 14.2
19 35 40 +41 02 41 I1304
19 39 31 +20 13 42 I1305
19 41 53 +37 39 43 I1306 ?
19 43 00 +27 30 43 I1307 ?
19 45 23 -14 42 16 I1308
20 03 23 -17 13 09 I1309 Gx 2.0
20 10 11 +34 58 54 I1310
20 10 28 +41 13 54 I1311 CN 60 13p
20 17 02 +18 01 56 I1312
20 18 59 -16 56 03 I1313 Gx 2.6
20 17 55 +25 11 57 I1314
20 17 36 +30 41 57 I1315
20 22 39 +06 32 58 I1316
20 23 33 +00 40 59 I1317 Gx 0.9 13.4
20 22 23 +40 15 58 I1318 240
20 26 17 -18 30 00 I1319 Gx 0.6 14p
20 26 39 +02 56 00 I1320 Gx 1.0 14p
20 28 29 -18 17 00 I1321 Gx 0.6 15p
20 30 23 -15 11 59 I1322
20 30 47 -15 09 59 I1323 D*
20 32 28 -09 02 58 I1324
20 33 02 +09 54 02 I1325
20 33 14 +09 55 02 I1326
20 35 57 +00 02 03 I1327 Gx 15p
20 42 17 -19 36 55 I1328 Gx 0.8 15p
20 43 56 +15 36 06 I1329
20 46 35 -14 00 53 I1330 Gx 0.8 15p
20 48 10 -09 57 53 I1331 Gx 1.8 14p
20 52 11 -13 41 52 I1332 Gx 0.8 15p
20 52 35 -16 13 52 I1333
20 52 29 -16 15 52 I1334 Gx 1.1 15p
20 53 23 -16 18 51 I1335
20 55 23 -18 02 51 I1336 Gx 0.6 15p
20 57 11 -16 33 50 I1337
20 57 17 -16 28 50 I1338
20 58 11 -17 55 50 I1339 Gx 1.9
20 56 24 +31 05 10 I1340 Nb 25
21 00 41 -13 56 49 I1341 Gx 0.5 15p
21 00 41 -14 28 49 I1342
21 01 29 -15 22 49 I1343
21 01 34 -13 20 49 I1344 Gx 0.6 15p
21 01 40 -13 22 49 I1345
21 01 59 -13 50 49 I1346
21 01 58 -13 17 49 I1347 Gx 1.3
21 01 58 -13 19 49 I1348
21 02 04 -13 14 49 I1349
21 02 17 -13 49 49 I1350 Gx 0.6 15p
21 02 10 -13 10 49 I1351
21 02 10 -13 21 49 I1352
21 02 10 -13 14 49 I1353
21 02 17 -13 43 49 I1354
21 02 16 -13 08 49 I1355
21 03 11 -15 46 48 I1356
21 06 10 -10 41 47 I1357
21 06 47 -16 10 47 I1358
21 08 56 +12 28 13 I1359 Gx 1.1 15p
21 11 03 +05 05 14 I1360 Gx
21 11 45 +05 04 14 I1361 Gx 1.1 15p
21 12 03 +02 21 14 I1362 Gx 16p
21 10 47 +46 52 14 I1363 ?
21 13 33 +02 48 15 I1364 Gx 0.3 15p
21 14 09 +02 36 15 I1365 Gx 0.2 15p
21 14 21 +01 46 15 I1366 Gx 16p
21 14 27 +03 00 15 I1367 Gx 15p
21 14 33 +02 11 15 I1368
21 12 16 +47 45 15 I1369 OC 4 6.8
21 15 27 +02 13 15 I1370 Gx 15p
21 20 34 -04 51 43 I1371 Gx 0.8 15p
21 20 34 -05 35 43 I1372
21 20 51 +01 06 17 I1373 Gx 0.3 15p
21 21 15 +01 44 17 I1374 Gx 16p
21 21 15 +04 01 17 I1375 Gx 15p
21 24 58 -05 43 42 I1376
21 25 39 +04 20 18 I1377 Gx 0.6 14p
21 23 09 +55 28 18 I1378
21 26 15 +03 07 18 I1379 Gx 16p
21 27 21 +02 44 19 I1380 Gx 15p
21 27 51 -01 09 41 I1381 Gx 0.5 15p
21 27 08 +18 40 19 I1382
21 27 57 -01 03 41 I1383 Gx 16p
21 28 03 -01 20 41 I1384 Gx 0.6 14p
21 29 09 -01 02 41 I1385 Gx 0.4 15p
21 29 53 -21 10 41 I1386 Gx 2.1
21 29 51 -01 19 41 I1387 Gx 0.4 15p
21 30 09 -00 36 41 I1388 Gx 0.4 15p
21 32 23 -17 59 40 I1389
21 32 46 -01 50 40 I1390 Gx 15p
21 35 21 -00 28 39 I1391 Gx 16p
21 35 49 +35 25 21 I1392 Gx 1.7 13p
21 40 29 -22 23 38 I1393
21 40 26 +14 39 22 I1394 Gx 0.8 15p
21 41 57 +04 08 23 I1395 Gx 15p
21 39 15 +57 31 22 I1396 CN 170 3.5
21 44 16 -04 51 37 I1397
21 46 09 +09 29 24 I1398 Gx 0.8 15p
21 46 21 +04 25 24 I1399 Gx 16p
21 44 22 +52 58 23 I1400
21 47 09 +01 43 24 I1401 Gx 2.2
21 44 58 +53 17 23 I1402
21 50 46 -02 41 35 I1403
21 51 10 -09 14 35 I1404
21 51 03 +02 02 25 I1405 Gx 1.0 15p
21 51 15 +02 00 25 I1406 Gx 15p
21 52 33 +03 27 25 I1407 Gx 15p
21 53 28 -13 19 35 I1408 Gx 0.6 15p
21 53 34 -07 28 35 I1409
21 56 16 -02 51 34 I1410
21 56 21 -01 29 34 I1411 Gx 0.9 14p
21 58 34 -17 09 34 I1412 Gx 1.6
21 58 46 -03 04 34 I1413
21 58 33 +08 25 26 I1414
21 58 57 +01 22 27 I1415 S*
21 59 03 +01 28 27 I1416
22 00 40 -13 07 33 I1417 Gx 1.4
22 02 15 +04 22 27 I1418 Gx 0.8 14p
22 03 16 -09 53 33 I1419
22 02 50 +19 46 27 I1420 Gx 1.6 14p
22 03 22 -09 55 33 I1421 Gx 0.3 15p
22 03 15 +02 38 27 I1422 Gx 16p
22 03 27 +04 19 27 I1423 Gx 1.1 15p
22 03 27 +11 14 27 I1424 Gx 1.0 15p
22 03 39 +02 38 28 I1425 Gx 15p
22 04 10 -09 53 32 I1426
22 03 32 +15 08 27 I1427
22 04 39 +02 39 28 I1428 Gx 16p
22 07 09 +10 07 28 I1429
22 08 46 -13 32 31 I1430
22 07 58 -13 28 32 I1431
22 10 21 +03 42 29 I1432
22 12 28 -12 44 31 I1433 Gx 0.4 15p
22 10 41 +52 51 29 I1434 OC 8 9p
22 13 47 -22 04 30 I1435 Gx 0.9 14p
22 14 10 -10 09 30 I1436 Gx 0.2 15p
22 15 57 +02 04 30 I1437 Gx 1.1 15p
22 16 47 -21 24 30 I1438 Gx 2.4
22 16 59 -21 27 30 I1439 Gx 1.8
22 16 46 -15 58 30 I1440 Gx 0.6 15p
22 15 31 +37 19 30 I1441 Gx 0.9
22 16 41 +54 04 30 I1442 OC 9.1
22 19 22 -20 54 29 I1443 Gx 1.7
22 22 33 +05 09 31 I1444 Gx 1.1 16p
22 25 46 -17 13 28 I1445 Gx 2.1
22 29 21 -01 10 28 I1446
22 30 16 -05 07 27 I1447
22 34 52 -12 54 27 I1448 Gx 1.0 14p
22 35 22 -08 45 27 I1449
22 38 14 +34 34 34 I1450 S*
22 46 28 -10 20 25 I1451 Gx 0.4 15p
22 46 09 +16 52 35 I1452
22 47 04 -13 25 25 I1453 Gx 0.6 15p
22 42 38 +80 28 35 I1454 Pl 0.6 15p
22 54 09 +01 24 36 I1455 Gx 1.0 15p
22 55 34 -12 41 24 I1456
22 55 40 -05 31 24 I1457 S*
22 57 04 -07 21 24 I1458 Gx 1.2 14p
22 57 29 -36 26 24 I1459 Gx 10.0
22 57 21 +04 42 36 I1460 Gx 0.4 14.4
22 58 51 +15 11 37 I1461 Gx
22 58 51 +08 25 37 I1462
22 59 34 -10 30 23 I1463 D*
23 03 28 -08 58 23 I1464
23 03 09 +16 36 37 I1465 OC
23 03 57 -02 44 23 I1466
23 05 09 -03 11 23 I1467 Gx 0.7 15p
23 05 27 -03 09 23 I1468 Gx 0.6 15p
23 06 46 -13 30 23 I1469
23 05 25 +60 16 37 I1470 Nb 15
23 08 58 -12 37 22 I1471 Gx 0.7 14p
23 09 27 +17 15 38 I1472 Gx 0.9 15p
23 11 21 +29 39 38 I1473 Gx 2.1 14p
23 13 03 +05 48 38 I1474 Gx 1.1 15p
23 14 16 -28 23 22 I1475
23 15 33 +30 34 38 I1476 OC
23 17 28 -06 54 22 I1477 Gx 0.6 15p
23 18 27 +10 19 39 I1478 Gx 1.7 15p
23 18 58 -10 23 21 I1479 Gx 0.8 14p
23 19 15 +11 20 39 I1480 OC
23 19 39 +05 55 39 I1481 Gx 0.9 14p
23 21 03 +01 45 39 I1482 Gx 0.3 14p
23 22 39 +11 19 39 I1483 Gx 0.6 15p
23 22 57 +11 24 39 I1484
23 22 57 +11 22 39 I1485 Gx 0.3 15p
23 24 03 +09 40 39 I1486 Gx 1.6 13p
23 24 51 +14 39 39 I1487
23 25 03 +15 21 39 I1488
23 26 46 -12 29 21 I1489 Gx 0.4 14p
23 29 15 -04 06 21 I1490
23 29 40 -16 16 21 I1491 Gx 0.5 15p
23 30 57 -03 00 21 I1492 Gx 0.8 14p
23 30 45 +14 28 39 I1493
23 31 04 -12 42 21 I1494
23 31 04 -13 28 21 I1495 Gx 1.0 13p
23 30 57 -02 55 21 I1496
23 29 03 +12 00 39 I1497
23 32 15 -04 58 21 I1498 Gx 1.4 14p
23 32 16 -13 25 21 I1499 D*
23 33 33 +04 35 40 I1500 Gx 15p
23 35 03 -03 06 20 I1501 Gx 1.0 14p
23 36 25 +75 41 40 I1502 Gx 1.3 15p
23 38 45 +04 50 40 I1503 Gx 1.0 14p
23 41 33 +04 03 40 I1504 Gx 1.9 14p
23 41 51 -03 32 20 I1505
23 45 03 +04 45 40 I1506 Gx 0.6 15p
23 45 51 +01 43 40 I1507 Gx 1.4 15p
23 46 09 +12 05 40 I1508 Gx 2.0
23 47 27 -15 15 20 I1509 Gx 1.3 15p
23 50 57 +02 08 40 I1510 Gx 0.6 15p
23 51 15 +27 06 40 I1511
23 51 15 +27 04 40 I1512
23 53 45 +11 21 40 I1513 Gx 1.0 15p
23 54 27 -13 33 20 I1514 Gx 0.8 15p
23 56 27 -00 57 20 I1515 Gx 1.2
23 56 33 -00 53 20 I1516 Gx 1.6
23 56 39 -00 15 20 I1517 Gx 15p
23 57 21 +12 29 40 I1518
23 57 21 +12 29 40 I1519
23 58 15 -14 00 20 I1520 Gx 0.5 14p
23 59 15 -07 07 20 I1521
23 59 21 +01 44 40 I1522 Gx 15p
23 59 21 +06 53 40 I1523
23 59 33 -04 07 20 I1524 Gx 1.9
23 59 39 +46 55 40 I1525 Gx 2.1
00 01 51 +11 22 40 I1526 Gx 15p
00 02 39 +04 08 40 I1527
00 05 21 -03 05 20 I1528
00 05 27 -11 28 20 I1529
00 07 34 +32 38 40 I1530 Gx 1.8
00 09 51 -32 15 20 I1531 Gx 1.9
00 10 09 -64 20 20 I1532 Gx 1.6
00 10 51 -07 23 20 I1533
00 14 04 +48 10 40 I1534
00 14 16 +48 10 40 I1535
00 14 28 +48 09 40 I1536 Gx 0.7 15p
00 16 15 -39 17 20 I1537
00 18 16 +30 05 40 I1538 ?
00 18 40 +30 07 40 I1539
00 20 04 +23 44 40 I1540
00 20 16 +22 02 40 I1541 Gx 15p
00 20 52 +22 38 40 I1542 Gx 0.7 15p
00 21 10 +21 54 40 I1543 Gx 0.8 14p
00 21 34 +23 03 40 I1544
00 21 34 +22 00 40 I1545
00 21 46 +22 31 40 I1546
00 21 52 +22 32 40 I1547 ?
00 22 10 +22 02 40 I1548 Gx 16p
00 23 27 +07 00 40 I1549
00 24 40 +38 13 40 I1550 Gx 0.6 15p
00 27 52 +08 54 39 I1551 Gx 2.7 15p
00 29 52 +21 30 39 I1552 Gx 1.1 15p
00 32 57 -25 33 21 I1553 Gx 1.0 14p
00 33 21 -32 14 21 I1554 Gx 1.6
00 34 51 -29 59 21 I1555 Gx 1.5
00 35 21 -09 32 21 I1556 ?
00 35 45 -02 49 21 I1557 Gx 0.6 16p
00 36 03 -25 20 21 I1558 Gx 3.4
00 37 10 +24 00 39 I1559 Gx 0.9
00 37 57 +02 41 39 I1560
00 38 45 -24 18 21 I1561 Gx 1.3 14p
00 38 51 -24 15 21 I1562 Gx 2.1
00 39 15 -08 59 21 I1563 Gx 0.6
00 39 27 +05 59 39 I1564
00 39 40 +06 44 39 I1565 Gx 1.7
00 39 40 +06 49 39 I1566 Gx 0.6 15p
00 39 52 +06 38 39 I1567
00 40 10 +06 51 39 I1568 Gx 0.8 15p
00 40 40 +06 43 39 I1569 Gx 0.2 15p
00 40 52 +06 46 39 I1570
00 40 57 -00 17 21 I1571 Gx 1.3 15p
00 41 28 +16 17 39 I1572
00 42 27 -23 30 21 I1573
00 43 21 -22 13 22 I1574 Gx 2.5
00 43 51 -04 07 22 I1575
00 44 27 -25 04 22 I1576 Gx 0.6 15p
00 44 51 -08 06 22 I1577
00 44 45 -25 02 22 I1578 Gx 0.6 14p
00 45 51 -26 32 22 I1579 Gx 0.8 15p
00 46 34 +29 56 38 I1580
00 46 21 -25 52 22 I1581
00 46 33 -24 16 22 I1582 Gx 1.2 15p
00 47 28 +23 06 38 I1583
00 47 40 +27 50 38 I1584 Gx 1.8 15p
00 47 34 +23 04 38 I1585
00 48 10 +22 23 38 I1586 Gx
00 49 03 -23 32 22 I1587 Gx 0.8 15p
00 51 15 -23 31 22 I1588
00 51 44 -34 26 22 I1589
00 53 24 +56 36 38 I1590 OC
00 52 21 -22 39 22 I1591 Gx 1.3
00 53 46 +05 47 37 I1592 Gx 1.1 15p
00 54 58 +32 31 37 I1593
00 53 56 -47 37 23 I1594 Gx 1.2
00 54 02 -45 09 23 I1595 Gx 1.2
00 54 58 +21 32 37 I1596 Gx 2.5 15p
00 53 43 -58 05 23 I1597 Gx 1.4
00 54 58 +05 47 37 I1598 Gx 1.3 15p
00 54 45 -23 27 23 I1599 Gx 0.8 15p
00 55 15 -23 29 23 I1600 Gx 0.7 15p
00 55 51 -24 07 23 I1601
00 56 09 -09 57 23 I1602 Gx 0.7 14p
00 57 14 -45 23 23 I1603 Gx 1.3
00 58 15 -16 13 23 I1604
00 57 49 -48 52 23 I1605 Gx 1.6
00 58 39 -12 09 23 I1606
00 59 09 +00 37 37 I1607 Gx 1.1 14p
00 59 38 -34 18 23 I1608 Gx 1.7
01 00 02 -40 18 23 I1609 Gx 1.4
01 01 57 -15 32 23 I1610 Gx 1.2 14p
00 59 52 -72 19 23 I1611
01 00 10 -72 21 23 I1612
01 05 03 +02 08 36 I1613 Gx 12.0 9.3
01 05 23 +33 14 36 I1614
01 04 19 -51 06 24 I1615 Gx 1.2
01 05 08 -27 24 24 I1616 Gx 1.7
01 04 31 -51 00 24 I1617 Gx 1.5
01 06 17 +32 26 36 I1618 Gx 1.2 16p
01 07 41 +33 05 36 I1619 Gx 15p
01 07 22 +13 59 36 I1620 Gx 1.2 14p
01 06 37 -46 41 24 I1621
01 07 45 -17 28 24 I1622
01 07 57 -17 26 24 I1623
01 05 28 -72 00 24 I1624
01 07 55 -46 52 24 I1625 Gx 2.1
01 06 15 -73 15 24 I1626
01 08 25 -46 04 24 I1627 Gx 2.5
01 09 02 -28 33 24 I1628 Gx 1.4
01 09 39 +02 35 36 I1629 Gx 16p
01 08 31 -46 43 24 I1630 Gx 1.7
01 09 01 -46 27 24 I1631 Gx 1.3
01 10 58 +17 42 35 I1632
01 10 07 -45 54 24 I1633 Gx 3.0
01 11 22 +17 40 35 I1634
01 11 22 +17 40 35 I1635
01 11 53 +33 22 35 I1636
01 11 14 -30 24 25 I1637 Gx 1.8
01 12 35 +33 22 35 I1638 Gx 0.4 15p
01 12 03 -00 37 25 I1639 Gx 0.8 14p
01 12 09 -00 35 25 I1640 Gx 15p
01 09 27 -71 44 24 I1641
01 12 40 +15 46 35 I1642
01 12 27 -00 22 25 I1643 Gx 15p
01 09 21 -73 10 24 I1644
01 12 46 +15 45 35 I1645
01 12 58 +15 42 35 I1646 Gx 0.5 15p
01 13 29 +38 54 35 I1647 Gx 15p
01 13 59 +33 14 35 I1648
01 12 00 -55 49 25 I1649 Gx 1.6
01 12 31 -50 22 25 I1650 Gx 1.5
01 13 45 +02 07 35 I1651
01 15 17 +31 59 35 I1652 Gx 1.4 14p
01 15 23 +33 24 35 I1653 Gx 1.1 13.5
01 15 29 +30 13 35 I1654 Gx 1.6 14p
01 12 03 -71 18 25 I1655 OC
01 15 53 +33 06 35 I1656
01 14 20 -32 37 25 I1657 Gx 2.1
01 16 05 +31 06 35 I1658
01 16 23 +30 22 35 I1659 Gx 1.6 15p
01 12 45 -71 43 25 I1660
01 16 29 +33 06 35 I1661
01 12 44 -73 25 25 I1662 OC
01 14 20 -32 37 25 I1663
01 14 28 -69 46 25 I1664 ?
01 17 59 +34 43 35 I1665
01 18 47 +32 29 34 I1666
01 17 51 -17 05 25 I1667
01 19 05 +33 12 34 I1668 Gx 16p
01 20 23 +33 13 34 I1669 Gx 16p
01 19 27 -16 49 26 I1670
01 19 51 -17 04 26 I1671
01 20 59 +29 43 34 I1672 Gx 1.8 14p
01 21 05 +33 02 34 I1673
01 19 13 -50 37 26 I1674
01 21 17 +34 17 34 I1675 Gx 0.8 14p
01 21 17 +30 17 34 I1676 Gx 16p
01 21 29 +33 15 34 I1677 Gx 0.9 15p
01 21 16 +05 35 34 I1678 Gx 15p
01 22 05 +33 29 34 I1679 Gx 0.5 15p
01 22 11 +33 19 34 I1680 Gx 0.6 15p
01 21 39 +00 06 34 I1681 Gx 15p
01 22 29 +33 14 34 I1682
01 22 53 +34 28 34 I1683 Gx 1.7 14p
01 23 11 +33 24 34 I1684
01 23 17 +33 12 34 I1685 Gx 1.9 13p
01 23 29 +33 27 34 I1686
01 23 41 +33 18 34 I1687 Gx 0.4 16p
01 23 41 +33 05 34 I1688
01 24 05 +33 05 34 I1689 Gx 0.7 15p
01 24 05 +33 11 34 I1690 Gx 15p
01 24 47 +33 24 33 I1691
01 24 53 +33 16 33 I1692 Gx 16p
01 24 15 -01 37 26 I1693 Gx
01 25 03 +01 37 33 I1694 Gx 15p
01 25 16 +08 45 33 I1695
01 25 09 -01 35 27 I1696 Gx 1.4
01 25 21 +00 28 33 I1697 Gx 15p
01 25 40 +14 52 33 I1698
01 25 40 +14 58 33 I1699
01 25 46 +14 53 33 I1700
01 26 04 +18 12 33 I1701 Gx 1.6 15p
01 26 10 +16 37 33 I1702 Gx 1.5 14p
01 26 39 -01 36 27 I1703 Gx 2.3
01 27 10 +14 44 33 I1704
01 26 57 -03 28 27 I1705
01 27 28 +14 48 33 I1706 Gx 1.4
01 29 05 +33 37 33 I1707
01 25 02 -71 09 27 I1708
01 28 08 -35 41 27 I1709 Gx 2.7
01 31 04 +21 27 32 I1710
01 31 10 +17 12 32 I1711 Gx 2.7 15p
01 31 39 -06 50 28 I1712
01 32 59 +35 21 32 I1713 Gx 2.2 13p
01 33 09 -13 28 28 I1714
01 33 52 +12 35 32 I1715 Gx 0.8 14p
01 33 45 -12 17 28 I1716 S*
01 32 39 -67 30 28 I1717
01 38 41 +33 22 31 I1718
01 37 50 -33 53 29 I1719 Gx 2.1
01 40 38 -28 53 29 I1720 Gx 1.3
01 41 40 +08 31 31 I1721 Gx 1.2 14p
01 43 13 -34 09 30 I1722 Gx 1.8
01 43 28 +08 54 30 I1723 Gx 3.5
01 43 25 -34 13 30 I1724 Gx 1.6
01 45 29 +21 48 30 I1725
01 45 34 +04 38 30 I1726 Gx 15p
01 47 47 +27 21 29 I1727 Gx 6.2 11.6
01 47 55 -33 34 31 I1728 Gx 1.4
01 48 08 -26 51 31 I1729 Gx 1.9
01 50 17 +21 59 29 I1730 Gx 0.6 15p
01 50 29 +27 13 29 I1731 Gx 1.7
01 51 06 +35 56 29 I1732 Gx 1.7 15p
01 50 59 +33 07 29 I1733
01 49 31 -32 43 31 I1734 Gx 1.5
01 51 11 +33 07 29 I1735
01 51 10 +18 19 29 I1736 Gx 1.4 15p
01 52 00 +36 16 29 I1737
01 51 21 -09 45 31 I1738 Gx 1.2
01 50 37 -34 01 31 I1739
01 51 32 -29 55 31 I1740
01 52 08 -16 45 31 I1741 Gx 0.7 14p
01 53 29 +22 44 28 I1742 Gx 0.7 15p
01 53 10 +12 44 28 I1743 Gx 2.1
01 53 53 +19 51 28 I1744 Gx 1.4 15p
01 53 14 -16 38 32 I1745
01 54 34 +04 49 28 I1746 Gx 1.9
01 57 58 +63 21 27 I1747 Pl 0.2 14p
01 56 22 +17 40 28 I1748 Gx 1.2 15p
01 56 28 +06 46 28 I1749 Gx 1.2 15p
01 56 40 +04 06 28 I1750 Gx 1.1 15p
01 56 40 +05 39 28 I1751
01 57 35 +28 38 27 I1752
01 57 35 +28 37 27 I1753
01 57 10 +04 03 27 I1754 Gx 1.1 15p
01 57 28 +14 35 27 I1755 Gx 1.6 15p
01 57 15 -00 26 33 I1756
01 57 21 -00 27 33 I1757
01 57 08 -16 30 33 I1758
01 58 07 -32 57 33 I1759 Gx 1.8
01 57 43 -31 58 33 I1760
01 59 09 +00 35 27 I1761 Gx 15p
01 58 01 -33 12 33 I1762 Gx 1.7
01 59 02 -27 45 33 I1763
02 00 41 +24 35 27 I1764 Gx 1.7 14p
02 00 53 +31 52 27 I1765
02 01 29 +31 48 27 I1766
02 00 15 -11 05 33 I1767
02 01 02 -25 00 33 I1768 Gx 1.9
02 01 07 -31 53 33 I1769
02 02 28 +10 00 26 I1770
02 02 34 +09 59 26 I1771
02 02 52 +07 45 26 I1772 Gx 0.6 15p
02 04 17 +30 50 26 I1773 Gx 1.4 15p
02 04 10 +15 19 26 I1774 Gx 2.1 15p
02 05 34 +13 32 26 I1775 Gx 0.6 15p
02 05 28 +06 07 26 I1776 Gx 2.3 14p
02 06 22 +15 13 25 I1777 Gx 16p
02 06 34 +09 14 25 I1778
02 06 46 +03 42 25 I1779 Gx 15p
02 07 16 +14 45 25 I1780 Gx 0.6 15p
02 07 09 -00 29 35 I1781 Gx 15p
02 07 32 -25 25 35 I1782 Gx 2.2
02 10 19 -32 54 36 I1783 Gx 13p
02 16 30 +32 40 23 I1784 Gx 1.6 13.2
02 16 42 +32 40 23 I1785
02 16 16 +05 10 23 I1786 Gx 15p
02 16 27 -11 55 37 I1787
02 16 01 -31 10 37 I1788 Gx 2.5 12.4
02 18 30 +32 25 23 I1789
02 17 52 +12 31 23 I1790
02 17 58 +12 30 23 I1791 Gx 1.2 15p
02 19 18 +34 30 22 I1792 Gx 1.7 15p
02 21 54 +32 35 22 I1793 Gx 1.8 15p
02 21 46 +15 47 22 I1794 Nb
02 26 53 +62 05 20 I1795 Nb 20
02 23 00 -41 20 39 I1796 Gx 1.5
02 25 47 +20 25 21 I1797 Gx 1.2 15p
02 26 34 +13 28 20 I1798
02 29 02 +45 59 20 I1799 Gx 1.3 15p
02 28 54 +31 25 20 I1800 OC
02 28 29 +19 36 20 I1801
02 28 59 +23 08 20 I1802
02 29 35 +23 10 20 I1803
02 29 41 +23 11 20 I1804
02 33 05 +61 28 19 I1805 CN 60 6.5
02 29 53 +22 58 20 I1806
02 30 41 +22 58 19 I1807 Gx 16p
02 30 45 -04 12 41 I1808 Gx 0.6 14p
02 31 53 +22 56 19 I1809 Gx 1.2 15p
02 29 36 -43 02 40 I1810 Gx 1.4
02 30 49 -34 14 41 I1811 Gx 1.9
02 29 42 -42 47 40 I1812 Gx 2.1
02 31 01 -34 11 41 I1813 Gx 1.6
02 31 18 -36 00 41 I1814 Gx 2.1
02 34 36 +32 27 18 I1815 Gx 2.0 14p
02 32 06 -36 38 41 I1816 Gx 1.9
02 34 04 +11 13 18 I1817
02 34 21 -11 00 42 I1818
02 35 58 +04 04 18 I1819 Gx 15p
02 36 04 +06 04 18 I1820 Gx 15p
02 36 40 +13 47 18 I1821 Gx 15p
02 35 57 -08 32 42 I1822
02 38 54 +32 05 17 I1823 Gx 2.3 15p
02 41 41 +61 38 16 I1824 OC
02 39 10 +09 07 17 I1825 Gx 1.4 15p
02 39 19 -27 25 43 I1826 Gx 1.7
02 39 57 +01 34 17 I1827 Gx 1.2 14p
02 40 41 +19 19 17 I1828 Gx 1.6 13p
02 40 59 +19 20 17 I1829
02 39 19 -27 25 43 I1830 Gx 1.8 12.8
02 44 30 +63 37 16 I1831
02 42 11 +19 03 16 I1832 Gx 0.4 15p
02 41 49 -28 08 44 I1833 Gx 1.6
02 43 04 +03 08 16 I1834
02 44 05 +14 54 16 I1835
02 43 34 +03 07 16 I1836 Gx 15p
02 43 45 +00 08 16 I1837
02 44 59 +19 28 15 I1838 Gx 0.6 16p
02 45 05 +15 16 15 I1839 Gx 1.1 15p
02 44 02 -15 40 44 I1840 Gx 0.6 15p
02 45 53 +18 57 15 I1841 Gx 15p
02 45 40 +11 29 15 I1842 Gx 16p
02 45 40 +02 54 15 I1843 Gx 1.7 14p
02 46 04 +03 16 15 I1844 Gx 0.7 15p
02 45 07 -27 55 45 I1845
02 47 58 +13 16 15 I1846 Gx 1.1 15p
02 48 11 +14 31 15 I1847 Gx 16p
02 51 35 +60 27 14 I1848 CN 60 6.5
02 48 28 +09 23 14 I1849
02 48 58 +13 15 14 I1850
02 52 11 +58 20 13 I1851 ?
02 49 16 +13 14 14 I1852 Gx 1.3 15p
02 48 14 -13 57 46 I1853 Gx 0.8 14p
02 49 35 +19 19 14 I1854 Gx
02 49 34 +13 23 14 I1855
02 49 09 -00 44 46 I1856 Gx 1.3
02 49 59 +14 38 14 I1857 Gx 1.0 15p
02 49 19 -31 15 46 I1858 Gx 1.7
02 49 01 -31 09 46 I1859 Gx 1.2 14p
02 49 49 -31 09 46 I1860 Gx 1.9
02 53 36 +25 30 13 I1861
02 52 12 -33 18 47 I1862 Gx 3.2
02 55 10 +08 48 12 I1863 Gx 16p
02 53 24 -34 10 47 I1864
02 55 40 +08 50 12 I1865 Gx 1.6 15p
02 55 08 -15 36 48 I1866 Gx 0.4 14p
02 56 10 +09 19 12 I1867 Gx 2.2 15p
02 56 22 +09 22 12 I1868
02 58 22 +05 51 11 I1869 Gx 16p
02 58 09 -02 19 48 I1870 Gx 2.9
03 06 48 +60 42 09 I1871 ? 4
03 04 56 +42 50 09 I1872 OC
03 04 04 +09 32 10 I1873
03 06 43 +36 01 09 I1874 Gx 0.9 14p
03 04 05 -39 24 50 I1875 Gx 1.8
03 04 43 -27 24 51 I1876 Gx 0.7 14.4
03 03 22 -50 29 50 I1877 Gx 3.0
03 03 51 -52 04 50 I1878
03 04 03 -52 04 50 I1879
03 06 45 -09 41 51 I1880 Gx 1.0 15p
03 09 31 +38 39 08 I1881 Gx 3.0 16p
03 08 04 +03 10 08 I1882 Gx 1.0 15p
03 10 02 +40 55 08 I1883 Gx 1.1 16p
03 10 02 +41 00 08 I1884
03 06 54 -32 50 51 I1885 Gx 1.5
03 08 15 -04 22 52 I1886 Gx 0.3 15p
03 10 32 +40 46 08 I1887
03 11 20 +41 09 07 I1888
03 11 20 +40 38 07 I1889
03 10 17 +19 14 08 I1890 Gx 0.2 15p
03 10 29 +19 37 08 I1891
03 08 37 -23 01 52 I1892 Gx 1.9
03 10 35 +19 38 08 I1893
03 10 47 +19 37 08 I1894 Gx 16p
03 09 49 -25 13 52 I1895 Gx 1.8
03 08 09 -54 12 52 I1896
03 11 02 -10 47 53 I1897 Gx 0.5 14p
03 10 31 -22 22 52 I1898 Gx 3.2
03 12 01 -25 17 53 I1899
03 16 19 +37 09 06 I1900 Gx 0.6 15p
03 16 25 +37 08 06 I1901
03 16 31 +37 12 06 I1902 Gx 16p
03 13 15 -50 34 53 I1903
03 15 12 -30 41 54 I1904 Gx 1.8
03 19 08 +41 23 05 I1905 T*
03 16 18 -34 20 54 I1906 Gx 1.5
03 20 14 +41 34 04 I1907 Gx
03 15 14 -54 47 54 I1908 Gx 1.6
03 17 30 -33 39 55 I1909 Gx 1.3
03 18 13 -21 24 55 I1910
03 21 07 +35 19 04 I1911
03 16 57 -50 37 55 I1912
03 19 48 -32 26 55 I1913 Gx 1.7
03 19 33 -49 34 55 I1914 Gx 3.8
03 19 51 -50 40 55 I1915
03 20 27 -49 01 56 I1916
03 22 20 -53 10 56 I1917
03 26 28 +04 33 02 I1918 Gx 15p
03 26 12 -32 52 58 I1919 Gx 2.0
03 24 21 -52 41 57 I1920
03 24 51 -50 40 57 I1921
03 24 51 -50 42 57 I1922
03 24 57 -50 32 57 I1923
03 25 09 -51 39 57 I1924
03 25 27 -51 13 57 I1925
03 25 21 -51 39 57 I1926
03 25 21 -51 41 57 I1927
03 27 43 -21 32 58 I1928 Gx 1.5
03 25 39 -51 13 57 I1929
03 29 04 +04 25 01 I1930
03 29 04 +01 44 01 I1931 Gx 0.8 14p
03 26 03 -51 18 58 I1932
03 25 50 -52 45 58 I1933 Gx 2.5 13p
03 31 44 +42 49 01 I1934 Gx 1.3 16p
03 26 21 -49 59 58 I1935 Gx 1.3
03 26 33 -51 17 58 I1936
03 26 57 -48 40 58 I1937
03 27 20 -52 59 58 I1938
03 27 57 -51 02 58 I1939
03 27 51 -52 06 58 I1940
03 32 30 +24 27 00 I1941
03 28 08 -52 38 58 I1942
03 38 52 -44 05 02 I1943 Gx 2.1
03 29 51 -47 58 59 I1944
03 29 26 -52 36 59 I1945
03 29 32 -52 35 59 I1946
03 30 45 -50 17 59 I1947
03 31 03 -47 56 59 I1948
03 31 09 -47 57 59 I1949
03 31 15 -50 24 59 I1950 Gx 1.3
03 31 14 -53 06 59 I1951
03 33 37 -23 42 00 I1952 Gx 2.4
03 33 55 -21 28 00 I1953 Gx 2.8 12p
03 31 45 -51 54 00 I1954 Gx 3.6 12p
03 31 31 -57 11 59 I1955
03 35 52 +05 05 59 I1956 Gx 1.4 16p
03 32 20 -52 26 00 I1957
03 32 57 -51 26 00 I1958
03 33 21 -50 24 00 I1959 Gx 2.5
03 32 43 -57 11 00 I1960 Gx 1.2
03 33 45 -48 56 00 I1961
03 35 49 -21 16 01 I1962 Gx 2.3
03 35 42 -34 26 01 I1963 Gx 3.0
03 33 44 -53 09 00 I1964
03 33 19 -56 32 00 I1965 Gx 1.3
03 34 15 -51 18 00 I1966
03 37 58 +03 17 58 I1967 Gx 0.8 14p
03 34 51 -50 37 01 I1968
03 36 22 -45 10 01 I1969
03 36 40 -43 56 01 I1970 Gx 3.3
03 36 08 -52 37 01 I1971
03 36 32 -52 00 01 I1972
03 36 32 -51 58 01 I1973
03 36 51 -49 33 01 I1974
03 39 20 -15 29 02 I1975
03 37 21 -47 25 02 I1976
03 41 05 +17 45 57 I1977 Gx 1.7 15p
03 37 15 -50 08 01 I1978 Gx 1.2
03 36 49 -57 55 01 I1979
03 37 07 -57 57 01 I1980 Gx 1.2
03 40 43 -26 51 03 I1981 Gx 1.9
03 37 49 -57 46 02 I1982 Gx 1.4
03 41 07 -22 33 03 I1983 Gx 4.0
03 40 03 -47 04 02 I1984
03 44 55 +32 10 56 I1985
03 40 46 -45 21 03 I1986
03 40 20 -55 02 03 I1987 Gx 1.5
03 42 59 -39 52 04 I1988
03 42 03 -50 56 03 I1989 Gx 1.2
03 47 48 +24 37 55 I1990
03 44 50 -51 32 04 I1991
03 45 15 -51 00 04 I1992
03 47 18 -33 42 05 I1993 Gx 2.5
03 45 56 -51 39 05 I1994
03 50 36 +25 35 54 I1995
03 45 07 -57 19 04 I1996
03 45 00 -59 07 04 I1997 Gx 1.3
03 51 45 +01 11 53 I1998 Gx 16p
03 47 49 -56 56 05 I1999
