03 49 15 -48 51 06 I2000 Gx 3.8
03 51 03 -48 37 06 I2001
03 54 40 +10 43 52 I2002 Gx 1.4 15p
03 56 43 +33 52 51 I2003 Pl 0.1 13p
03 51 57 -49 24 07 I2004
03 57 56 +36 48 51 I2005 Gx 16p
03 54 17 -35 58 08 I2006 Gx 2.3 12p
03 55 36 -28 09 08 I2007 Gx 1.8
03 55 36 -28 09 08 I2008
03 53 45 -48 58 07 I2009 Gx 1.9
03 52 06 -59 55 07 I2010 Gx 1.2
03 52 36 -57 28 07 I2011
03 52 54 -58 37 07 I2012
03 56 56 -17 05 09 I2013
03 55 31 -56 44 08 I2014 Gx 1.4
03 58 10 -40 26 09 I2015
04 02 12 +20 13 49 I2016 Gx 16p
03 56 48 -59 23 09 I2017 Gx 1.3
03 58 02 -52 46 09 I2018 Gx 1.2
04 02 16 +05 38 49 I2019 Gx 1.1 15p
03 59 07 -54 02 10 I2020
03 59 32 -52 39 10 I2021
03 58 48 -59 01 09 I2022
03 59 50 -52 40 10 I2023
04 00 14 -53 21 10 I2024 Gx 1.1
04 00 32 -53 03 10 I2025 Gx 1.1
04 04 08 -11 10 11 I2026
04 07 02 +37 07 48 I2027 Gx 1.2 16p
04 01 26 -52 41 10 I2028 Gx 1.1
04 01 26 -52 47 10 I2029 Gx 1.3
04 05 07 -19 13 12 I2030
04 06 09 -05 36 12 I2031
04 07 13 -55 19 13 I2032 Gx 1.5
04 07 19 -53 40 13 I2033 Gx 1.3
04 06 42 -57 57 12 I2034 Gx 1.2
04 09 09 -45 30 13 I2035 Gx 12p
04 10 10 -39 41 14 I2036
04 08 24 -58 44 13 I2037 Gx 1.5
04 09 01 -55 59 13 I2038 Gx 1.7
04 09 07 -56 00 13 I2039 Gx 1.3
04 13 12 -32 32 15 I2040 Gx 1.6
04 12 48 -32 48 15 I2041 Gx 1.5
04 11 51 -47 15 14 I2042
04 11 19 -53 40 14 I2043 Gx 1.3
04 11 19 -54 30 14 I2044
04 14 50 -13 09 16 I2045
04 11 31 -54 39 14 I2046
04 15 08 -13 10 16 I2047
04 14 29 -33 06 15 I2048 ?
04 12 12 -58 32 15 I2049 Gx 1.1
04 14 01 -53 28 15 I2050 Gx 1.4
03 51 23 -83 49 07 I2051 Gx 2.6
04 15 07 -54 19 16 I2052
04 15 56 -49 21 16 I2053
04 06 59 -78 14 13 I2054
04 17 56 -48 54 17 I2055
04 16 35 -60 12 16 I2056 Gx 1.9 12p
04 22 10 +04 03 42 I2057 Gx 15p
04 18 00 -55 55 17 I2058 Gx 2.7
04 20 36 -31 43 18 I2059 Gx 1.4
04 18 00 -56 36 17 I2060 Gx 1.3
04 24 18 +21 05 41 I2061
04 33 22 +71 54 37 I2062 Gx 8.8 12p
04 23 08 -15 43 19 I2063
04 23 44 -15 40 19 I2064
04 21 36 -55 55 18 I2065 Gx 1.2
04 23 37 -54 44 19 I2066
04 31 08 +35 27 38 I2067
04 26 46 -42 05 20 I2068 Gx 1.3
04 26 03 -48 11 20 I2069
04 24 42 -57 58 19 I2070 Gx 1.7
04 26 19 -53 07 20 I2071
04 27 02 -48 21 20 I2072
04 26 43 -53 10 20 I2073 Gx 1.4
04 31 34 +07 42 38 I2074 OC
04 31 15 -05 47 22 I2075 Gx 2.0
04 28 14 -48 12 21 I2076
04 32 21 +00 34 37 I2077
04 32 09 -04 40 22 I2078
04 28 37 -53 43 21 I2079 Gx 1.3
04 32 33 -05 44 23 I2080
04 29 07 -53 36 21 I2081 Gx 1.5
04 29 13 -53 49 21 I2082 Gx 12.8
04 30 49 -53 58 22 I2083 Gx 1.1
04 32 14 -48 16 23 I2084
04 31 31 -54 24 22 I2085 Gx 2.4
04 31 43 -53 37 22 I2086
04 40 18 +25 44 34 I2087 Nb 4
04 44 01 +27 16 33 I2088
04 32 27 -75 32 23 I2089
04 44 53 -33 59 28 I2090
04 46 51 -04 40 28 I2091 At
04 47 03 -04 56 29 I2092 D*
04 47 51 -02 42 29 I2093 D*
04 48 39 -05 21 29 I2094
04 48 57 -05 07 29 I2095 Gx 1.3 15p
04 49 51 -04 58 30 I2096 T*
04 50 33 -05 04 30 I2097
04 50 57 -05 25 30 I2098 Gx 2.0 14p
04 51 03 -04 53 30 I2099 Gx 0.6 15p
04 51 27 -04 49 30 I2100 D*
04 51 51 -06 14 31 I2101 Gx 1.5 14p
04 52 09 -04 57 31 I2102 Gx 1.1 15p
04 39 37 -76 49 26 I2103 Gx 1.7
04 56 44 -15 46 33 I2104 Gx 2.2
04 49 23 -69 11 30 I2105 Nb
04 56 48 -28 29 33 I2106 Gx 2.0
04 58 34 +08 15 27 I2107 ?
04 57 32 -15 16 33 I2108 Gx 1.2 14p
04 59 15 -00 18 34 I2109
04 59 15 -00 18 34 I2110
04 51 52 -69 23 31 I2111 Nb
05 00 46 +04 23 26 I2112 Gx 15p
04 59 50 -15 49 34 I2113 Gx 2.3 13p
04 54 34 -69 11 32 I2114
04 57 07 -66 23 33 I2115 Nb
04 57 25 -66 24 33 I2116 Nb
04 57 11 -68 26 33 I2117 Nb
05 07 09 -07 12 37 I2118 Nb 180
05 07 25 -20 20 37 I2119
05 18 32 +37 36 18 I2120 Pl 0.8
05 19 54 -25 03 42 I2121 Gx 2.1
05 19 10 -37 04 42 I2122 Gx 2.0
05 22 10 +03 30 17 I2123
05 22 10 +03 30 17 I2124
05 24 36 -26 58 44 I2125
05 21 53 -67 56 43 I2126
05 21 53 -67 57 43 I2127
05 22 47 -68 02 44 I2128 Nb
05 31 31 -23 03 47 I2129
05 32 01 -23 08 48 I2130 Gx 2.2
05 32 31 -17 12 48 I2131
05 32 44 -13 54 48 I2132 Gx 1.3 14p
05 42 45 +69 23 08 I2133 ?
05 22 50 -75 26 44 I2134
05 33 22 -36 23 48 I2135 Gx 2.5
05 33 22 -36 23 48 I2136 Gx 2.5
05 34 31 -23 19 49 I2137
05 34 30 -23 32 49 I2138 Gx 1.0 14p
05 35 31 -17 55 49 I2139 T*
05 33 02 -75 21 48 I2140 OC
05 42 25 -51 01 52 I2141
05 32 50 -77 59 48 I2142
05 47 07 -18 43 54 I2143 Gx 2.5
05 50 30 +23 52 04 I2144
05 40 21 -69 39 51 I2145 Nb
05 37 39 -74 45 50 I2146 OC
05 47 59 -30 29 55 I2147
05 39 02 -75 30 51 I2148
05 56 40 +46 07 02 I2149 Pl 0.1 11p
05 51 28 -38 18 56 I2150 Gx 2.3
05 52 49 -17 46 57 I2151 Gx 2.1
05 58 07 -23 10 59 I2152 Gx 1.9
06 00 17 -33 55 00 I2153 Gx 2.5
06 01 18 -23 40 00 I2154 Gx 3.3
06 00 59 -34 01 00 I2155
06 05 06 +24 08 58 I2156 OC
06 05 18 +23 59 58 I2157 OC 7 8.4
06 05 30 -27 51 02 I2158 Gx 1.6
06 10 12 +20 23 56 I2159 Nb
05 55 17 -76 54 58 I2160 Gx 1.9
05 57 02 -75 07 59 I2161
06 13 12 +17 58 54 I2162 Nb 15
06 16 43 -21 23 07 I2163 Gx
06 06 44 -75 22 03 I2164 Gx 1.3
06 21 56 -12 59 09 I2165 Pl 0.1 13p
06 27 26 +59 04 48 I2166 Gx 2.9 13p
06 31 35 +10 26 46 I2167
06 34 10 +44 40 45 I2168 OC
06 31 29 +09 53 46 I2169 Nb 25
06 34 28 +44 41 45 I2170
06 44 37 -17 56 19 I2171 Gx 1.8
06 47 10 +01 19 40 I2172
06 51 08 +33 25 38 I2173
07 09 46 +75 20 30 I2174 Gx 1.2
07 00 02 +35 16 34 I2175
07 07 49 +32 27 31 I2176 Gx 0.4 15p
07 05 20 -10 42 28 I2177 Nb 120
07 07 55 +32 30 31 I2178 Gx 16p
07 15 59 +64 55 28 I2179 Gx 1.0 12.6
07 11 37 +26 22 29 I2180 Gx 1.2 15p
07 13 30 +18 59 29 I2181 Gx 1.0 15p
07 14 30 +18 56 28 I2182
07 17 07 -20 25 33 I2183
07 29 59 +72 07 22 I2184 Gx 1.3
07 23 31 +32 29 24 I2185 Gx 0.5 15p
07 23 00 +21 31 25 I2186
07 23 00 +21 28 25 I2187
07 23 00 +21 29 25 I2188
07 25 16 +08 54 24 I2189
07 30 14 +37 30 22 I2190
07 30 36 +24 17 22 I2191 Gx 0.7 15p
07 33 37 +31 21 20 I2192
07 33 37 +31 26 20 I2193
07 34 01 +31 18 20 I2194 Gx 1.0 15p
07 28 32 -51 15 38 I2195
07 34 25 +31 23 20 I2196 Gx 1.5 14p
07 34 37 +31 23 20 I2197 Gx 0.5 14p
07 34 24 +23 57 20 I2198 Gx 15p
07 35 13 +31 12 20 I2199
07 28 22 -62 22 38 I2200 Gx 1.1
07 36 31 +33 06 19 I2201 Gx 1.3 15p
07 27 54 -67 34 37 I2202 Gx 2.1
07 40 55 +34 12 17 I2203 Gx 1.2 14p
07 41 31 +34 12 17 I2204 Gx 1.1 15p
07 47 12 +26 52 15 I2205 Gx 15p
07 45 59 -34 22 45 I2206
07 50 07 +33 56 14 I2207 Gx 2.0 15p
07 52 48 +27 29 13 I2208
07 56 38 +60 17 11 I2209 Gx 1.1 13.8
07 57 30 +56 39 11 I2210 Gx 15p
07 58 01 +32 33 11 I2211 Gx 0.8 14p
07 59 19 +32 36 10 I2212 Gx 0.5 15p
07 59 18 +27 27 10 I2213 Gx 0.7 15p
08 00 13 +33 17 10 I2214 Gx 0.8 14p
07 59 54 +24 54 10 I2215 OC
07 59 46 +05 35 10 I2216
08 01 06 +27 29 10 I2217 Gx 0.6 14p
08 01 54 +24 25 09 I2218 Gx 16p
08 02 54 +27 26 09 I2219 Gx 1.5 14p
07 56 54 -59 07 49 I2220 Nb
08 05 26 +37 26 08 I2221
08 05 32 +37 28 08 I2222
08 06 08 +37 27 08 I2223
08 06 08 +37 27 08 I2224
08 06 43 +35 55 07 I2225
08 06 29 +12 31 08 I2226 Gx 1.4
08 07 38 +36 01 07 I2227
08 07 22 +08 01 07 I2228 Gx 0.4 15p
08 10 00 +25 52 06 I2229
08 11 12 +25 40 06 I2230 Gx 16p
08 11 16 +05 04 06 I2231 Gx 2.0 15p
08 13 13 +36 14 05 I2232
08 14 21 +45 43 05 I2233 Gx 4.7 13.0
08 14 13 +35 29 05 I2234
08 13 54 +24 04 05 I2235
08 13 54 +24 02 05 I2236
08 14 24 +24 40 05 I2237
08 14 24 +24 39 05 I2238
08 14 24 +23 51 05 I2239 Gx 1.0 15p
08 15 06 +24 27 04 I2240
08 15 24 +24 07 04 I2241
08 15 30 +24 07 04 I2242
08 15 36 +23 57 04 I2243
08 15 42 +24 32 04 I2244
08 15 48 +24 31 04 I2245
08 16 18 +23 50 04 I2246
08 16 24 +24 11 04 I2247
08 16 24 +23 07 04 I2248 Gx 0.4 15p
08 16 54 +24 29 04 I2249
08 16 48 +23 37 04 I2250
08 17 00 +23 56 04 I2251
08 17 00 +24 41 04 I2252
08 16 48 +21 24 04 I2253 Gx 15p
08 17 00 +24 46 04 I2254 Gx 15p
08 17 00 +23 26 04 I2255
08 17 06 +24 10 04 I2256 Gx 0.6 15p
08 17 30 +23 38 04 I2257
08 17 36 +23 34 03 I2258
08 17 36 +23 33 03 I2259
08 17 48 +24 39 03 I2260
08 17 54 +23 30 03 I2261
08 17 41 +18 26 03 I2262 ?
08 18 00 +23 34 03 I2263
08 18 06 +23 42 03 I2264
08 18 06 +24 11 03 I2265
08 17 59 +18 24 03 I2266 ?
08 18 18 +24 43 03 I2267 Gx 2.3 15p
08 18 24 +24 47 03 I2268 Gx 15p
08 18 30 +23 02 03 I2269 Gx 16p
08 18 17 +19 05 03 I2270 ?
08 18 42 +24 30 03 I2271 Gx 15p
08 18 23 +18 43 03 I2272 ?
08 18 29 +18 23 03 I2273 ?
08 18 29 +18 39 03 I2274 T*
08 18 29 +18 24 03 I2275 ?
08 18 47 +18 28 03 I2276 ?
08 18 47 +18 38 03 I2277 ?
08 18 53 +18 27 03 I2278 ?
08 18 53 +18 33 03 I2279 ?
08 18 59 +18 26 03 I2280 ?
08 19 11 +18 54 03 I2281 ?
08 19 36 +24 47 03 I2282
08 19 36 +24 46 03 I2283
08 19 17 +18 35 03 I2284 ?
08 19 23 +18 54 03 I2285
08 19 23 +18 56 03 I2286
08 19 23 +19 23 03 I2287
08 19 36 +23 45 03 I2288 Gx 0.3 15p
08 19 23 +18 31 03 I2289 ?
08 19 35 +19 18 03 I2290 ?
08 19 35 +18 29 03 I2291 ?
08 19 41 +19 33 03 I2292
08 19 54 +21 22 03 I2293 Gx 0.8 15p
08 19 41 +18 58 03 I2294
08 19 41 +18 24 03 I2295
08 19 47 +18 53 03 I2296
08 20 23 +18 22 02 I2297
08 20 23 +18 23 02 I2298
08 20 29 +19 19 02 I2299
08 20 29 +18 24 02 I2300
08 20 29 +18 25 02 I2301
08 20 35 +19 20 02 I2302
08 20 35 +19 24 02 I2303
08 20 53 +19 25 02 I2304
08 20 59 +19 26 02 I2305
08 20 59 +19 06 02 I2306
08 20 59 +19 25 02 I2307
08 21 11 +19 20 02 I2308 Gx 0.3 16p
08 21 05 +18 22 02 I2309 Gx 16p
08 21 05 +18 27 02 I2310
08 19 01 -25 22 57 I2311 Gx 2.2
08 21 11 +18 30 02 I2312
08 21 11 +18 30 02 I2313
08 21 23 +18 45 02 I2314
08 21 29 +18 54 02 I2315
08 21 35 +19 45 02 I2316
08 21 41 +18 50 02 I2317
08 21 47 +18 36 02 I2318
08 21 53 +18 28 02 I2319
08 21 53 +18 39 02 I2320
08 21 59 +18 27 02 I2321
08 21 59 +18 28 02 I2322
08 21 59 +18 36 02 I2323
08 22 17 +19 11 02 I2324
08 22 23 +18 54 02 I2325
08 22 29 +19 00 02 I2326
08 21 40 +03 09 02 I2327 Gx 1.5 14p
08 22 35 +19 36 02 I2328
08 22 41 +19 23 02 I2329 Gx 2.2 15p
08 22 41 +18 50 02 I2330
08 22 53 +19 40 02 I2331
08 22 59 +19 54 02 I2332
08 23 17 +19 04 01 I2333
08 23 17 +18 36 01 I2334
08 23 23 +19 24 01 I2335
08 23 35 +18 31 01 I2336
08 23 35 +18 31 01 I2337
08 23 53 +21 19 01 I2338 Gx 0.6
08 23 53 +21 19 01 I2339 Gx 1.2
08 23 53 +18 43 01 I2340 Gx 0.8 15p
08 23 59 +21 25 01 I2341 Gx 1.6
08 23 47 +18 34 01 I2342
08 24 11 +19 00 01 I2343
08 24 11 +18 38 01 I2344
08 24 23 +19 56 01 I2345
08 24 29 +19 41 01 I2346
08 24 29 +18 45 01 I2347
08 24 41 +20 31 01 I2348 Gx 0.6 16p
08 24 35 +18 59 01 I2349
08 24 47 +19 32 01 I2350
08 24 53 +18 35 01 I2351 Gx 1.1 14p
08 24 59 +19 35 01 I2352
08 24 53 +18 38 01 I2353
08 24 59 +18 39 01 I2354
08 25 11 +20 27 01 I2355
08 25 17 +19 29 01 I2356
08 25 23 +19 30 01 I2357
08 25 23 +19 29 01 I2358
08 25 35 +20 19 01 I2359 Gx 1.1 14p
08 25 29 +19 26 01 I2360
08 26 00 +27 52 00 I2361 Gx 1.7 15p
08 25 59 +19 56 00 I2362
08 26 05 +19 26 00 I2363 Gx
08 26 11 +19 45 00 I2364
08 26 36 +27 51 00 I2365
08 26 36 +27 49 00 I2366 Gx 1.4 15p
08 24 26 -18 46 59 I2367 Gx 2.3
08 26 17 +19 52 00 I2368
08 26 35 +20 13 00 I2369
08 26 41 +19 37 00 I2370
08 26 53 +19 47 00 I2371
08 26 59 +19 52 00 I2372
08 27 11 +20 21 00 I2373 Gx 1.4 15p
08 28 37 +30 25 00 I2374
08 26 32 -13 19 00 I2375
08 28 43 +30 23 00 I2376
08 26 38 -13 19 00 I2377
08 28 49 +30 25 00 I2378 Gx 0.9
08 26 38 -13 19 00 I2379
08 28 55 +30 23 59 I2380 Gx 0.4 15p
08 28 41 +19 46 00 I2381
08 29 00 +22 02 59 I2382 Gx 0.4 15p
08 29 55 +30 39 59 I2383 Gx 16p
08 34 49 +32 24 57 I2384 Gx 0.4 16p
08 35 25 +37 15 57 I2385 Gx 0.6 15p
08 35 06 +25 47 57 I2386
08 38 54 +30 45 56 I2387 Gx 1.2 15p
08 40 17 +19 36 56 I2388 Gx 16p
08 48 32 +73 30 53 I2389 Gx 1.7 13.4
08 42 05 +19 40 55 I2390 Gx 16p
08 40 21 -53 05 04 I2391 OC 50 2.5
08 44 47 +18 15 54 I2392 Gx
08 47 06 +28 09 53 I2393 Gx 1.4 15p
08 47 24 +28 14 53 I2394 Gx 1.7 15p
08 41 16 -48 13 05 I2395 OC 8 4.6
08 46 59 +17 37 53 I2396 D*
08 46 59 +17 38 53 I2397 ?
08 46 59 +17 43 53 I2398 Gx
08 48 05 +18 52 53 I2399 Gx
08 48 19 +38 04 53 I2400 Gx 0.6 15p
08 48 25 +37 43 53 I2401 Gx 1.3 15p
08 48 24 +31 47 53 I2402 Gx 0.4 15p
08 46 26 -15 22 06 I2403
08 48 24 +29 28 53 I2404 Gx 15p
08 49 01 +37 12 53 I2405 Gx 0.4 15p
08 48 23 +17 40 53 I2406 Gx
08 48 23 +17 35 53 I2407 Gx
08 48 35 +19 00 53 I2408 S*
08 48 41 +18 18 53 I2409 Gx
08 48 47 +18 59 53 I2410 Gx
08 48 47 +19 01 53 I2411 Gx
08 49 41 +18 31 52 I2412 D*
08 49 47 +18 43 52 I2413 D*
08 50 05 +18 46 52 I2414 Gx
08 50 17 +18 37 52 I2415 T*
08 50 47 +18 32 52 I2416 D*
08 51 29 +18 46 52 I2417 Gx
08 51 41 +17 55 52 I2418 Gx
08 52 29 +18 04 52 I2419 S*
08 51 46 +03 03 52 I2420 Gx 15p
08 54 42 +32 39 51 I2421 Gx 2.6
08 54 41 +20 12 51 I2422 Gx 0.4 16p
08 55 05 +20 12 51 I2423 Gx 1.1 15p
08 57 07 +39 21 50 I2424
08 56 03 -03 25 10 I2425 S*
08 58 46 +02 52 50 I2426 Gx 0.3 15p
09 01 19 +37 50 49 I2427 Gx 16p
09 03 30 +30 33 48 I2428 Gx 1.9 15p
09 04 06 +29 16 48 I2429 Gx 0.4 15p
09 04 48 +27 55 48 I2430 Gx 1.1 14p
09 04 47 +14 34 48 I2431 Gx 0.6 14p
09 04 52 +05 29 48 I2432 Gx 15p
09 05 47 +22 35 47 I2433 Gx 0.8 15p
09 07 31 +37 10 47 I2434 Gx 1.9 14p
09 07 06 +26 14 47 I2435 Gx 1.0 15p
09 05 38 -19 11 13 I2436 D*
09 05 44 -19 13 13 I2437 Gx 2.4
09 14 30 +73 24 45 I2438 OC
09 08 54 +32 33 47 I2439 Gx 15p
09 16 00 +73 26 45 I2440
09 10 17 +22 50 46 I2441
09 10 23 +22 49 46 I2442
09 11 48 +28 47 46 I2443 Gx 0.6 15p
09 13 06 +30 12 45 I2444 Gx 0.9 15p
09 13 30 +31 46 45 I2445 Gx 1.0 15p
09 13 48 +28 56 45 I2446 Gx 1.7 15p
09 13 48 +28 43 45 I2447
09 07 09 -69 58 13 I2448 Pl 0.1 12p
09 15 30 +29 58 45 I2449
09 15 59 +25 25 44 I2450
09 15 59 +23 27 44 I2451 Gx 16p
09 16 11 +23 25 44 I2452 Gx 16p
09 16 05 +20 54 44 I2453 Gx 15p
09 16 17 +17 47 44 I2454 Gx 1.2 14p
09 17 05 +20 05 44 I2455
09 17 48 +34 45 44 I2456
09 17 23 +20 03 44 I2457 Gx 1.2 14p
09 22 00 +64 12 43 I2458 Gx 0.4 15p
09 19 24 +34 51 43 I2459
09 19 36 +33 49 43 I2460 ?
09 20 13 +37 08 43 I2461 Gx 2.7 15p
09 23 11 +22 39 42 I2462
09 23 17 +22 35 42 I2463 Gx 16p
09 23 41 +22 33 42 I2464 Gx 0.6 15p
09 23 53 +24 25 42 I2465
09 23 59 +24 29 42 I2466 Gx 15p
09 25 13 +38 18 42 I2467
09 25 19 +38 18 42 I2468
09 23 13 -32 28 18 I2469 Gx 5.1
09 25 16 +03 21 42 I2470
09 25 27 -06 51 18 I2471 Gx 0.7 14p
09 26 47 +21 21 41 I2472 Gx 15p
09 27 42 +30 24 41 I2473 Gx 1.6 15p
09 27 29 +23 00 41 I2474
09 28 12 +29 46 41 I2475 Nb 0.5
09 28 12 +29 57 41 I2476 Gx 1.7
09 28 12 +29 40 41 I2477
09 28 12 +29 59 41 I2478 Nb 0.1
09 28 24 +29 58 41 I2479 Nb 0.3
09 28 30 +29 41 41 I2480 Nb 0.2
09 27 40 +03 54 41 I2481 Gx 0.9 14p
09 27 14 -12 07 19 I2482 Gx 2.0 13p
09 29 48 +30 58 41 I2483 Gx 16p
09 27 00 -42 52 19 I2484
09 27 24 -39 18 19 I2485
09 30 35 +26 37 40 I2486 Gx 1.1 15p
09 30 29 +20 04 40 I2487 Gx 2.0
09 27 45 -57 00 19 I2488 OC 15 7p
09 31 27 -05 54 20 I2489
09 33 24 +29 53 40 I2490 Nb 0.3
09 35 30 +34 42 39 I2491 Gx 1.1 15p
09 33 24 -37 55 20 I2492
09 36 36 +37 21 39 I2493 Gx 0.5 15p
09 36 21 -12 27 21 I2494
09 38 29 +28 01 38 I2495 Gx 0.7 15p
09 39 00 +34 41 38 I2496 Gx 15p
09 41 24 +34 40 38 I2497
09 41 35 +28 04 38 I2498 Gx 15p
09 41 41 +27 52 38 I2499
09 42 36 +36 18 37 I2500 ?
09 38 57 -60 06 22 I2501 Pl 0.4 11p
09 43 30 +33 06 37 I2502
09 43 30 +33 09 37 I2503
09 38 41 -69 06 22 I2504
09 45 23 +27 14 37 I2505
09 45 29 +27 13 37 I2506
09 44 49 -31 48 23 I2507 Gx 1.7
09 47 24 +33 28 36 I2508 Gx 16p
09 47 10 +05 41 36 I2509 S*
09 47 55 -32 51 24 I2510 Gx 1.5
09 49 37 -32 52 24 I2511 Gx 3.1
09 49 37 -32 52 24 I2512 Gx 3.1
09 50 13 -32 54 25 I2513 Gx 3.0
09 50 13 -32 54 25 I2514 Gx 3.0
09 54 54 +37 22 34 I2515 Gx 1.1 15p
09 55 06 +37 39 34 I2516 Gx 15p
09 52 55 -33 45 25 I2517
09 56 18 +37 07 34 I2518 Gx 16p
09 56 18 +34 00 34 I2519 Gx 16p
09 56 41 +27 12 34 I2520 Gx 0.7 14p
09 57 36 +33 59 34 I2521 Gx 0.5 15p
09 55 25 -33 09 26 I2522 Gx 2.8 13p
09 55 25 -33 14 26 I2523 Gx 1.6
09 57 48 +33 35 34 I2524 Gx 0.7 15p
09 58 42 +37 04 34 I2525 Gx 16p
09 57 19 -32 16 26 I2526 Gx 1.9
10 00 24 +38 08 33 I2527 Gx 15p
09 59 20 -27 09 27 I2528 Gx 2.0
09 59 44 -22 51 27 I2529 Gx 2.3
10 01 48 +37 10 33 I2530 Gx 15p
10 00 07 -29 38 27 I2531 Gx 6.3
10 00 19 -34 15 27 I2532 Gx 1.8
10 00 43 -31 16 27 I2533 Gx 1.7
10 01 43 -34 08 27 I2534 Gx 2.8
10 04 48 +38 01 32 I2535 Gx 0.7 14p
10 03 43 -33 58 28 I2536 Gx 1.9
10 04 08 -27 35 28 I2537 Gx 2.7 12.2
10 04 07 -34 49 28 I2538 Gx 1.6
10 04 31 -31 23 28 I2539 Gx 1.7
10 07 11 +31 26 32 I2540 Gx 0.8 15p
10 06 02 -17 28 28 I2541 Gx 1.2 14p
10 08 12 +34 08 32 I2542
10 08 42 +37 48 31 I2543 Gx 16p
10 08 41 +33 19 31 I2544 Gx 15p
10 06 49 -33 52 28 I2545
10 07 19 -33 16 28 I2546
10 10 24 +36 29 31 I2547
10 08 07 -35 15 28 I2548 Gx 2.4
10 10 30 +36 26 31 I2549
10 10 41 +27 55 31 I2550 Gx 1.1 15p
10 10 59 +24 23 31 I2551 Gx 1.3 15p
10 11 01 -34 52 29 I2552 Gx 1.8
10 09 27 -62 38 29 I2553 Pl 0.2 13p
10 09 02 -67 03 29 I2554 Gx 2.7
10 11 56 -31 40 29 I2555 Gx 2.4
10 12 49 -34 45 29 I2556 Gx 2.1
10 16 24 +38 03 30 I2557 Gx 0.3 15p
10 14 55 -34 21 30 I2558 Gx 1.6
10 15 01 -34 05 30 I2559 Gx 1.8
10 16 31 -33 35 30 I2560 Gx 4.1
10 19 23 +34 38 29 I2561 Gx 1.1 15p
10 19 04 +16 06 29 I2562 Gx 0.6 15p
10 19 08 -32 37 31 I2563 Gx 1.6
10 21 41 +36 25 29 I2564
10 21 35 +27 54 29 I2565 Gx
10 22 41 +36 34 29 I2566 Gx 0.7 15p
10 22 17 +24 37 29 I2567 Gx 0.7 16p
10 22 47 +36 36 29 I2568
10 23 11 +24 34 29 I2569
10 21 50 -33 38 31 I2570 Gx 1.3
10 21 49 -34 17 31 I2571 Gx 4.3
10 25 17 +28 04 28 I2572 Gx 1.0 16p
10 23 43 -35 28 31 I2573 Gx 1.5
10 28 46 +68 23 28 I2574 Gx 12.3 10.6
10 25 38 -32 40 32 I2575
10 26 14 -32 56 32 I2576
10 28 17 +32 44 28 I2577 Gx 0.5 15p
10 27 38 -33 54 32 I2578 Gx 1.4
10 29 35 +26 05 28 I2579
10 28 32 -31 32 32 I2580 Gx 2.1
10 27 35 -57 39 32 I2581 OC 8 4.3
10 29 26 -30 22 32 I2582 Gx 1.5
10 31 29 +26 01 27 I2583 Gx 0.3 15p
10 30 08 -34 56 33 I2584 Gx 1.5
10 30 38 -35 23 33 I2585 Gx 2.7
10 31 14 -28 44 33 I2586 Gx 1.6
10 31 14 -34 35 33 I2587 Gx 2.4
10 32 02 -30 24 33 I2588 Gx 1.5
10 32 20 -24 04 33 I2589
10 36 35 +26 56 26 I2590 Gx 1.1 15p
10 36 53 +35 00 26 I2591 Gx 1.5 14p
10 35 19 -43 43 33 I2592 Gx 1.9
10 36 33 -12 44 34 I2593
10 36 20 -24 20 34 I2594 Gx 2.2
10 37 51 -11 08 34 I2595
10 34 19 -73 15 33 I2596 Gx 1.4
10 38 02 -27 06 34 I2597 Gx 3.0
10 39 59 +26 42 26 I2598 Gx 15p
10 37 36 -58 38 34 I2599
10 47 04 +72 17 25 I2600 Gx 0.4 16p
10 47 28 +72 16 25 I2601 Gx 15p
10 43 23 -64 25 35 I2602 OC 50 1.9
10 48 41 +32 54 25 I2603 S*
10 49 41 +32 45 25 I2604 Gx 1.4
10 50 05 +32 56 24 I2605 ?
10 50 35 +37 55 24 I2606 Gx 15p
10 50 35 +37 58 24 I2607 Gx 0.7 15p
10 50 35 +32 44 24 I2608 Gx
10 50 33 -12 07 36 I2609
10 52 29 +33 02 24 I2610 ?
10 52 58 +10 05 24 I2611 S*
10 53 53 +32 44 24 I2612 Gx
10 54 35 +32 56 24 I2613
11 01 53 +38 46 23 I2614
11 02 17 +37 54 23 I2615
11 02 29 +38 44 23 I2616 Gx 0.2 15p
11 02 29 +38 37 23 I2617 Gx 0.8 15p
11 02 16 +27 44 23 I2618
11 02 29 +37 55 23 I2619 Gx 16p
11 02 35 +38 28 23 I2620 Gx 1.1 15p
11 00 30 -65 16 37 I2621 Pl 0.1
11 03 45 -16 15 37 I2622
11 04 03 -20 07 37 I2623
11 07 33 -19 29 38 I2624 Gx 3.0
11 07 33 -19 34 38 I2625 Gx 1.5
11 09 16 +26 53 22 I2626 Gx 16p
11 10 09 -23 45 38 I2627 Gx 2.7 12.0
11 11 52 +12 06 22 I2628 Gx 15p
11 12 52 +12 04 22 I2629
11 12 58 +12 17 22 I2630
11 09 57 -76 38 38 I2631
11 13 22 +11 38 22 I2632
11 13 28 +11 34 22 I2633
11 13 46 +10 28 22 I2634 Gx 0.4 15p
11 13 46 +11 26 22 I2635
11 13 52 +11 25 22 I2636
11 14 04 +09 34 22 I2637 Gx 0.9 14p
11 14 10 +10 32 22 I2638 Gx 1.1 15p
11 14 10 +09 37 22 I2639
11 14 22 +10 58 22 I2640
11 14 28 +09 22 22 I2641
11 14 28 +10 14 22 I2642
11 14 46 +10 06 22 I2643
11 14 46 +10 44 22 I2644
11 14 46 +11 52 22 I2645 Gx 16p
11 14 52 +12 30 22 I2646
11 14 58 +12 07 22 I2647
11 14 58 +10 12 22 I2648 Gx 16p
11 15 04 +11 06 22 I2649 Gx 0.6 15p
11 15 10 +13 49 22 I2650
11 15 10 +12 13 22 I2651
11 15 10 +12 25 22 I2652
11 15 10 +10 31 22 I2653
11 15 22 +12 28 22 I2654
11 15 22 +12 08 22 I2655
11 15 22 +12 21 22 I2656
11 15 28 +13 40 22 I2657
11 15 28 +12 58 22 I2658 S*
11 15 46 +12 51 22 I2659 S*
11 15 46 +12 24 22 I2660
11 15 46 +13 35 22 I2661 Gx 15p
11 15 46 +12 44 22 I2662 S*
11 15 52 +12 34 22 I2663 S*
11 15 52 +12 32 22 I2664 S*
11 15 58 +11 41 22 I2665
11 15 58 +13 45 22 I2666 Gx 0.7 15p
11 15 58 +12 05 22 I2667
11 15 45 -14 12 38 I2668 Gx 1.0 14p
11 16 10 +13 24 22 I2669
11 16 16 +11 45 22 I2670
11 16 22 +13 06 22 I2671
11 16 22 +10 08 22 I2672
11 16 22 +10 08 22 I2673
11 16 28 +11 01 22 I2674 Gx 1.4 15p
11 16 28 +12 13 22 I2675
11 16 34 +09 48 22 I2676
11 16 34 +12 11 22 I2677
11 16 40 +11 55 22 I2678
11 16 40 +11 59 22 I2679
11 16 40 +09 47 22 I2680
11 16 52 +11 10 22 I2681 Gx 15p
11 16 52 +09 23 22 I2682
11 17 10 +12 04 22 I2683
11 17 16 +13 04 22 I2684 Gx 15p
11 17 16 +10 04 22 I2685
11 17 22 +12 55 22 I2686
11 17 28 +10 08 22 I2687
11 17 34 +13 27 22 I2688
11 17 34 +12 56 22 I2689
11 17 40 +12 57 22 I2690
11 17 40 +12 00 22 I2691
11 17 52 +10 44 21 I2692
11 17 52 +13 31 21 I2693
11 17 52 +13 21 21 I2694 Gx 15p
11 18 04 +13 42 21 I2695
11 18 04 +12 43 21 I2696
11 18 10 +13 22 21 I2697
11 18 10 +11 51 21 I2698
11 18 10 +11 53 21 I2699
11 18 10 +12 01 21 I2700
11 18 16 +11 05 21 I2701
11 18 16 +09 23 21 I2702
11 18 22 +17 37 21 I2703 Gx
11 18 22 +12 26 21 I2704 Gx 15p
11 18 22 +11 52 21 I2705
11 18 46 +12 31 21 I2706
11 18 46 +09 27 21 I2707
11 18 52 +12 41 21 I2708 Gx 15p
11 18 58 +12 32 21 I2709
11 19 04 +13 32 21 I2710
11 19 04 +13 42 21 I2711
11 19 10 +09 36 21 I2712
11 19 28 +12 08 21 I2713
11 18 07 -62 43 39 I2714 OC 12 8p
11 19 28 +11 55 21 I2715
11 19 34 +11 40 21 I2716
11 19 34 +12 01 21 I2717
11 19 40 +11 59 21 I2718
11 19 46 +12 02 21 I2719
11 19 52 +12 03 21 I2720
11 19 58 +12 07 21 I2721
11 19 58 +13 56 21 I2722
11 20 04 +12 00 21 I2723
11 20 04 +10 41 21 I2724
11 20 16 +13 24 21 I2725
11 20 16 +13 23 21 I2726 S*
11 20 16 +12 00 21 I2727
11 20 22 +13 23 21 I2728 S*
11 20 22 +13 23 21 I2729
11 20 22 +12 20 21 I2730
11 20 28 +13 32 21 I2731 S*
11 20 28 +12 22 21 I2732
11 20 40 +13 50 21 I2733 D*
11 20 40 +12 25 21 I2734
11 21 16 +34 19 21 I2735 Gx 1.2 15p
11 21 10 +12 23 21 I2736
11 21 22 +14 16 21 I2737
11 21 34 +34 20 21 I2738 Gx 0.6
11 21 28 +11 53 21 I2739
11 21 34 +08 43 21 I2740
11 21 34 +09 07 21 I2741
11 21 34 +10 25 21 I2742
11 21 40 +08 40 21 I2743
11 21 58 +34 20 21 I2744 Gx 0.4 15p
11 21 46 +13 24 21 I2745 Gx 15p
11 21 52 +11 42 21 I2746
11 21 58 +08 46 21 I2747
11 21 58 +08 46 21 I2748
11 21 58 +08 33 21 I2749 Gx 16p
11 22 10 +09 38 21 I2750
11 22 22 +34 21 21 I2751 Gx 16p
11 22 16 +14 06 21 I2752 Nb 0.3
11 22 16 +09 51 21 I2753
11 22 16 +14 07 21 I2754 Nb 0.5
11 22 16 +13 46 21 I2755 S*
11 22 16 +09 56 21 I2756
11 22 16 +08 22 21 I2757 Gx 15p
11 22 16 +07 47 21 I2758 Gx 15p
11 22 28 +24 17 21 I2759
11 22 28 +12 38 21 I2760
11 22 34 +14 09 21 I2761 Nb 0.1
11 22 34 +12 42 21 I2762 Gx 15p
11 22 34 +13 02 21 I2763
11 27 21 -29 00 39 I2764 Gx 1.7
11 22 40 +14 11 21 I2765 Nb 0.1
11 22 40 +12 52 21 I2766
11 22 40 +13 03 21 I2767
11 22 40 +12 30 21 I2768
11 22 40 +14 10 21 I2769 Nb 0.1
11 22 40 +09 11 21 I2770
11 22 46 +12 29 21 I2771
11 22 46 +13 34 21 I2772
11 22 52 +13 32 21 I2773
11 22 52 +12 29 21 I2774
11 22 58 +12 29 21 I2775
11 22 58 +13 18 21 I2776
11 22 58 +12 00 21 I2777 Gx 15p
11 22 58 +12 29 21 I2778
11 23 04 +13 19 21 I2779
11 23 04 +10 07 21 I2780
11 23 04 +12 19 21 I2781
11 23 10 +13 25 21 I2782 Gx 1.1 15p
11 23 10 +08 51 21 I2783
11 23 28 +13 05 21 I2784
11 23 34 +13 21 21 I2785
11 23 34 +13 21 21 I2786
11 23 34 +13 37 21 I2787 Gx 1.0 15p
11 23 40 +12 40 21 I2788
11 23 46 +14 09 21 I2789 D*
11 23 52 +09 31 21 I2790
11 23 52 +12 52 21 I2791
11 23 58 +11 22 21 I2792
11 24 04 +09 25 21 I2793
11 24 22 +12 46 21 I2794
11 24 22 +12 06 21 I2795
11 24 22 +09 19 21 I2796
11 24 40 +11 40 21 I2797
11 24 40 +12 23 21 I2798
11 24 40 +13 49 21 I2799 Nb 0.4
11 24 46 +12 10 21 I2800
11 24 46 +10 09 21 I2801
11 24 46 +12 11 21 I2802
11 24 52 +09 49 21 I2803
11 25 10 +13 11 21 I2804 Gx 0.8 15p
11 25 16 +13 59 21 I2805 S*
11 25 34 +09 37 21 I2806
11 25 34 +11 30 21 I2807
11 25 46 +09 06 21 I2808
11 25 52 +08 30 21 I2809
11 26 04 +14 38 21 I2810 Nb 1
11 26 04 +09 08 21 I2811
11 26 10 +11 30 21 I2812
11 26 22 +11 13 21 I2813
11 26 22 +09 38 21 I2814
11 26 34 +12 46 21 I2815
11 26 34 +10 36 21 I2816
11 26 34 +09 07 21 I2817
11 26 46 +12 53 21 I2818
11 26 46 +13 49 21 I2819 Gx 16p
11 26 40 +10 12 21 I2820
11 26 52 +13 56 21 I2821
11 26 52 +11 24 21 I2822 Gx 1.7 15p
11 26 58 +12 48 21 I2823 Gx 15p
11 27 22 +14 03 21 I2824
11 27 16 +08 25 21 I2825
11 27 22 +13 12 21 I2826 Gx 15p
11 27 28 +11 29 21 I2827
11 27 28 +08 41 21 I2828 Gx 1.0 15p
11 27 28 +10 16 21 I2829 Gx 15p
11 27 40 +07 46 21 I2830 Gx 15p
11 27 40 +08 57 21 I2831
11 27 40 +13 57 21 I2832
11 27 40 +13 34 21 I2833
11 27 46 +13 32 21 I2834
11 27 46 +12 07 21 I2835
11 27 52 +09 03 21 I2836
11 27 58 +10 17 21 I2837
11 28 04 +13 59 21 I2838
11 28 04 +10 47 21 I2839
11 28 04 +13 24 21 I2840
11 28 04 +12 34 21 I2841
11 28 04 +09 37 21 I2842
11 28 16 +13 09 21 I2843 Gx 15p
11 28 16 +11 25 21 I2844
11 28 16 +12 30 21 I2845
11 28 16 +11 07 21 I2846 Gx 0.8 15p
11 28 22 +13 54 21 I2847
11 28 28 +13 00 21 I2848
11 28 28 +09 04 21 I2849
11 28 28 +09 02 21 I2850
11 28 34 +11 22 21 I2851
11 28 28 +09 46 21 I2852
11 28 34 +09 06 21 I2853 Gx 1.0 15p
11 28 34 +08 56 21 I2854
11 28 40 +09 39 21 I2855
11 28 27 -12 54 39 I2856 Gx 0.7 14p
11 28 46 +09 04 21 I2857
11 28 52 +13 38 21 I2858
11 28 58 +09 05 21 I2859
11 28 58 +14 00 21 I2860
11 29 16 +38 49 21 I2861 Gx 0.2 14p
11 28 58 +10 06 21 I2862
11 29 10 +09 04 21 I2863
11 29 16 +12 20 21 I2864
11 29 16 +09 05 21 I2865 S*
11 29 16 +09 01 21 I2866 S*
11 29 16 +09 03 21 I2867
11 29 22 +09 04 21 I2868
11 29 22 +08 59 21 I2869
11 29 22 +11 50 21 I2870 Gx 1.4 18p
11 29 34 +08 34 21 I2871 Gx 0.7 15p
11 29 14 -62 58 39 I2872 Nb 12
11 29 46 +13 10 21 I2873 Gx 0.6 15p
11 29 46 +10 36 21 I2874 OC
11 29 52 +12 57 21 I2875
11 29 52 +08 59 21 I2876
11 29 52 +12 49 21 I2877 Gx 16p
11 29 52 +09 56 21 I2878
11 29 58 +08 59 21 I2879
11 30 10 +13 10 21 I2880
11 30 10 +12 29 21 I2881
11 30 28 +11 57 21 I2882
11 30 34 +10 53 21 I2883
11 27 52 -79 45 39 I2884
11 30 40 +09 44 21 I2885
11 30 40 +11 32 21 I2886
11 30 46 +09 21 21 I2887 Gx 15p
11 30 52 +09 53 21 I2888
11 30 51 -13 06 39 I2889
11 31 04 +13 09 21 I2890
11 31 04 +12 39 21 I2891
11 31 04 +10 33 21 I2892
11 31 10 +13 21 21 I2893 Gx 16p
11 31 16 +13 11 21 I2894 Gx 16p
11 31 16 +09 57 21 I2895
11 31 28 +12 19 21 I2896
11 31 34 +11 31 21 I2897
11 31 34 +13 18 21 I2898
11 31 34 +10 36 21 I2899
11 31 46 +13 08 21 I2900
11 31 46 +12 40 21 I2901
11 31 52 +14 11 21 I2902
11 31 58 +12 36 21 I2903
11 31 58 +13 09 21 I2904
11 32 04 +09 04 21 I2905
11 32 04 +13 06 21 I2906
11 32 04 +09 52 21 I2907
11 32 04 +12 54 21 I2908
11 32 04 +11 26 21 I2909
11 32 09 -09 46 39 I2910 Gx 0.3 15p
11 32 22 +12 57 21 I2911
11 32 22 +11 41 21 I2912
11 32 03 -30 26 39 I2913 Gx 0.4 14p
11 32 28 +13 28 21 I2914 Gx 15p
11 32 34 +14 27 21 I2915
11 32 34 +11 39 21 I2916
11 32 34 +10 55 21 I2917
11 32 40 +13 13 21 I2918
11 32 52 +14 09 21 I2919
11 33 04 +12 32 20 I2920
11 33 04 +10 16 20 I2921
11 33 10 +12 53 20 I2922
11 33 10 +13 08 20 I2923
11 33 09 +08 59 20 I2924
11 33 28 +34 14 20 I2925
11 33 22 +12 24 20 I2926
11 33 22 +13 03 20 I2927
11 33 46 +34 16 20 I2928 Gx 1.2 15p
11 33 46 +12 06 20 I2929
11 33 58 +10 03 20 I2930 Gx 16p
11 34 04 +12 26 20 I2931
11 34 10 +10 31 20 I2932
11 34 28 +34 16 20 I2933 Gx 1.4 15p
11 34 34 +13 18 20 I2934 Gx 0.6 15p
11 35 04 +10 13 20 I2935
11 35 10 +12 59 20 I2936
11 35 22 +10 04 20 I2937
11 35 52 +13 39 20 I2938 Gx 15p
11 35 52 +10 40 20 I2939
11 36 16 +21 44 20 I2940 D*
11 36 27 +10 01 20 I2941 Gx 0.8 15p
11 36 28 +11 47 20 I2942
11 36 58 +54 49 20 I2943 Gx 0.4 14.8
11 36 50 -63 03 40 I2944 CN 75 4.5
11 37 22 +12 53 20 I2945 Gx 1.2 15p
11 37 46 +32 12 20 I2946 Gx 15p
11 37 46 +31 20 20 I2947 Gx 0.6 15p
11 39 02 -63 33 40 I2948 Nb 60
11 41 09 -46 30 40 I2949
11 41 52 +37 56 20 I2950 Gx 15p
11 43 40 +19 42 20 I2951 Gx 1.4 15p
11 44 34 +33 18 20 I2952
11 44 40 +33 18 20 I2953
11 45 28 +26 44 20 I2954 Gx 1.3 15p
11 45 22 +19 34 20 I2955 Gx 1.3 14p
11 45 28 +26 44 20 I2956 Gx 1.3 15p
11 45 52 +33 16 20 I2957
11 45 58 +33 07 20 I2958 Gx 0.5 16p
11 46 22 +33 04 20 I2959 Gx 1.1 15p
11 46 34 +34 57 20 I2960 Gx 16p
11 48 04 +31 19 20 I2961 Gx 15p
11 49 21 -12 20 40 I2962
11 49 39 -05 08 40 I2963 Gx 1.1 14p
11 50 03 +12 00 20 I2964
11 54 15 -19 35 40 I2965 Gx 2.5
11 50 39 -64 55 40 I2966 Nb 3
11 51 04 +30 50 20 I2967 Gx 0.3 15p
11 52 51 +20 34 20 I2968 Gx 0.4 14p
11 52 51 -03 53 40 I2969 Gx
11 53 27 -23 08 40 I2970 T*
11 53 45 +30 39 20 I2971 Gx 16p
11 53 57 -04 00 40 I2972 Gx 0.9 14p
11 54 03 +33 19 20 I2973 Gx 1.5 14p
11 54 09 -05 10 40 I2974 Gx 2.8
11 54 27 -05 48 40 I2975
11 54 45 -02 44 40 I2976
11 55 27 -37 43 40 I2977 Gx 2.0
11 56 39 +31 59 20 I2978 Gx 1.1 15p
11 57 09 +33 07 20 I2979
11 57 45 -73 42 40 I2980 Gx 2.0
11 58 03 +33 09 20 I2981
11 58 03 +27 47 20 I2982
11 58 33 -02 06 40 I2983 S*
11 59 21 +30 40 20 I2984
11 59 27 +30 42 20 I2985
12 00 03 +30 50 20 I2986 Gx 0.6 15p
12 03 39 +38 47 20 I2987 Gx
12 03 57 +03 22 20 I2988
12 04 57 +01 45 20 I2989 Gx 1.1 14p
12 04 57 +11 00 20 I2990 Gx 0.6 15p
12 05 21 +10 35 20 I2991
12 05 27 +30 19 20 I2992
12 05 27 +32 50 20 I2993
12 05 45 +12 39 20 I2994 Gx 16p
12 06 03 -27 57 40 I2995 Gx 3.1 13p
12 06 09 -30 01 40 I2996 Gx 0.8 14p
12 06 03 +20 15 20 I2997
12 06 09 +20 43 20 I2998
12 06 09 +31 19 20 I2999 Gx 16p
