12 06 21 -29 42 40 I3000
12 06 27 +33 29 20 I3001 Gx 0.7 15p
12 07 21 +33 20 20 I3002 Gx 0.5 15p
12 07 21 +32 49 20 I3003
12 07 27 +13 12 20 I3004 Gx 0.9 16p
12 07 27 -30 02 40 I3005 Gx 2.2
12 07 39 +12 57 20 I3006
12 07 39 +31 19 20 I3007 Gx 15p
12 08 15 +13 31 20 I3008 Gx 0.8 15p
12 08 15 +12 37 20 I3009 ?
12 08 10 -30 21 40 I3010 Gx 1.9
12 08 27 +10 20 20 I3011 Gx 3.8 12p
12 08 45 +11 08 20 I3012 Gx 15p
12 08 45 +09 59 20 I3013 Gx 0.8 15p
12 08 45 +38 47 20 I3014 Gx 1.1 14p
12 09 16 -31 32 40 I3015 Gx 3.0
12 09 39 +11 23 20 I3016 Gx 16p
12 09 39 +13 34 20 I3017
12 09 45 +14 02 20 I3018 ?
12 09 39 +13 58 20 I3019 Gx
12 09 51 +14 11 20 I3020
12 10 15 +12 59 20 I3021 Gx 1.8 15p
12 10 09 +38 41 20 I3022 Gx 0.2 14p
12 10 21 +14 19 20 I3023
12 10 33 +12 16 20 I3024 Gx 1.2 15p
12 10 39 +10 09 20 I3025 Gx 0.4 15p
12 10 52 -29 57 40 I3026 S*
12 10 45 +14 09 20 I3027 ?
12 10 45 +11 43 20 I3028
12 11 03 +13 17 20 I3029 Gx 1.5 15p
12 11 21 +14 06 20 I3030
12 11 21 +13 16 20 I3031
12 11 21 +14 14 20 I3032 Gx 15p
12 11 21 +13 33 20 I3033 Gx 1.2 15p
12 12 09 +14 09 20 I3034
12 12 27 +13 13 20 I3035
12 12 27 +12 26 20 I3036 Gx 1.8 15p
12 12 39 +09 57 20 I3037 Gx 15p
12 12 51 +11 18 20 I3038 Gx 16p
12 12 45 +12 16 20 I3039 Gx 1.0 15p
12 12 57 +11 02 20 I3040 Gx 0.6 16p
12 12 57 +12 42 20 I3041
12 13 03 +10 50 20 I3042
12 13 03 +09 58 20 I3043
12 13 03 +13 57 20 I3044 Gx 2.1
12 13 15 +12 45 20 I3045 ?
12 13 21 +12 53 20 I3046 Gx 1.2 15p
12 13 33 +12 56 20 I3047
12 13 39 +13 02 20 I3048 D*
12 13 45 +14 27 20 I3049 Gx 1.1 16p
12 13 57 +13 24 20 I3050 Gx 2.0 13p
12 14 09 +13 08 20 I3051
12 14 09 +12 38 20 I3052
12 14 15 +14 10 20 I3053
12 14 33 +13 29 20 I3054
12 14 39 +12 02 20 I3055
12 14 51 +13 45 20 I3056 ?
12 15 16 -44 30 40 I3057
12 15 09 +14 02 20 I3058
12 15 09 +13 26 20 I3059 Gx 1.7
12 15 15 +12 29 20 I3060 Gx 0.3 15p
12 15 21 +14 00 20 I3061 Gx 2.3 13.6
12 15 21 +13 33 20 I3062 Gx 1.0 15p
12 15 21 +11 58 20 I3063 Gx 1.0 15p
12 15 27 +12 59 20 I3064 Gx 5.3 13p
12 15 27 +14 24 20 I3065 Nb 0.5
12 15 33 +13 26 20 I3066 Gx 1.0 15p
12 15 27 +23 55 20 I3067 Gx 15p
12 15 39 +11 28 20 I3068
12 15 39 +10 08 20 I3069
12 15 39 +13 00 20 I3070 S*
12 15 45 +09 31 20 I3071 ?
12 15 51 +09 31 20 I3072 ?
12 15 51 +13 34 20 I3073 Gx 1.0 16p
12 15 57 +10 39 20 I3074 Gx 2.3 14p
12 16 03 +23 33 20 I3075 Gx 0.7 15p
12 16 21 +09 03 20 I3076 ?
12 16 21 +14 22 20 I3077 Nb 0.2
12 16 21 +12 37 20 I3078
12 16 21 +11 29 20 I3079 Gx 15p
12 16 27 +14 11 20 I3080 Nb 0.3
12 16 27 +12 38 20 I3081
12 16 27 +23 49 20 I3082
12 16 39 +12 33 20 I3083 ?
12 16 33 +23 52 20 I3084 Gx 0.4 16p
12 16 39 +09 26 20 I3085 S*
12 16 45 +08 59 20 I3086 ?
12 16 45 +13 15 20 I3087 D*
12 16 45 +09 26 20 I3088 S*
12 16 39 +23 47 20 I3089 Gx 0.4 16p
12 16 45 +09 24 20 I3090 D*
12 16 51 +13 57 20 I3091 D*
12 16 51 +10 01 20 I3092
12 16 57 +14 15 20 I3093 Nb
12 17 09 +13 35 20 I3094 Gx 0.6 14p
12 17 09 +23 54 20 I3095 Gx 0.5 16p
12 17 09 +14 29 20 I3096 Nb 1
12 17 15 +09 22 20 I3097 Gx 15p
12 17 27 +07 10 20 I3098
12 17 21 +12 25 20 I3099 Gx 2.1 15p
12 17 27 +12 13 20 I3100
12 17 33 +11 54 20 I3101 Gx 15p
12 17 39 +06 39 20 I3102
12 17 45 +09 20 20 I3103 S*
12 19 06 -79 45 40 I3104 Gx 4.7
12 17 51 +12 21 20 I3105 Gx 1.8 15p
12 18 03 +09 35 20 I3106
12 18 03 +10 48 20 I3107 Gx 1.5 14p
12 18 03 +13 19 20 I3108
12 18 03 +13 06 20 I3109
12 17 57 +37 21 20 I3110
12 18 03 +08 24 20 I3111 Gx 15p
12 18 03 +25 59 20 I3112 Gx 1.3
12 18 15 +07 09 20 I3113
12 18 09 +09 06 20 I3114 ?
12 18 15 +06 37 20 I3115 Gx 1.7 13.1
12 18 15 +25 03 20 I3116
12 18 21 +09 02 20 I3117 ?
12 18 27 +09 28 20 I3118 Gx 1.6 15p
12 18 21 +24 39 20 I3119 Gx 15p
12 18 39 +13 40 20 I3120
12 18 39 +13 12 20 I3121
12 18 33 +25 11 20 I3122 Gx 1.5 15p
12 18 39 +08 02 20 I3123 S*
12 18 45 +09 33 20 I3124 S*
12 18 39 +24 20 20 I3125
12 18 51 +13 46 20 I3126
12 18 45 +11 49 20 I3127 Gx 0.6 16p
12 18 57 +11 41 20 I3128
12 18 57 +09 34 20 I3129 S*
12 19 03 +08 12 20 I3130 ?
12 19 03 +07 49 20 I3131 Gx 0.6 15p
12 19 03 +07 50 20 I3132
12 19 09 +07 37 20 I3133 ?
12 19 09 +08 56 20 I3134 Gx 15p
12 19 09 +27 28 20 I3135
12 19 15 +06 09 20 I3136 Gx 1.2
12 19 15 +12 25 20 I3137
12 19 15 +12 23 20 I3138
12 19 15 +09 06 20 I3139 S*
12 19 15 +27 06 20 I3140
12 19 09 +24 09 20 I3141 Gx 16p
12 19 21 +13 57 20 I3142 Nb
12 19 21 +27 16 20 I3143 Gx 16p
12 19 27 +25 16 20 I3144
12 19 27 +24 16 20 I3145
12 19 27 +25 41 20 I3146
12 19 33 +11 59 20 I3147
12 19 33 +07 50 20 I3148 Gx 0.8 15p
12 19 33 +12 16 20 I3149 Gx 0.5 16p
12 19 45 +07 46 20 I3150 ?
12 19 45 +09 22 20 I3151
12 19 52 -26 10 40 I3152 Gx 2.0
12 19 51 +05 21 20 I3153 Gx 15p
12 19 51 +25 33 20 I3154
12 20 03 +05 58 20 I3155 Gx 1.1
12 19 57 +09 07 20 I3156 Gx 0.6 15p
12 19 57 +12 23 20 I3157 Gx 15p
12 20 03 +09 16 20 I3158 S*
12 20 09 +11 37 20 I3159
12 20 15 +09 04 20 I3160 S*
12 20 15 +08 58 20 I3161 D*
12 20 15 +08 58 20 I3162 D*
12 20 15 +09 13 20 I3163 D*
12 20 21 +24 55 20 I3164
12 20 15 +27 56 20 I3165 Gx 2.0 15p
12 20 08 +60 40 20 I3166
12 20 27 +09 30 20 I3167 Gx 15p
12 20 33 +27 53 20 I3168 Gx 16p
12 20 39 +26 34 20 I3169
12 20 39 +09 23 20 I3170 Gx 0.4 15p
12 20 33 +25 30 20 I3171 Gx 0.3 15p
12 20 39 +27 47 20 I3172
12 20 45 +11 18 20 I3173 Gx 16p
12 20 39 +10 12 20 I3174 Gx 16p
12 20 39 +09 48 20 I3175 Gx 15p
12 20 45 +25 29 20 I3176
12 20 51 +14 05 20 I3177
12 20 51 +26 08 20 I3178
12 20 51 +26 08 20 I3179
12 20 38 +60 40 20 I3180
12 20 57 +29 19 20 I3181
12 21 03 +12 42 20 I3182 T*
12 21 03 +06 39 20 I3183 S*
12 20 57 +24 53 20 I3184 Gx 16p
12 21 09 +25 24 20 I3185
12 21 09 +24 38 20 I3186 Gx 0.4 15p
12 21 09 +11 08 20 I3187 Gx 16p
12 21 09 +10 59 20 I3188 Gx 0.4 15p
12 21 09 +25 24 20 I3189
12 21 15 +09 32 20 I3190 S*
12 21 21 +07 40 20 I3191 ?
12 21 21 +11 42 20 I3192
12 21 09 +27 52 20 I3193 Gx 0.8 16p
12 21 27 +25 06 20 I3194
12 21 33 +25 46 20 I3195
12 21 45 +11 42 20 I3196
12 21 39 +25 25 20 I3197
12 21 45 +26 20 20 I3198
12 21 57 +10 34 20 I3199 Gx 1.1 15p
12 21 51 +26 44 20 I3200
12 21 57 +25 41 20 I3201
12 21 57 +27 01 20 I3202
12 21 57 +25 51 20 I3203 Gx 1.5 16p
12 22 03 +24 13 20 I3204
12 22 03 +26 18 20 I3205
12 22 03 +26 20 20 I3206
12 22 09 +24 19 20 I3207
12 22 15 +11 55 20 I3208
12 22 21 +11 43 20 I3209 Gx 15p
12 22 15 +28 24 20 I3210 Gx 15p
12 22 21 +08 57 20 I3211 Gx 1.1 15p
12 22 21 +28 09 20 I3212 Gx 16p
12 22 21 +23 50 20 I3213 Gx 16p
12 22 27 +27 12 20 I3214
12 22 21 +26 01 20 I3215 Gx 2.0 16p
12 22 27 +25 15 20 I3216
12 22 27 +26 21 20 I3217
12 22 27 +06 53 20 I3218 Gx 0.6 16p
12 22 33 +25 55 20 I3219
12 22 39 +10 33 20 I3220
12 22 33 +25 15 20 I3221
12 22 33 +28 48 20 I3222 Gx 1.1 16p
12 22 45 +09 27 20 I3223 S*
12 22 51 +12 07 20 I3224
12 22 51 +06 39 20 I3225
12 22 51 +26 02 20 I3226
12 22 51 +24 03 20 I3227
12 22 57 +24 18 20 I3228
12 22 57 +06 39 20 I3229
12 22 57 +27 43 20 I3230
12 22 57 +24 47 20 I3231
12 23 03 +24 24 20 I3232
12 23 09 +12 32 20 I3233
12 23 09 +28 05 20 I3234
12 23 15 +13 30 20 I3235
12 23 15 +10 03 20 I3236
12 23 15 +28 28 20 I3237
12 23 21 +14 23 20 I3238 Gx 0.6 15p
12 23 21 +11 41 20 I3239 Gx 16p
12 23 27 +10 18 20 I3240
12 23 21 +26 52 20 I3241
12 23 27 +26 13 20 I3242
12 23 27 +27 43 20 I3243 Gx 16p
12 23 27 +14 21 20 I3244 Gx 0.7
12 23 33 +09 05 20 I3245 ?
12 23 33 +13 01 20 I3246
12 23 33 +28 51 20 I3247 Gx 2.4 16p
12 23 33 +25 31 20 I3248
12 23 33 +25 25 20 I3249
12 23 33 +25 36 20 I3250
12 23 33 +25 37 20 I3251
12 23 39 +28 35 20 I3252 OC
12 23 58 -34 39 40 I3253 Gx 3.3 12p
12 23 45 +19 25 20 I3254
12 23 51 +09 35 20 I3255 Gx 15p
12 23 57 +07 01 20 I3256 Gx 1.4 12.6
12 23 57 +07 14 20 I3257 ?
12 23 57 +12 26 20 I3258 Gx 1.9 14p
12 24 03 +07 09 20 I3259 Gx 1.8 13.6
12 24 09 +07 05 20 I3260 Gx 1.9 13.3
12 24 09 +11 26 20 I3261
12 24 03 +27 22 20 I3262 OC
12 24 03 +28 10 20 I3263 Gx 0.6 15p
12 24 09 +25 32 20 I3264
12 24 15 +07 46 20 I3265 ?
12 24 15 +07 45 20 I3266
12 24 21 +07 01 20 I3267 Gx 1.1 13.5
12 24 21 +06 34 20 I3268 Gx 0.7 14p
12 24 21 +27 24 20 I3269
12 24 21 +27 33 20 I3270
12 24 27 +07 55 20 I3271 Gx 1.1 15p
12 24 27 +23 16 20 I3272
12 24 33 +08 30 20 I3273
12 24 33 +09 15 20 I3274 Gx 1.4 14p
12 24 33 +10 23 20 I3275
12 24 27 +25 47 20 I3276
12 24 33 +25 32 20 I3277
12 24 33 +27 23 20 I3278
12 24 39 +12 49 20 I3279 S*
12 24 39 +13 12 20 I3280 Gx 0.7 15p
12 24 45 +07 47 20 I3281 ?
12 24 45 +25 38 20 I3282
12 24 45 +27 11 20 I3283
12 24 51 +10 47 20 I3284
12 24 51 +24 50 20 I3285
12 24 51 +23 43 20 I3286
12 24 51 +24 34 20 I3287
12 24 57 +24 55 20 I3288
12 25 16 -26 03 40 I3289 Gx 0.8 14p
12 25 28 -39 48 40 I3290 Gx 1.6
12 25 09 +11 58 20 I3291
12 25 03 +18 09 20 I3292 Gx 15p
12 25 09 +17 24 20 I3293
12 25 03 +25 34 20 I3294
12 25 03 +28 40 20 I3295
12 25 15 +24 21 20 I3296 Gx 16p
12 25 15 +26 44 20 I3297
12 25 15 +17 00 20 I3298
12 25 21 +27 21 20 I3299
12 25 15 +25 55 20 I3300 Gx 1.1 15p
12 25 27 +14 07 20 I3301
12 25 27 +25 51 20 I3302
12 25 27 +12 41 20 I3303 Gx 1.4
12 25 27 +25 23 20 I3304
12 25 27 +11 48 20 I3305 Gx 1.1 15p
12 25 27 +27 22 20 I3306
12 25 39 +14 07 20 I3307 S*
12 25 33 +26 40 20 I3308 Gx 1.5 15p
12 25 39 +28 21 20 I3309 Gx 1.4 16p
12 25 45 +15 38 20 I3310 S*
12 25 45 +12 13 20 I3311 Gx 2.1 15p
12 25 45 +23 33 20 I3312
12 25 45 +15 48 20 I3313
12 25 45 +23 33 20 I3314
12 25 57 +12 16 20 I3315
12 25 51 +26 08 20 I3316
12 25 51 +25 19 20 I3317
12 26 03 +09 44 20 I3318 S*
12 26 03 +10 21 20 I3319
12 26 03 +10 25 20 I3320
12 26 03 +26 03 20 I3321
12 26 09 +07 31 20 I3322 Gx 2.5
12 26 03 +27 31 20 I3323 Gx 3.1 13p
12 26 03 +26 42 20 I3324
12 26 03 +23 52 20 I3325
12 26 09 +23 44 20 I3326
12 26 15 +14 50 20 I3327 Gx 15p
12 26 09 +10 01 20 I3328 Gx 0.6 15p
12 26 09 +27 32 20 I3329
12 26 09 +30 49 20 I3330 Gx 1.4
12 26 15 +11 46 20 I3331 Gx 0.2 15p
12 26 21 +25 15 20 I3332
12 26 27 +13 06 20 I3333 S*
12 26 27 +28 26 20 I3334
12 26 33 +26 06 20 I3335
12 26 33 +26 47 20 I3336 Gx 15p
12 26 39 +25 17 20 I3337
12 26 39 +25 51 20 I3338
12 26 45 +08 50 20 I3339
12 26 45 +16 48 20 I3340 Gx 0.7 15p
12 26 39 +27 43 20 I3341
12 26 45 +27 06 20 I3342
12 26 51 +08 51 20 I3343 ?
12 26 45 +13 32 20 I3344 Gx 0.5 15p
12 26 45 +24 20 20 I3345
12 26 57 +11 19 20 I3346
12 26 57 +10 51 20 I3347
12 26 51 +25 35 20 I3348
12 26 57 +12 25 20 I3349 Gx 15p
12 27 03 +09 25 20 I3350 S*
12 26 57 +27 34 20 I3351
12 27 03 +08 43 20 I3352 ?
12 26 57 +27 53 20 I3353
12 27 09 +12 04 20 I3354 S*
12 27 03 +13 09 20 I3355 Gx 1.3
12 27 03 +11 32 20 I3356 Gx 1.4 15p
12 27 03 +09 43 20 I3357 Gx 15p
12 27 09 +11 37 20 I3358 Gx 1.2 15p
12 27 09 +23 28 20 I3359
12 27 03 +26 01 20 I3360
12 27 15 +10 36 20 I3361
12 27 09 +26 39 20 I3362
12 27 15 +12 31 20 I3363 Gx 15p
12 27 21 +25 32 20 I3364
12 27 21 +15 52 20 I3365 Gx 1.9 14p
12 27 33 +09 23 20 I3366 ?
12 27 27 +26 55 20 I3367 Gx 16p
12 27 33 +16 23 20 I3368
12 27 33 +16 00 20 I3369
12 27 52 -39 21 39 I3370 Gx 2.8 11.1
12 27 33 +10 50 20 I3371 Gx 1.9 15p
12 27 39 +25 15 21 I3372
12 27 45 +25 25 21 I3373
12 27 45 +09 57 21 I3374 Gx 16p
12 27 57 +27 20 21 I3375
12 28 03 +26 57 21 I3376 Gx 1.8 14p
12 28 09 +24 54 21 I3377
12 28 21 +17 16 21 I3378
12 28 21 +17 16 21 I3379
12 28 21 +26 38 21 I3380
12 28 33 +11 45 21 I3381 Gx 1.5
12 28 27 +13 31 21 I3382 Gx 1.0 16p
12 28 27 +10 15 21 I3383 Gx 0.7 15p
12 28 27 +25 03 21 I3384
12 28 27 +25 24 21 I3385
12 28 39 +13 09 21 I3386
12 28 33 +27 58 21 I3387
12 28 39 +12 47 21 I3388 Gx 15p
12 28 39 +27 49 21 I3389
12 28 45 +24 47 21 I3390
12 28 39 +18 22 21 I3391 Gx 1.1 14p
12 28 57 +14 58 21 I3392 Gx 2.4
12 28 57 +12 53 21 I3393 Gx 1.4
12 29 03 +26 45 21 I3394 Gx 0.4 16p
12 28 57 +25 00 21 I3395
12 28 57 +25 01 21 I3396
12 29 03 +25 42 21 I3397
12 29 15 +13 32 21 I3398 S*
12 29 09 +25 40 21 I3399
12 29 15 +09 22 21 I3400 ?
12 29 15 +26 26 21 I3401
12 29 15 +28 49 21 I3402 Gx 1.0 16p
12 29 15 +24 36 21 I3403 Gx 16p
12 29 27 +07 07 21 I3404 ?
12 29 15 +37 42 21 I3405
12 29 21 +27 36 21 I3406 Gx 0.5 16p
12 29 15 +27 45 21 I3407 Gx 1.2 15p
12 29 33 +11 51 21 I3408 S*
12 29 39 +14 44 21 I3409 Gx 0.6 17p
12 29 21 +18 58 21 I3410 Gx 16p
12 29 27 +24 33 21 I3411
12 29 33 +09 57 21 I3412 Gx 15p
12 29 39 +11 24 21 I3413 Gx 1.6
12 29 39 +06 44 21 I3414 Gx 1.7
12 29 39 +26 44 21 I3415
12 29 51 +10 45 21 I3416 Gx 0.1 15p
12 29 57 +07 50 21 I3417 S*
12 29 57 +11 22 21 I3418 Gx 1.5
12 29 57 +15 00 21 I3419
12 29 57 +13 25 21 I3420 S*
12 29 51 +26 12 21 I3421 OC
12 29 57 +14 40 21 I3422
12 30 03 +13 38 21 I3423 ?
12 29 57 +24 22 21 I3424
12 30 09 +10 34 21 I3425 Gx 1.9 15p
12 30 15 +13 34 21 I3426 S*
12 30 21 +10 44 21 I3427 Gx 14p
12 30 21 +23 38 21 I3428
12 30 21 +23 31 21 I3429
12 30 27 +09 02 21 I3430 Gx 1.2 15p
12 30 39 +11 33 21 I3431 S*
12 30 39 +14 08 21 I3432 Gx 0.6 15p
12 30 39 +17 16 21 I3433
12 30 45 +18 46 21 I3434 Gx 15p
12 30 51 +15 05 21 I3435 Gx 1.2 16p
12 30 45 +19 37 21 I3436 Gx 0.4 15p
12 31 03 +11 18 21 I3437 Gx 15p
12 31 15 +08 03 21 I3438
12 31 15 +25 32 21 I3439
12 31 21 +12 00 21 I3440
12 31 27 +28 49 21 I3441 Gx 0.4 15p
12 31 33 +14 05 21 I3442 Gx 1.5
12 31 33 +12 17 21 I3443 Gx 0.2 16p
12 31 27 +27 31 21 I3444
12 31 33 +12 42 21 I3445
12 31 33 +11 27 21 I3446 Gx 15p
12 31 39 +10 38 21 I3447 S*
12 31 39 +17 10 21 I3448
12 31 39 +25 53 21 I3449 D*
12 31 39 +26 46 21 I3450 Gx
12 31 39 +28 49 21 I3451 Gx 0.5 15p
12 31 45 +11 35 21 I3452
12 31 45 +14 49 21 I3453 Gx 1.2 15p
12 31 51 +27 28 21 I3454 Gx 1.3 16p
12 31 57 +25 45 21 I3455 ?
12 31 57 +28 19 21 I3456
12 32 09 +12 37 21 I3457 Gx 1.6
12 31 57 +28 07 21 I3458
12 32 09 +12 08 21 I3459 Gx 1.2 15p
12 32 03 +27 21 21 I3460
12 32 15 +11 51 21 I3461 Gx 0.6 15p
12 32 15 +15 16 21 I3462
12 32 21 +12 17 21 I3463 D*
12 32 15 +25 58 21 I3464 S*
12 32 27 +12 02 21 I3465
12 32 27 +11 46 21 I3466
12 32 33 +11 45 21 I3467
12 32 33 +10 12 21 I3468 Gx
12 32 27 +25 46 21 I3469
12 32 39 +11 13 21 I3470 Gx
12 32 33 +15 59 21 I3471 Gx 0.7 16p
12 32 33 +24 42 21 I3472
12 32 33 +18 12 21 I3473 Gx 1.1 15p
12 32 51 +02 38 21 I3474 Gx 2.2
12 32 57 +12 44 21 I3475 Gx 2.6 13.3
12 32 57 +14 01 21 I3476 Gx 2.2 12.7
12 32 51 +26 01 21 I3477 S*
12 32 57 +14 10 21 I3478 Gx 1.3
12 32 57 +25 22 21 I3479
12 32 57 +26 48 21 I3480
12 33 09 +11 22 21 I3481 Gx 0.7 14.0
12 33 15 +27 48 21 I3482
12 33 27 +11 19 21 I3483 Gx 0.5 15.0
12 33 21 +17 22 21 I3484 Gx 0.6 15p
12 33 27 +09 11 21 I3485 S*
12 33 27 +12 50 21 I3486
12 33 27 +09 22 21 I3487
12 33 21 +26 19 21 I3488 Gx
12 33 27 +12 12 21 I3489 Gx 0.6 15p
12 33 27 +10 53 21 I3490 Gx 0.6 16p
12 33 27 +27 04 21 I3491 Gx
12 33 27 +12 49 21 I3492 Gx 15p
12 33 39 +09 21 21 I3493 S*
12 33 27 +27 33 21 I3494 Gx
12 33 45 +26 45 21 I3495 Gx
12 33 45 +26 42 21 I3496 Gx
12 33 45 +25 27 21 I3497
12 33 45 +26 42 21 I3498 S*
12 33 57 +10 57 21 I3499 Gx 1.6 13.3
12 34 03 +13 56 21 I3500 Gx 15p
12 34 03 +13 17 21 I3501 Gx 0.6 15p
12 33 57 +26 35 21 I3502 Gx
12 34 03 +37 45 21 I3503
12 34 21 +06 51 21 I3504 ?
12 34 21 +15 55 21 I3505 Gx 0.8 15p
12 34 27 +12 42 21 I3506
12 34 21 +25 20 21 I3507
12 34 21 +26 38 21 I3508 Gx
12 34 33 +12 02 21 I3509 Gx 15p
12 34 33 +11 02 21 I3510 Gx 1.1 15p
12 34 27 +27 19 21 I3511 ?
12 34 27 +27 20 21 I3512 ?
12 34 27 +27 18 21 I3513 ?
12 34 33 +26 40 21 I3514 D*
12 34 33 +27 50 21 I3515
12 34 33 +27 25 21 I3516 Gx
12 34 45 +09 07 21 I3517 Gx 1.5 15p
12 34 45 +09 35 21 I3518 Gx 1.3 15p
12 34 45 +15 32 21 I3519 ?
12 34 45 +13 28 21 I3520 Gx 15p
12 34 51 +07 07 21 I3521 Gx
12 35 03 +15 11 21 I3522 Gx 1.5
12 34 57 +13 59 21 I3523
12 34 57 +14 12 21 I3524 D*
12 35 03 +10 08 21 I3525
12 34 57 +25 39 21 I3526
12 34 57 +26 07 21 I3527 D*
12 35 09 +15 32 21 I3528 Gx 0.7
12 35 03 +25 40 21 I3529
12 35 03 +17 46 21 I3530 Gx 15p
12 35 09 +26 36 21 I3531 Gx
12 35 15 +25 51 21 I3532
12 35 15 +25 44 21 I3533 Gx 16p
12 35 27 +14 58 21 I3534
12 35 27 +25 42 21 I3535
12 35 27 +26 30 21 I3536 Gx
12 35 39 +07 37 21 I3537 D*
12 35 27 +26 12 21 I3538 S*
12 35 33 +23 57 21 I3539
12 35 39 +12 43 21 I3540 Gx 0.4 15p
12 35 39 +23 56 21 I3541
12 36 03 +11 38 21 I3542
12 35 57 +26 15 21 I3543 Gx 1.1
12 36 03 +14 16 21 I3544 D*
12 35 57 +26 29 21 I3545
12 35 57 +26 11 21 I3546 Gx
12 36 03 +26 18 21 I3547 D*
12 36 09 +10 55 21 I3548
12 36 03 +26 22 21 I3549 S*
12 36 09 +27 54 21 I3550
12 36 09 +27 56 21 I3551
12 36 09 +27 58 21 I3552
12 36 09 +26 10 21 I3553 ?
12 36 09 +27 54 21 I3554
12 36 09 +27 58 21 I3555
12 36 15 +26 56 21 I3556 Gx
12 36 21 +16 36 21 I3557 Gx 0.7 15p
12 36 27 +11 49 21 I3558
12 36 21 +26 57 21 I3559 Gx
12 36 21 +27 03 21 I3560 Gx
12 36 21 +26 52 21 I3561 Gx
12 36 27 +09 53 21 I3562 Gx 16p
12 36 21 +27 54 21 I3563
12 36 27 +27 54 21 I3564
12 36 27 +26 43 21 I3565 Gx
12 36 33 +11 07 21 I3566 ?
12 36 39 +13 34 21 I3567 Gx 15p
12 33 02 +82 31 21 I3568 Pl 0.1 12p
12 36 21 +19 17 21 I3569 Gx 1.3 13p
12 36 33 +24 03 21 I3570
12 36 33 +26 03 21 I3571 Gx
12 36 45 +11 35 21 I3572 S*
12 36 45 +11 44 21 I3573
12 36 45 +12 22 21 I3574
12 36 45 +13 43 21 I3575
12 36 51 +06 35 21 I3576 Gx 3.0 14p
12 36 51 +11 52 21 I3577 D*
12 36 51 +11 04 21 I3578 Gx 1.0 15p
12 36 45 +26 04 21 I3579 S*
12 36 51 +18 15 21 I3580
12 36 51 +24 22 21 I3581 Gx 0.4 15p
12 36 45 +26 10 21 I3582 Gx 0.5
12 36 57 +13 13 21 I3583 Gx 2.2 14p
12 37 03 +12 12 21 I3584 S*
12 36 57 +26 48 21 I3585 Gx 1.4
12 37 09 +12 30 21 I3586 Gx 0.6 15p
12 37 03 +27 31 21 I3587 Gx 1.5 16p
12 37 09 +14 11 21 I3588 ?
12 37 15 +06 54 21 I3589
12 37 09 +27 15 21 I3590
12 37 15 +06 54 21 I3591
12 37 09 +27 51 21 I3592 Gx 1.3 15p
12 37 15 +27 44 21 I3593 Gx 0.4 15p
12 37 09 +26 05 21 I3594 S*
12 37 21 +23 45 21 I3595
12 37 33 +26 29 21 I3596 D*
12 37 39 +23 50 21 I3597
12 37 39 +28 10 21 I3598 Gx 1.7
12 37 57 +26 40 21 I3599 Gx
12 37 51 +27 06 21 I3600 Gx 0.6
12 38 03 +15 10 21 I3601 D
12 38 21 +10 03 21 I3602 Gx 15p
12 38 27 +15 30 21 I3603
12 38 39 +11 41 21 I3604
12 38 33 +19 29 21 I3605
12 38 39 +12 34 21 I3606
12 38 45 +10 20 21 I3607 ?
12 38 51 +10 27 21 I3608 Gx 3.5 15p
12 38 45 +14 20 21 I3609 Gx 15p
12 39 03 +26 50 21 I3610
12 39 21 +13 20 21 I3611 Gx
12 39 21 +14 41 21 I3612
12 39 21 +13 42 21 I3613
12 39 15 +26 16 21 I3614
12 39 15 +18 09 21 I3615 Gx 1.3 15p
12 39 27 +14 42 21 I3616 ?
12 39 39 +07 56 21 I3617 Gx 1.1 15p
12 39 27 +26 39 21 I3618 Gx
12 39 33 +24 06 21 I3619
12 39 33 +27 53 21 I3620 Gx
12 39 45 +15 27 21 I3621
12 39 45 +15 23 21 I3622
12 39 39 +27 05 21 I3623 Gx
12 39 51 +11 57 21 I3624
12 39 57 +10 56 21 I3625
12 39 45 +25 39 21 I3626 Gx 16p
12 39 45 +27 28 21 I3627
12 39 57 +26 13 21 I3628
12 40 03 +13 29 21 I3629
12 40 03 +25 24 21 I3630
12 40 03 +12 57 21 I3631 Gx 14p
12 40 15 +26 39 21 I3632
12 40 27 +09 51 21 I3633 Gx 15p
12 40 27 +09 48 21 I3634
12 40 27 +12 51 21 I3635 Gx 1.2 15p
12 40 27 +22 02 21 I3636
12 40 33 +14 41 21 I3637 Gx 16p
12 40 33 +10 29 21 I3638 Gx 0.6 15p
12 41 10 -36 46 39 I3639 Gx 1.4
12 40 39 +26 29 21 I3640
12 40 39 +26 29 21 I3641
12 40 39 +26 42 21 I3642
12 40 57 +12 22 21 I3643
12 40 51 +26 28 21 I3644
12 40 45 +26 30 21 I3645 Gx 0.7
12 40 45 +26 29 21 I3646 Gx 1.3
12 41 09 +10 26 21 I3647 ?
12 41 09 +12 57 21 I3648 ?
12 41 03 +21 04 21 I3649
12 40 57 +26 28 21 I3650 Gx 0.8 15p
12 41 03 +26 42 21 I3651 Gx 1.3
12 41 15 +11 09 21 I3652 Gx 1.0 15p
12 41 27 +11 22 21 I3653 Gx 15p
12 41 27 +22 33 21 I3654
12 41 27 +20 38 21 I3655
12 41 27 +22 34 21 I3656
12 41 33 +21 39 21 I3657
12 41 33 +14 40 21 I3658 Gx 15p
12 41 45 +22 54 21 I3659
12 41 51 +21 04 21 I3660
12 41 51 +22 28 21 I3661
12 41 51 +23 23 21 I3662 Gx 0.6 15p
12 41 57 +12 12 21 I3663
12 41 57 +19 55 21 I3664
12 42 03 +11 28 21 I3665 Gx 1.0 15p
12 42 09 +07 49 21 I3666
12 41 44 +41 07 21 I3667
12 41 44 +41 06 21 I3668
12 41 50 +41 06 21 I3669
12 42 09 +11 43 21 I3670
12 42 03 +23 29 21 I3671 Gx 0.5 15p
12 42 21 +11 43 21 I3672 Gx
12 42 21 +21 06 21 I3673
12 42 21 +22 29 21 I3674
12 42 08 +41 15 21 I3675 Gx 2.0 13p
12 42 27 +13 31 21 I3676 S*
12 42 27 +20 51 21 I3677
12 42 27 +20 51 21 I3678
12 42 27 +22 47 21 I3679
12 42 14 +39 04 21 I3680
12 42 14 +39 03 21 I3681
12 42 33 +20 50 21 I3682
12 42 33 +20 50 21 I3683
12 42 39 +11 41 21 I3684
12 42 45 +06 50 22 I3685
12 42 51 +10 32 22 I3686 Gx 1.5 16p
12 42 20 +38 28 21 I3687 Gx 3.5 13p
12 42 51 +14 20 22 I3688
12 42 51 +20 49 22 I3689
12 43 03 +10 20 22 I3690 Gx 1.3 15p
12 43 03 +22 45 22 I3691
12 43 09 +20 58 22 I3692 Gx 1.0 15p
12 43 15 +10 38 22 I3693
12 43 21 +11 11 22 I3694 Gx 0.7 15p
12 43 21 +22 43 22 I3695
12 43 27 +19 54 22 I3696
12 43 14 +39 48 22 I3697 Gx 0.7 17p
12 43 33 +11 11 22 I3698 Gx 0.5 15p
12 43 33 +18 58 22 I3699
12 43 33 +19 14 22 I3700
12 43 45 +11 00 22 I3701
12 43 45 +10 51 22 I3702 Gx 15p
12 43 38 +37 57 22 I3703
12 43 57 +10 45 22 I3704 Gx 1.3 15p
12 43 57 +19 18 22 I3705
12 44 03 +09 12 22 I3706 S*
12 43 44 +37 57 22 I3707
12 44 09 +13 06 22 I3708
12 44 15 +09 02 22 I3709 Gx 15p
12 44 21 +12 06 22 I3710 Gx
12 44 27 +11 08 22 I3711
12 44 33 +10 20 22 I3712 ?
12 44 20 +41 08 22 I3713 Gx 0.6 15p
12 44 39 +10 09 22 I3714 Gx 0.8 16p
12 44 39 +19 49 22 I3715
12 45 03 +08 04 22 I3716
12 44 38 +39 28 22 I3717 Gx 0.6 16p
12 45 03 +12 19 22 I3718 Gx 3.0
12 45 03 +08 04 22 I3719
12 45 03 +12 02 22 I3720 Gx 2.8
12 45 03 +18 43 22 I3721
12 45 09 +11 45 22 I3722 S*
12 44 44 +40 42 22 I3723 Gx 0.4
12 45 09 +10 15 22 I3724 Gx 16p
12 45 09 +18 43 22 I3725
12 44 56 +40 40 22 I3726 Gx 1.7 16p
12 45 21 +10 52 22 I3727 Gx 1.6 16p
12 45 21 +20 56 22 I3728
12 45 08 +39 18 22 I3729 Gx 0.2 16p
12 45 21 +21 09 22 I3730 Gx 0.4 14.6
12 45 27 +12 23 22 I3731
12 45 27 +10 16 22 I3732
12 45 33 +06 56 22 I3733
12 45 27 +23 00 22 I3734
12 45 33 +13 40 22 I3735 Gx 0.4 15p
12 45 33 +21 29 22 I3736 Gx 0.5 16p
12 45 33 +21 56 22 I3737
12 45 39 +19 12 22 I3738
12 45 45 +12 58 22 I3739 ?
12 45 45 +20 47 22 I3740 Gx 16p
12 45 51 +19 10 22 I3741
12 45 45 +13 18 22 I3742 Gx 1.9
12 45 57 +11 04 22 I3743 S*
12 45 57 +19 28 22 I3744
12 45 51 +19 08 22 I3745 Gx 0.3 15p
12 45 50 +37 47 22 I3746 Gx 16p
12 45 50 +37 56 22 I3747
12 46 03 +19 24 22 I3748
12 46 09 +19 30 22 I3749
12 46 15 +19 04 22 I3750
12 45 50 +37 47 22 I3751 Gx 16p
12 46 21 +18 59 22 I3752
12 46 21 +19 05 22 I3753
12 46 27 +08 19 22 I3754 Gx 1.4 15p
12 46 21 +19 07 22 I3755
12 46 33 +11 51 22 I3756 Gx 0.3 15p
12 46 14 +38 29 22 I3757
12 46 08 +40 45 22 I3758 Gx 15p
12 46 33 +20 45 22 I3759
12 46 39 +11 50 22 I3760
12 46 45 +20 15 22 I3761
12 46 51 +22 13 22 I3762
12 47 03 +21 57 22 I3763
12 47 15 +09 49 22 I3764
12 46 50 +38 32 22 I3765
12 47 09 +19 05 22 I3766
12 47 15 +10 08 22 I3767
12 46 56 +40 34 22 I3768
12 47 02 +40 26 22 I3769
12 47 33 +09 10 22 I3770
12 47 08 +39 08 22 I3771
12 47 20 +36 32 22 I3772 Gx 0.6 16p
12 47 27 +10 11 22 I3773 Gx 2.1 14p
12 47 08 +36 15 22 I3774 Gx 1.1 16p
12 47 33 +11 42 22 I3775
12 47 27 +22 27 22 I3776
12 47 39 +09 07 22 I3777
12 47 14 +40 35 22 I3778 Gx 16p
12 47 33 +12 08 22 I3779 Gx 15p
12 47 20 +40 12 22 I3780
12 47 39 +22 32 22 I3781
12 47 32 +40 21 22 I3782
12 47 38 +40 32 22 I3783 Gx 0.6 14p
12 48 09 +19 21 22 I3784
12 48 09 +19 15 22 I3785
12 47 50 +39 01 22 I3786
12 47 56 +40 35 22 I3787
12 48 21 +18 50 22 I3788 Gx 0.5 17p
12 48 21 +20 10 22 I3789
12 48 27 +11 05 22 I3790 S*
12 47 43 +54 25 22 I3791
12 48 33 +11 03 22 I3792 ?
12 48 27 +19 07 22 I3793
12 48 39 +19 08 22 I3794
12 48 20 +40 41 22 I3795 Gx 0.5 16p
12 48 45 +20 00 22 I3796
12 48 51 +11 34 22 I3797 ?
12 48 57 +09 12 22 I3798
12 49 16 -14 24 38 I3799 Gx 2.5 14p
12 48 44 +36 33 22 I3800
12 49 15 +10 55 22 I3801 ?
12 48 56 +38 13 22 I3802
12 49 21 +10 36 22 I3803
12 49 02 +35 18 22 I3804 Gx 1.6
12 48 56 +38 13 22 I3805
12 49 09 +14 52 22 I3806 Gx 1.7
12 49 45 -04 25 38 I3807
12 49 14 +40 34 22 I3808 Gx 0.6 15p
12 49 20 +36 27 22 I3809
12 49 20 +40 37 22 I3810
12 49 39 +21 26 22 I3811
12 50 10 -06 43 38 I3812 Gx 0.8 15p
12 50 16 -25 56 38 I3813 Gx 1.5
12 49 45 +20 01 22 I3814
12 49 51 +19 14 22 I3815
12 49 50 +37 13 22 I3816 Gx 0.5 15p
12 49 57 +22 48 22 I3817
12 50 03 +21 43 22 I3818
12 50 34 -14 24 38 I3819
12 49 56 +37 05 22 I3820
12 50 15 +20 56 22 I3821
12 50 40 -14 20 38 I3822 Gx 1.1 15p
12 49 56 +40 51 22 I3823
12 50 46 -14 27 38 I3824
12 50 52 -14 31 38 I3825
12 50 58 -09 01 38 I3826 Gx 0.6 15p
12 51 04 -14 30 38 I3827 Gx 0.8 14p
12 50 38 +37 55 22 I3828 D*
12 52 28 -29 51 38 I3829 Gx 2.3
12 51 09 +19 48 22 I3830
12 51 34 -14 35 38 I3831 Gx 1.4 14p
12 51 02 +39 47 22 I3832
12 51 46 -13 20 38 I3833 Gx 1.8 13p
12 51 46 -14 14 38 I3834 Gx 0.7 14p
12 51 08 +40 10 22 I3835
12 51 20 +40 09 22 I3836
12 51 45 +19 41 22 I3837
12 52 16 -14 29 38 I3838
12 52 03 +20 23 22 I3839
12 52 03 +21 42 22 I3840
12 52 03 +22 19 22 I3841
12 51 50 +40 20 22 I3842
12 51 56 +38 58 22 I3843
12 52 20 +39 47 22 I3844
12 52 26 +38 35 22 I3845
12 52 57 +13 37 22 I3846
12 52 51 +22 02 22 I3847
12 52 57 +21 23 22 I3848
12 52 50 +40 44 22 I3849
12 52 56 +40 04 22 I3850 Gx 0.9 15p
12 53 21 +21 53 22 I3851
12 53 20 +35 45 22 I3852 Gx 1.4 16p
12 53 26 +38 48 22 I3853
12 53 26 +40 49 22 I3854
12 53 38 +36 45 22 I3855
12 54 03 +20 04 23 I3856
12 54 09 +19 34 23 I3857
12 54 09 +20 45 23 I3858
12 54 40 -09 07 37 I3859 OC
12 54 21 +19 16 23 I3860
12 54 08 +38 15 23 I3861
12 54 02 +36 04 23 I3862 Gx 1.0 16p
12 54 08 +38 27 23 I3863
12 54 27 +18 55 23 I3864
12 54 27 +18 50 23 I3865
12 54 33 +22 20 23 I3866 OC
12 54 33 +18 54 23 I3867
12 54 33 +18 58 23 I3868
12 54 39 +18 56 23 I3869
12 54 39 +22 21 23 I3870
12 54 39 +18 54 23 I3871
12 54 45 +18 56 23 I3872
12 54 45 +18 51 23 I3873
12 54 51 +18 55 23 I3874
12 54 51 +22 00 23 I3875
12 55 03 +18 59 23 I3876
12 55 03 +19 16 23 I3877
12 54 44 +40 02 23 I3878
12 54 44 +38 36 23 I3879 Gx 0.6 16p
12 55 03 +22 28 23 I3880
12 55 03 +19 09 23 I3881 Gx 3.9 13p
12 55 09 +22 32 23 I3882
12 55 34 -08 10 37 I3883
12 55 15 +19 39 23 I3884
12 54 56 +37 07 23 I3885
12 55 15 +18 59 23 I3886
12 54 56 +40 16 23 I3887
12 54 56 +39 32 23 I3888 Gx 0.9 16p
12 55 08 +35 59 23 I3889
12 55 02 +37 09 23 I3890
12 55 14 +36 01 23 I3891
12 55 20 +39 11 23 I3892
12 55 20 +38 32 23 I3893
12 55 45 +19 02 23 I3894
12 55 26 +39 10 23 I3895
12 56 53 -50 20 37 I3896 Gx 2.2 13p
12 55 32 +39 38 23 I3897
12 55 38 +37 33 23 I3898
12 55 57 +20 36 23 I3899
12 55 57 +27 13 23 I3900 Gx 0.7
12 56 09 +21 54 23 I3901 S*
12 55 50 +35 58 23 I3902
12 55 50 +40 22 23 I3903
12 56 08 +36 16 23 I3904 Gx 0.5 15p
12 56 21 +19 49 23 I3905
12 56 02 +40 26 23 I3906
12 56 33 +18 45 23 I3907
12 56 58 -07 36 37 I3908
12 56 14 +40 21 23 I3909
12 56 20 +39 41 23 I3910
12 56 26 +35 36 23 I3911
12 56 20 +39 53 23 I3912
12 56 45 +27 15 23 I3913 Gx 0.6 15p
12 56 38 +36 20 23 I3914
12 56 57 +20 05 23 I3915
12 56 44 +38 35 23 I3916 Gx 1.1 16p
12 57 09 +22 20 23 I3917 Gx
12 57 09 +22 20 23 I3918
12 57 02 +38 30 23 I3919
12 57 02 +39 56 23 I3920
12 57 14 +38 36 23 I3921
12 57 14 +38 27 23 I3922
12 57 14 +37 55 23 I3923
12 57 39 +18 45 23 I3924
12 57 32 +36 23 23 I3925
12 57 45 +22 47 23 I3926
12 58 28 -22 54 37 I3927 Gx 1.4
12 57 32 +40 24 23 I3928
12 57 57 +20 22 23 I3929
12 57 38 +38 44 23 I3930
12 58 15 +19 35 23 I3931
12 58 21 +19 33 23 I3932
12 58 08 +36 37 23 I3933
12 58 33 +18 48 23 I3934
12 58 27 +26 21 23 I3935
12 58 33 +19 01 23 I3936
12 58 39 +18 47 23 I3937
12 58 39 +18 43 23 I3938
12 58 45 +18 43 23 I3939
12 58 32 +35 48 23 I3940
12 58 26 +39 44 23 I3941
12 58 32 +36 04 23 I3942
12 58 50 +28 05 23 I3943 Gx
12 58 57 +23 45 23 I3944
12 58 44 +39 54 23 I3945
12 59 02 +27 47 23 I3946 Gx 1.0 13.9
12 59 08 +27 45 23 I3947 Gx
12 59 15 +24 02 23 I3948
12 59 08 +27 48 23 I3949 Gx 1.3
12 59 21 +18 42 23 I3950
12 59 27 +18 44 23 I3951
12 59 08 +38 50 23 I3952
12 59 27 +23 03 23 I3953
12 59 27 +19 14 23 I3954
12 59 20 +27 58 23 I3955 Gx
12 59 08 +37 22 23 I3956
12 59 20 +27 44 23 I3957 Gx 16p
12 59 27 +24 00 23 I3958
12 59 20 +27 45 23 I3959 Gx 0.6
12 59 20 +27 49 23 I3960 Gx 0.4
12 59 20 +34 50 23 I3961 Gx 4.2 13p
12 59 33 +23 38 23 I3962
12 59 26 +27 45 23 I3963 Gx 0.7
12 59 26 +27 49 23 I3964 S*
12 59 39 +18 49 23 I3965
12 59 32 +35 50 23 I3966 Gx 0.4 15p
12 59 26 +36 05 23 I3967 Gx 0.4 15p
12 59 38 +27 56 23 I3968 Gx
12 59 45 +19 37 23 I3969
12 59 26 +40 22 23 I3970
12 59 45 +22 49 23 I3971
12 59 32 +37 15 23 I3972
12 59 44 +27 51 23 I3973 Gx
13 05 35 -35 21 36 I3974 Gx 2.1
12 59 26 +38 51 23 I3975 Gx 0.5 15p
12 59 44 +27 49 23 I3976 Gx
12 59 32 +36 46 23 I3977
12 59 51 +19 36 23 I3978
12 59 38 +36 18 23 I3979
12 59 32 +39 07 23 I3980
12 59 38 +37 12 23 I3981
12 59 32 +40 03 23 I3982
12 59 32 +39 13 23 I3983
12 59 57 +19 36 23 I3984
12 59 57 +19 33 23 I3985
13 01 46 -32 18 37 I3986 Gx 2.0
12 59 38 +38 42 23 I3987
12 59 44 +37 13 23 I3988
12 59 44 +36 45 23 I3989
12 59 50 +28 52 23 I3990 Gx 1.3
12 59 50 +28 54 23 I3991 Gx 15p
12 59 44 +36 44 23 I3992
12 59 44 +40 34 23 I3993
13 00 03 +22 41 23 I3994
12 59 50 +38 51 23 I3995
12 59 44 +40 26 23 I3996
12 59 50 +36 40 23 I3997
13 00 02 +27 56 23 I3998 Gx 14.7
13 00 46 -14 19 37 I3999 Gx
