12 59 50 +39 33 23 I4000
12 59 50 +38 50 23 I4001
12 59 56 +36 44 23 I4002
12 59 56 +38 47 23 I4003
12 59 56 +38 47 23 I4004
13 00 15 +22 36 23 I4005
13 00 02 +36 59 23 I4006
13 00 21 +19 56 23 I4007
13 00 21 +22 19 23 I4008
13 00 08 +36 38 23 I4009
13 00 08 +37 51 23 I4010
13 00 20 +27 58 23 I4011 Gx 15.0
13 00 20 +28 03 23 I4012 Gx 14.8
13 00 14 +37 10 23 I4013
13 00 27 +22 28 23 I4014
13 00 14 +37 10 23 I4015
13 00 14 +37 10 23 I4016
13 00 33 +22 31 23 I4017
13 00 14 +40 27 23 I4018
13 00 33 +23 41 23 I4019
13 00 14 +38 34 23 I4020
13 00 26 +28 00 23 I4021 Gx 0.3 14.9
13 00 20 +38 27 23 I4022
13 00 39 +19 04 23 I4023
13 00 20 +40 29 23 I4024
13 00 45 +19 04 23 I4025
13 00 38 +28 01 23 I4026 Gx 14.7
13 00 26 +37 06 23 I4027
13 00 32 +36 13 23 I4028 Gx 1.2 15p
13 00 26 +38 44 23 I4029
13 00 44 +27 55 23 I4030 Gx
13 00 32 +39 07 23 I4031
13 00 38 +28 50 23 I4032 Gx 15p
13 00 44 +27 56 23 I4033 Gx
13 00 32 +37 01 23 I4034
13 00 32 +40 16 23 I4035
13 00 38 +36 53 23 I4036
13 00 32 +38 58 23 I4037
13 00 38 +37 00 23 I4038
13 00 57 +21 39 23 I4039
13 00 50 +28 01 23 I4040 Gx 1.1
13 00 56 +27 58 23 I4041 Gx 0.7
13 00 56 +27 56 23 I4042 Gx 14.3
13 00 56 +37 04 23 I4043 Gx 1.0 16p
13 01 02 +27 53 23 I4044 Gx
13 01 02 +28 03 23 I4045 Gx 0.7 13.9
13 00 56 +36 39 23 I4046
13 01 15 +19 39 23 I4047 Gx 16p
13 00 50 +39 48 23 I4048
13 00 56 +36 19 23 I4049 Gx 1.2 15p
13 00 56 +36 38 23 I4050
13 01 08 +27 58 23 I4051 Gx 1.3 13.4
13 00 56 +39 38 23 I4052
13 01 15 +22 54 23 I4053
13 01 15 +22 52 23 I4054
13 01 15 +22 52 23 I4055
13 00 56 +39 43 23 I4056 Gx 1.1 16p
13 01 21 +23 07 23 I4057
13 01 27 +19 28 23 I4058
13 01 33 +19 14 23 I4059
13 01 02 +40 33 23 I4060 Gx 0.7 15p
13 01 14 +39 33 23 I4061
13 01 14 +39 50 23 I4062
13 01 20 +39 13 23 I4063
13 01 20 +39 48 23 I4064
13 01 26 +39 42 23 I4065 Gx 0.7 15p
13 01 57 +19 14 23 I4066
13 01 32 +39 54 23 I4067
13 01 32 +39 52 23 I4068
13 01 38 +36 03 23 I4069
13 01 57 +19 16 23 I4070
13 02 16 -07 36 37 I4071 Gx 0.5 15p
13 01 38 +37 19 23 I4072
13 01 38 +39 53 23 I4073
13 02 03 +18 58 23 I4074
13 02 03 +19 56 23 I4075
13 02 03 +23 21 23 I4076
13 01 50 +37 21 23 I4077
13 01 56 +36 36 23 I4078 Gx 1.0 16p
13 02 09 +19 13 23 I4079
13 02 15 +19 13 23 I4080
13 02 09 +22 44 23 I4081
13 01 50 +37 18 23 I4082
13 01 50 +38 07 23 I4083
13 01 56 +36 56 23 I4084
13 01 50 +39 40 23 I4085
13 01 56 +36 36 23 I4086 Gx 1.0 16p
13 02 15 +19 58 23 I4087
13 02 02 +29 01 23 I4088 Gx 15p
13 02 21 +19 28 23 I4089
13 02 02 +36 48 23 I4090
13 02 27 +19 52 23 I4091
13 02 27 +19 09 23 I4092
13 02 20 +28 58 23 I4093
13 02 14 +37 46 23 I4094
13 02 33 +19 04 23 I4095
13 02 33 +23 59 23 I4096
13 02 20 +36 34 23 I4097
13 02 20 +37 57 23 I4098
13 02 39 +24 03 23 I4099
13 02 14 +40 23 23 I4100 Gx 1.5 15p
13 02 26 +39 54 23 I4101
13 02 32 +36 07 23 I4102
13 02 38 +38 00 23 I4103 Gx 0.7 15p
13 02 32 +38 33 23 I4104
13 02 32 +38 14 23 I4105
13 02 50 +28 05 24 I4106 Gx 15p
13 02 57 +21 58 24 I4107
13 02 44 +38 27 23 I4108
13 03 15 +18 58 24 I4109
13 03 15 +19 12 24 I4110
13 03 08 +28 02 24 I4111 Gx 16p
13 02 56 +37 11 24 I4112
13 03 21 +20 26 24 I4113
13 02 56 +40 04 24 I4114
13 03 02 +37 11 24 I4115
13 03 27 +19 03 24 I4116
13 03 02 +40 30 24 I4117
13 03 08 +38 16 24 I4118
13 03 33 +19 12 24 I4119
13 03 14 +37 03 24 I4120
13 03 39 +19 15 24 I4121
13 03 39 +20 09 24 I4122 Gx 15p
13 03 20 +38 17 24 I4123
13 03 45 +22 49 24 I4124
13 03 51 +18 46 24 I4125
13 03 51 +19 17 24 I4126
13 03 32 +38 02 24 I4127 Gx 0.4 15p
13 03 57 +20 11 24 I4128
13 03 57 +18 51 24 I4129
13 04 03 +19 14 24 I4130
13 03 38 +38 55 24 I4131
13 03 50 +38 21 24 I4132
13 04 02 +27 57 24 I4133 Gx 15p
13 04 40 -11 28 36 I4134
13 03 50 +40 13 24 I4135 Gx 1.0 16p
13 04 40 -05 59 36 I4136 ?
13 04 15 +22 42 24 I4137
13 04 15 +20 38 24 I4138
13 04 21 +19 16 24 I4139
13 04 21 +20 04 24 I4140
13 04 21 +19 11 24 I4141
13 04 02 +38 10 24 I4142
13 04 02 +40 10 24 I4143
13 04 08 +36 55 24 I4144 Gx 1.1 16p
13 04 02 +38 15 24 I4145
13 04 27 +19 15 24 I4146
13 04 27 +20 13 24 I4147
13 04 27 +19 13 24 I4148
13 04 15 +22 14 24 I4149 Gx 0.4 15p
13 04 27 +21 57 24 I4150
13 04 14 +36 49 24 I4151
13 04 14 +38 10 24 I4152
13 04 39 +19 01 24 I4153
13 04 45 +23 32 24 I4154
13 04 26 +39 59 24 I4155
13 05 16 -06 17 36 I4156 ?
13 04 32 +38 38 24 I4157
13 04 38 +36 27 24 I4158
13 05 03 +22 13 24 I4159
13 05 03 +22 52 24 I4160
13 04 50 +39 57 24 I4161
13 05 21 +20 31 24 I4162
13 05 21 +20 44 24 I4163
13 05 27 +20 31 24 I4164 OC
13 05 14 +39 53 24 I4165
13 05 38 +31 25 24 I4166 Gx 1.0 15p
13 05 45 +21 53 24 I4167
13 05 26 +40 11 24 I4168
13 05 26 +38 44 24 I4169
13 05 51 +21 06 24 I4170
13 05 38 +36 05 24 I4171 Gx 1.0 16p
13 05 51 +22 49 24 I4172
13 06 28 -11 35 36 I4173
13 05 44 +36 22 24 I4174
13 06 03 +20 20 24 I4175
13 06 34 -11 34 36 I4176
13 06 34 -13 36 36 I4177 Gx 0.8 15p
13 05 56 +35 58 24 I4178 Gx 1.2 16p
13 06 02 +37 10 24 I4179
13 07 10 -23 56 36 I4180 Gx 1.5
13 06 21 +21 28 24 I4181
13 06 02 +37 34 24 I4182 Gx 6.7 13p
13 06 27 +21 28 24 I4183
13 06 08 +38 48 24 I4184
13 06 27 +21 45 24 I4185
13 06 14 +36 57 24 I4186
13 06 14 +36 16 24 I4187
13 06 14 +36 18 24 I4188
13 06 14 +35 56 24 I4189 Gx 1.6
13 06 08 +37 35 24 I4190 Gx 5.0 13p
13 09 08 -67 40 36 I4191 Pl 0.1 12p
13 06 20 +37 34 24 I4192 ?
13 06 20 +39 24 24 I4193 Gx 16p
13 06 20 +38 50 24 I4194
13 06 32 +37 00 24 I4195
13 07 52 -24 02 36 I4196 Gx 2.0
13 08 22 -23 49 36 I4197 Gx 1.7
13 07 56 +24 47 24 I4198 Gx 1.1 15p
13 07 44 +35 49 24 I4199
13 09 54 -51 59 36 I4200 Gx 1.4
13 08 02 +35 48 24 I4201 Gx 0.4 15p
13 08 38 +24 40 24 I4202 Gx 1.8 15p
13 08 32 +40 24 24 I4203
13 08 38 +39 25 24 I4204 Gx 1.5 16p
13 08 55 +52 50 24 I4205
13 09 38 +38 59 24 I4206
13 09 44 +37 47 24 I4207
13 09 50 +37 13 24 I4208
13 10 40 -07 11 36 I4209 Gx 1.6
13 11 02 +29 40 25 I4210 Nb 1
13 11 08 +37 09 25 I4211 S*
13 12 22 -07 00 35 I4212
13 12 20 +35 38 25 I4213 Gx 2.6 14p
13 17 59 -32 07 35 I4214 Gx 2.4
13 16 26 +25 22 25 I4215 Gx 1.8 15p
13 17 16 -10 47 35 I4216 Gx 1.8 13p
13 17 28 -13 10 35 I4217 Gx 0.6 15p
13 17 21 -02 17 35 I4218 Gx 1.4 14p
13 18 47 -31 39 34 I4219 Gx 1.0
13 18 10 -13 37 34 I4220 Gx 0.7 14p
13 18 46 -14 37 34 I4221 Gx 1.1 13p
13 19 47 -28 27 34 I4222
13 19 09 +07 45 26 I4223 Gx 15p
13 19 21 -02 32 34 I4224 Gx 0.8 15p
13 20 14 +31 56 26 I4225 Gx 1.1 15p
13 20 44 +31 58 26 I4226
13 21 08 +32 09 26 I4227 Gx 16p
13 21 50 +25 29 26 I4228 Gx 15p
13 22 51 -02 25 34 I4229
13 22 20 +26 42 26 I4230 Gx 1.1 15p
13 23 29 -26 19 34 I4231 Gx 1.6
13 23 41 -26 08 34 I4232 Gx 1.1
13 24 17 -30 20 34 I4233
13 23 20 +27 05 26 I4234 Gx 0.6 15p
13 24 10 -12 46 34 I4235
13 23 51 +06 12 26 I4236
13 24 46 -21 09 33 I4237 Gx 2.1
13 24 14 +30 54 26 I4238
13 24 38 +30 55 27 I4239
13 24 44 +30 57 27 I4240
13 25 02 +26 42 27 I4241 Gx 0.5 15p
13 24 56 +30 59 27 I4242
13 26 11 -27 39 33 I4243
13 25 14 +26 25 27 I4244 Gx 16p
13 26 23 -26 41 33 I4245
13 26 23 -26 41 33 I4246
13 26 59 -30 23 33 I4247 Gx 1.2 15p
13 27 05 -29 55 33 I4248
13 27 29 -27 57 33 I4249 Gx 0.4 14p
13 26 32 +26 27 27 I4250 Gx 15p
13 27 41 -29 29 33 I4251
13 27 47 -27 20 33 I4252 Gx 1.5
13 27 47 -27 53 33 I4253 Gx 1.4
13 28 05 -27 15 33 I4254
13 28 17 -27 23 33 I4255 Gx 0.3 15p
13 27 14 +31 01 27 I4256
13 27 31 +46 50 27 I4257
13 28 08 +28 21 27 I4258
13 29 47 -30 09 33 I4259
13 29 47 -28 18 33 I4260
13 30 11 -28 03 33 I4261
13 30 35 -28 18 33 I4262
13 28 49 +46 54 27 I4263 Gx 2.0
13 30 35 -27 57 33 I4264 Gx 1.8
13 30 41 -25 47 33 I4265
13 29 19 +37 35 27 I4266
13 30 53 -26 17 32 I4267 Gx 1.2 15p
13 29 25 +37 38 27 I4268
13 29 37 +37 37 27 I4269 Gx 0.3 15p
13 31 05 -25 21 32 I4270 Gx 0.8 14p
13 29 37 +37 24 27 I4271 Gx 0.7 15p
13 31 29 -29 59 32 I4272
13 31 41 -28 55 32 I4273
13 31 41 -26 00 32 I4274 Pl
13 31 59 -29 45 32 I4275
13 32 29 -28 11 32 I4276
13 30 31 +47 17 27 I4277
13 30 37 +47 13 27 I4278 Gx
13 32 47 -27 09 32 I4279 Gx 1.6
13 32 47 -24 14 32 I4280
13 32 53 -27 11 32 I4281
13 31 31 +47 09 28 I4282
13 32 26 +28 22 28 I4283 Gx 15p
13 31 43 +46 45 28 I4284
13 32 01 +46 47 28 I4285
13 33 59 -27 39 32 I4286
13 32 56 +25 24 28 I4287 Gx 15p
13 34 53 -27 20 32 I4288 Gx 0.6 15p
13 35 11 -27 09 32 I4289 Gx 0.3 15p
13 35 35 -28 02 32 I4290 Gx 2.3
13 37 21 -62 04 31 I4291
13 36 05 -27 42 32 I4292
13 36 17 -25 54 32 I4293 Gx 1.8
13 36 47 -28 48 31 I4294
13 36 47 -29 07 31 I4295
13 36 53 -33 59 31 I4296 Gx 10.6
13 35 32 +26 24 28 I4297 Gx 1.1 15p
13 36 59 -26 35 31 I4298 Gx 1.4 14p
13 37 05 -34 05 31 I4299 Gx 12.7
13 35 38 +33 23 28 I4300 Gx 0.2 16p
13 35 50 +33 20 28 I4301 Gx 0.8 15p
13 35 50 +33 27 28 I4302 Gx 1.3 16p
13 37 35 -28 39 31 I4303 Gx 0.4 15p
13 36 14 +33 24 28 I4304 Gx 1.3 15p
13 36 14 +33 26 28 I4305 Gx 0.3 14p
13 36 32 +33 23 29 I4306 Gx 0.4 15p
13 36 44 +27 13 29 I4307 Gx 0.5 15p
13 37 02 +32 41 29 I4308
13 38 59 -29 42 31 I4309
13 39 11 -25 52 31 I4310 Gx 2.3
13 40 25 -51 04 31 I4311
13 40 49 -51 05 31 I4312 Gx 1.6
13 38 38 +26 43 29 I4313
13 38 38 +26 42 29 I4314
13 40 17 -25 29 31 I4315 Gx 1.6
13 40 35 -28 55 31 I4316 Gx 2.2
13 42 02 +27 04 30 I4317
13 43 35 -28 58 30 I4318 Gx 0.8 15p
13 43 41 -29 49 30 I4319 Gx 1.6
13 44 23 -27 16 30 I4320 Gx 0.6 14p
13 44 41 -30 09 30 I4321 Gx 0.5 15p
13 43 56 +25 21 30 I4322 Gx 15p
13 45 23 -28 40 30 I4323
13 45 41 -30 14 30 I4324 Gx 0.4 15p
13 47 53 -29 27 29 I4325 Gx 0.8 16p
13 48 41 -29 38 29 I4326 Gx 0.6 15p
13 48 59 -30 14 29 I4327 Gx 1.1
13 49 23 -29 58 29 I4328
13 49 23 -30 19 29 I4329 Gx 3.2 11.5
13 47 29 -28 21 29 I4330 Gx 1.4
13 49 38 +25 07 31 I4331
13 50 08 +25 09 31 I4332 Gx 0.8 15p
14 05 50 -84 17 26 I4333 Gx 1.7
13 50 02 +29 38 31 I4334 Pl 0.1
13 49 55 +33 38 31 I4335
13 50 55 +39 40 31 I4336 Gx 1.6 15p
13 52 27 +14 14 32 I4337 Gx 15p
13 52 57 -01 09 28 I4338
13 53 43 +37 30 32 I4339
13 53 49 +37 21 32 I4340 Gx 0.7 14p
13 53 49 +37 30 32 I4341
13 54 38 +25 05 32 I4342 Gx 0.8 15p
13 55 14 +25 04 32 I4343 Gx 0.7 16p
13 55 26 +25 00 32 I4344
13 55 26 +25 02 32 I4345
13 55 56 +25 07 32 I4346
13 57 54 -40 02 27 I4347
13 55 56 +25 09 32 I4348 Gx 16p
13 56 02 +25 07 32 I4349
13 57 29 -25 16 27 I4350 Gx 1.9
13 58 11 -29 20 27 I4351 Gx 5.6 12p
13 58 42 -34 32 27 I4352 Gx 1.9
13 57 19 +37 44 33 I4353
13 58 52 -12 36 27 I4354
13 58 20 +28 23 33 I4355 Gx 0.4 15p
13 58 55 +37 28 33 I4356
14 00 55 +31 52 33 I4357 Gx 1.2 15p
14 03 46 -10 10 26 I4358 Gx 1.2 15p
14 05 43 -45 17 26 I4359
14 04 22 -11 25 26 I4360
14 04 22 -09 47 26 I4361 Gx 0.6 15p
14 05 42 -41 50 26 I4362 Gx 1.7
14 04 28 -09 39 26 I4363
14 04 34 -10 01 26 I4364 Gx 0.6 15p
14 04 03 +09 29 34 I4365 Gx 0.8 15p
14 05 30 -33 47 26 I4366 Gx 1.8
14 05 54 -39 13 26 I4367 Gx 1.8
14 04 58 -09 58 26 I4368
14 04 19 +33 17 34 I4369
14 04 25 +33 19 34 I4370
14 04 25 +33 16 34 I4371
14 05 58 -10 54 26 I4372
14 05 56 +25 12 34 I4373 Gx 15p
14 07 47 -27 02 25 I4374 Gx 1.6
14 08 24 -33 20 25 I4375 Gx 3.0
14 11 06 -30 50 24 I4376 T*
14 17 30 -75 40 23 I4377 Gx 2.6
14 12 24 -34 17 24 I4378
14 12 24 -34 18 24 I4379
14 10 13 +37 31 35 I4380 Gx 0.5 14p
14 11 14 +25 27 36 I4381
14 11 20 +25 28 36 I4382
14 12 26 +15 49 36 I4383
14 12 08 +27 05 36 I4384 Gx 1.1 15p
14 15 01 -42 19 23 I4385
14 15 19 -43 59 23 I4386 Gx 3.1
14 15 19 -44 01 23 I4387 Gx 1.3
14 16 18 -31 47 23 I4388 Gx 0.8 15p
14 17 07 -40 34 23 I4389
14 17 19 -45 00 23 I4390 Gx 1.7
14 16 36 -31 42 23 I4391 Gx 0.5 15p
14 16 10 -13 08 23 I4392
14 18 06 -31 22 23 I4393 Gx 2.3
14 16 42 +39 40 37 I4394
14 17 25 +26 49 37 I4395 Gx 1.5 15p
14 17 43 +28 46 37 I4396
14 18 07 +26 23 37 I4397 Gx 1.1 14p
14 18 25 +28 49 37 I4398 Gx 0.5 15p
14 18 31 +26 21 37 I4399 Gx 1.2 15p
14 22 40 -60 36 22 I4400
14 19 40 -04 32 22 I4401 Gx 1.0 15p
14 21 31 -46 19 22 I4402 Gx 3.4
14 18 31 +31 37 37 I4403 Gx 1.4 15p
14 10 45 +78 36 36 I4404
14 19 37 +26 14 38 I4405 Gx 0.9 15p
14 22 43 -44 10 21 I4406 Pl 0.5 11p
14 23 52 -06 00 21 I4407
14 21 25 +29 57 38 I4408 Gx 1.0 15p
14 21 43 +31 33 38 I4409 Gx 0.7 15p
14 22 32 +17 21 38 I4410 Gx 0.6 16p
14 25 18 -35 02 21 I4411
14 23 25 +26 14 39 I4412
14 23 12 +37 30 39 I4413 Gx 0.2 16p
14 24 01 +28 17 39 I4414 Gx 0.5 15p
14 24 38 +16 36 39 I4415
14 24 37 +29 35 39 I4416 Gx 0.3 16p
14 25 08 +17 00 39 I4417 Gx 0.2 15p
14 25 31 +25 29 39 I4418
14 26 02 +16 36 39 I4419
14 25 49 +25 20 39 I4420 Gx 0.7 15p
14 28 24 -37 36 20 I4421
14 26 13 +30 26 39 I4422 Gx 0.2 15p
14 26 31 +26 13 40 I4423 Gx 1.1 15p
14 27 45 +04 47 40 I4424 Gx 0.8 15p
14 26 55 +27 10 40 I4425 Gx 15p
14 27 32 +16 48 40 I4426 Gx 0.4 16p
14 27 13 +26 49 40 I4427 Gx 0.7 15p
14 27 38 +16 10 40 I4428
14 27 56 +16 51 40 I4429 Gx 0.6 15p
14 29 42 -33 38 20 I4430
14 27 19 +30 55 40 I4431 Gx 1.3 15p
14 30 07 -39 33 20 I4432
14 28 02 +16 10 40 I4433
14 28 08 +16 11 40 I4434
14 27 42 +37 27 40 I4435 Gx 0.5 14p
14 28 07 +26 27 40 I4436 Gx 0.8 15p
14 27 36 +41 27 40 I4437
14 28 50 +17 19 40 I4438 Gx 0.4 16p
14 28 56 +17 00 40 I4439 Gx 16p
14 29 14 +17 18 40 I4440 Gx 0.6 16p
14 31 43 -43 32 19 I4441
14 29 01 +28 55 40 I4442 Gx 1.0 15p
14 29 32 +16 09 40 I4443
14 32 01 -43 26 19 I4444 Gx 1.9 12p
14 32 14 -46 03 19 I4445
14 29 12 +37 26 40 I4446 Gx 0.8 15p
14 29 49 +30 47 40 I4447
14 41 07 -78 50 17 I4448 Gx 1.0
14 31 32 +15 13 41 I4449
14 32 19 +28 31 41 I4450 Gx 1.2 15p
14 34 54 -36 18 18 I4451 Gx 1.9
14 32 37 +27 24 41 I4452 Gx 15p
14 34 48 -27 32 18 I4453 Gx 2.0
14 33 32 +17 41 41 I4454
14 34 46 -14 39 18 I4455
14 34 20 +16 09 42 I4456
14 34 44 +18 11 42 I4457
14 37 31 -39 29 18 I4458
14 34 43 +30 56 42 I4459 Gx 0.5 15p
14 34 49 +30 15 42 I4460 Gx 0.7
14 35 13 +26 29 42 I4461
14 35 13 +26 30 42 I4462
14 36 02 +16 00 42 I4463 Gx 15p
14 38 07 -36 54 17 I4464 Gx 1.6
14 36 08 +15 32 42 I4465
14 36 56 +18 18 42 I4466
14 37 02 +18 19 42 I4467 Gx 15p
14 38 41 -22 23 17 I4468 Gx 2.3
14 37 32 +18 13 42 I4469 Gx 1.6 16p
14 28 01 +78 52 40 I4470 OC
14 36 36 +41 38 42 I4471
14 40 32 -44 20 17 I4472 Gx 1.8
14 38 08 +15 48 43 I4473 Gx 0.5 15p
14 38 38 +23 24 43 I4474
14 38 38 +23 18 43 I4475 Gx 15p
14 40 11 -16 15 17 I4476
14 38 43 +28 25 43 I4477 Gx 15p
14 39 26 +15 51 43 I4478 Gx 15p
14 38 55 +28 28 43 I4479 Gx 1.5 15p
14 40 02 +18 27 43 I4480 Gx 0.5 15p
14 40 20 +16 06 43 I4481
14 40 20 +18 55 43 I4482 Gx 15p
14 40 32 +16 39 43 I4483 Gx 1.6 15p
14 48 12 -73 19 15 I4484 Gx 2.5
14 40 43 +28 38 43 I4485
14 42 08 +18 31 44 I4486 Gx 0.7 16p
14 42 14 +18 35 44 I4487
14 43 02 +18 34 44 I4488
14 43 26 +18 29 44 I4489
14 45 43 -36 11 15 I4490
14 44 46 -13 45 15 I4491
14 42 48 +37 23 44 I4492
14 44 38 +12 05 44 I4493
14 44 44 +15 28 45 I4494 Gx 1.0 15p
14 44 25 +23 31 44 I4495 Gx 16p
14 44 06 +33 21 44 I4496 Gx 0.3 15p
14 44 31 +28 30 44 I4497 Gx 0.6 15p
14 45 13 +26 15 45 I4498 Gx 0.4 15p
15 01 08 -82 14 11 I4499 Gb 7.6 10.6
14 44 48 +37 27 45 I4500 Gx 0.3 15p
14 47 47 -22 26 15 I4501 Gx 0.9 14p
14 45 30 +37 16 45 I4502
14 46 50 +16 04 45 I4503 Gx 0.8 15p
14 46 43 +31 40 45 I4504 Gx 15p
14 46 48 +33 22 45 I4505
14 46 54 +33 22 45 I4506
14 47 56 +18 25 45 I4507 Gx 0.8 16p
14 48 01 +31 45 45 I4508 Gx 15p
14 48 37 +31 46 46 I4509 Gx 1.0 15p
14 50 59 -20 45 14 I4510
14 52 25 -40 31 13 I4511
14 50 07 +27 40 46 I4512
14 52 35 -20 45 13 I4513
14 51 07 +27 35 46 I4514
14 51 18 +37 34 46 I4515
14 54 08 +16 21 47 I4516
14 54 43 +23 36 47 I4517 Gx 15p
14 58 02 -43 09 12 I4518 Gx 1.4
14 55 00 +37 23 48 I4519 Gx 0.6 15p
14 55 18 +33 41 48 I4520 Gx 0.4 15p
14 59 49 +25 33 49 I4521 Gx 0.5 15p
15 12 05 -75 53 07 I4522 Gx 2.9
15 05 32 -43 32 09 I4523 Gx 2.0
15 02 19 +25 33 50 I4524 Gx 16p
15 02 37 +25 36 50 I4525 Gx 16p
15 02 49 +23 20 50 I4526
15 06 02 -42 28 09 I4527 Gx 1.5
15 01 34 +49 05 50 I4528 Gx 0.7 15p
15 06 44 -43 15 09 I4529 Gx 0.6
15 04 01 +26 03 50 I4530 Gx 1.0 15p
15 04 37 +23 22 51 I4531 Gx 16p
15 04 43 +23 11 51 I4532
15 04 37 +27 46 51 I4533 Gx 1.0 15p
15 08 25 +23 40 52 I4534
15 08 54 +37 32 52 I4535
15 13 29 -18 09 07 I4536 Gx 2.6
15 17 45 +02 00 55 I4537 Gx 16p
15 21 30 -23 40 04 I4538 Gx 2.6
15 18 42 +32 22 55 I4539 Gx 0.4 15p
15 20 21 +01 45 56 I4540
15 30 24 -70 36 01 I4541 Gx 2.0
15 22 18 +33 08 56 I4542
15 24 50 +13 27 57 I4543 Pl
15 29 46 -50 36 01 I4544
15 42 23 -81 38 57 I4545 Gx 2.0
15 27 12 +28 49 58 I4546 Gx 0.6 15p
15 27 30 +28 46 58 I4547 Gx 15p
15 27 36 +28 49 58 I4548
15 29 24 +32 48 59 I4549 Gx 0.5 15p
15 35 10 -50 39 59 I4550
15 34 09 +06 00 00 I4551
15 35 15 +04 41 01 I4552
15 35 13 +23 28 01 I4553 Gx 2.0 14p
15 35 19 +23 27 01 I4554
15 49 00 -78 11 54 I4555 Gx 1.9
15 35 43 +25 18 01 I4556 Gx 0.4 15p
15 34 47 +39 43 01 I4557 Gx 16p
15 36 01 +25 20 01 I4558
15 36 07 +25 20 01 I4559
15 35 59 +39 50 01 I4560
15 37 07 +25 24 01 I4561 Gx 0.3 15p
15 36 10 +43 28 01 I4562 Gx 1.5
15 36 11 +39 49 01 I4563 Gx 0.7 14p
15 36 46 +43 30 01 I4564
15 36 46 +43 24 01 I4565 Gx 1.0 15p
15 36 52 +43 32 01 I4566 Gx 2.0
15 37 40 +43 15 02 I4567
15 40 18 +28 08 03 I4568 Gx 15p
15 41 00 +28 16 03 I4569 Gx 0.5 15p
15 41 30 +28 13 03 I4570 Gx 1.0 15p
15 49 23 -67 19 54 I4571 Gx 1.4
15 42 06 +28 06 03 I4572 Gx 0.9 15p
15 42 25 +23 47 03 I4573 Gx 16p
15 42 12 +28 14 03 I4574 Gx 16p
15 42 31 +23 47 03 I4575
15 42 49 +23 40 03 I4576 Gx 15p
15 42 55 +23 46 03 I4577
15 53 48 -74 50 53 I4578 Gx 2.1
15 43 01 +23 45 04 I4579
15 43 24 +28 21 04 I4580 Gx 15p
15 44 12 +28 16 04 I4581 Gx 15p
15 45 54 +28 05 05 I4582 Gx 1.4 15p
15 46 37 +23 48 05 I4583 Gx 0.8 15p
16 00 41 -66 23 50 I4584 Gx 1.7
16 00 47 -66 19 50 I4585 Gx 2.0
15 55 09 +06 00 08 I4586
16 00 07 +25 56 10 I4587 Gx 15p
16 05 07 +23 55 12 I4588 Gx 2.1 15p
16 07 40 -06 23 47 I4589 S*
16 08 30 +28 28 13 I4590 Gx 0.3 16p
16 12 37 -27 56 45 I4591
16 12 17 -19 28 45 I4592 Nb 150
16 11 56 +12 03 14 I4593 Pl 2.0 11p
16 11 31 +23 39 14 I4594
16 21 14 -70 09 42 I4595 Gx 2.5
16 16 24 -22 38 44 I4596 Gx 1.9
16 18 07 -34 22 43 I4597
16 18 31 -31 27 43 I4598
16 19 39 -42 16 43 I4599
16 18 36 -22 47 43 I4600
16 20 18 -20 02 42 I4601 Nb 20
16 23 38 +12 44 19 I4602
16 25 54 -24 28 40 I4603 Nb 20
16 25 54 -23 26 40 I4604 Nb 60
16 30 30 -25 06 38 I4605 Nb 30
16 31 54 -26 03 38 I4606
16 30 31 +24 33 22 I4607
16 47 38 -77 29 31 I4608 Gx 1.2
16 33 13 +22 45 23 I4609 Gx 0.7 15p
16 33 46 +39 15 23 I4610
16 33 52 +39 19 23 I4611
16 33 58 +39 15 23 I4612
16 37 29 +35 58 25 I4613 Gx
16 37 59 +36 06 25 I4614 Gx
16 38 05 +36 03 25 I4615 Gx 1.7 12.8
16 38 11 +35 59 25 I4616 Gx
16 42 17 +36 40 27 I4617 Gx
16 58 37 -77 00 27 I4618 Gx 1.9
16 44 25 +17 45 27 I4619 Gx 15p
16 48 43 +18 16 29 I4620
16 51 02 +08 47 30 I4621 Gx 1.1 15p
16 52 23 -16 14 29 I4622 ?
16 51 25 +22 30 30 I4623 Gx 0.6 15p
16 51 43 +17 26 30 I4624 Gx 16p
16 53 09 +02 25 31 I4625
16 53 39 +02 18 31 I4626 S*
16 54 22 -07 38 28 I4627
16 57 21 -40 20 27 I4628 Nb 90
16 56 29 -16 43 28 I4629
16 55 18 +26 38 32 I4630 Gx 1.3 15p
17 11 45 -77 36 21 I4631
16 58 43 +22 54 33 I4632
17 14 33 -77 32 20 I4633 Gx 3.7
17 01 54 -21 50 25 I4634 Pl 0.2 11p
17 16 27 -77 29 19 I4635 Gx 3.1
16 59 08 +47 10 34 I4636
17 05 33 -40 53 24 I4637 Pl 0.3 14p
17 01 23 +33 33 35 I4638
17 03 07 +22 53 35 I4639
17 24 47 -80 04 16 I4640 Gx 1.5
17 25 05 -80 09 16 I4641 Gx 1.6
17 12 13 -55 24 21 I4642 Pl 0.4 13p
17 08 39 +42 19 38 I4643
17 25 14 -73 56 15 I4644 Gx 2.1
17 14 45 +43 06 40 I4645 Gx 16p
17 24 21 -60 00 16 I4646 Gx 2.6
17 26 54 -80 12 15 I4647 Gx 1.7
17 16 09 +45 51 41 I4648 OC
17 15 53 +57 22 41 I4649
17 15 59 +57 19 41 I4650
17 25 05 -49 57 15 I4651 OC 12 6.9
17 26 51 -59 44 15 I4652 Gx 1.7
17 27 33 -60 53 14 I4653 Gx 1.6
17 37 45 -74 23 10 I4654 Gx 1.7
17 35 03 -60 43 11 I4655
17 38 11 -63 44 10 I4656 Gx 2.2
17 32 59 -17 31 12 I4657 ?
17 37 39 -59 35 10 I4658
17 34 30 -17 56 11 I4659
17 21 25 +75 50 43 I4660 Gx 1.5
17 51 39 -74 02 04 I4661 Gx 2.5
17 47 35 -64 38 06 I4662 Gx 2.2 11.4
17 45 52 -44 54 06 I4663 Pl 0.2 13p
17 49 29 -63 15 05 I4664 Gx 1.7
17 46 33 +05 42 54 I4665 OC 41 4.2
17 45 54 +55 45 54 I4666 Gx 0.6 16p
17 46 24 +55 52 54 I4667
17 46 59 +57 23 54 I4668
17 47 15 +61 25 54 I4669 Gx
17 55 24 -21 48 02 I4670 Nb 5
17 55 23 -10 17 02 I4671
18 02 52 -62 49 59 I4672
18 03 37 -27 05 59 I4673 Pl 0.3
18 08 40 -62 23 56 I4674 Gx 1.5
18 03 28 -09 14 59 I4675
18 03 02 +11 49 01 I4676 Gx 16p
17 58 18 +66 37 59 I4677 Gx 1.0 15p
18 08 18 -23 51 57 I4678
18 11 49 -56 14 55 I4679 Gx 1.9
18 13 59 -64 28 54 I4680 Gx 1.7
18 08 36 -23 23 56 I4681
18 16 59 -71 34 53 I4682 Gx 2.5
18 09 01 -26 13 56 I4683
18 09 24 -23 24 56 I4684 Nb 3
18 09 36 -23 58 56 I4685 Nb 10
18 14 02 -57 43 54 I4686 Gx 0.5
18 14 08 -57 43 54 I4687 Gx 1.5
18 08 20 +11 42 04 I4688 Gx 1.6 15p
18 14 08 -57 44 54 I4689 Gx 0.9
18 10 48 -19 48 55 I4690
18 08 56 +11 50 04 I4691 Gx 15p
18 15 14 -58 41 54 I4692 Gx 1.7
18 09 25 +17 20 04 I4693
18 15 50 -58 12 53 I4694 Gx 2.1
18 17 50 -58 54 52 I4695
18 20 47 -64 43 51 I4696 Gx 2.4
18 12 42 +25 26 05 I4697 Gx 1.6 15p
18 21 29 -63 21 51 I4698
18 18 52 -45 58 52 I4699 Pl 0.2 12p
18 17 24 -19 51 53 I4700
18 16 47 -16 43 53 I4701 Nb 60
18 23 33 -59 13 50 I4702 Gx 1.6
18 19 11 -13 46 52 I4703 OC
18 28 29 -71 36 48 I4704 Gx 3.2
18 28 47 -71 41 48 I4705 Gx 2.7
18 19 53 -16 00 51 I4706
18 20 23 -16 00 51 I4707
18 13 45 +61 09 06 I4708 Gx 15p
18 24 43 -56 11 49 I4709
18 29 13 -66 58 47 I4710 Gx 4.2 12p
18 28 36 -64 56 48 I4711
18 31 41 -71 41 46 I4712 Gx 2.1
18 30 31 -67 12 47 I4713 Gx 1.2
18 31 25 -66 38 47 I4714 Gx 1.1
18 26 30 -18 25 49 I4715 CN 30
18 33 08 -56 57 46 I4716
18 33 44 -57 57 45 I4717 Gx 1.5
18 34 15 -60 07 45 I4718 Gx 2.1
18 33 37 -56 43 46 I4719 Gx 1.3
18 33 56 -58 23 45 I4720 Gx 2.5
18 34 56 -58 29 45 I4721 Gx 4.1 13p
18 34 56 -57 47 45 I4722 Gx 1.6
18 36 17 -63 21 44 I4723 Pl 0.2 15p
18 39 10 -70 06 43 I4724
18 31 54 -19 14 46 I4725 OC 32 4.6
18 37 22 -62 50 44 I4726
18 38 22 -62 41 44 I4727 Gx 1.4
18 38 22 -62 31 44 I4728 Gx 2.0
18 40 31 -67 25 43 I4729 Gx 1.4
18 39 16 -63 20 43 I4730 Gx 1.8
18 39 10 -62 56 43 I4731 Gx 1.5
18 34 12 -22 38 45 I4732 Pl 0.1 13p
18 26 31 +64 58 12 I4733
18 38 50 -57 28 43 I4734 Gx 1.4
18 40 10 -62 56 43 I4735
18 39 02 -57 53 43 I4736 Gx 1.5
18 40 22 -62 35 43 I4737
18 40 52 -61 53 42 I4738
18 41 16 -61 53 42 I4739
18 43 32 -68 21 41 I4740 Gx 1.1
18 42 05 -63 56 42 I4741
18 42 23 -63 51 42 I4742 Gx 1.3
18 41 46 -61 45 42 I4743
18 42 16 -63 13 42 I4744
18 43 05 -64 56 41 I4745 Gx 2.2
18 46 30 -72 39 40 I4746
18 46 30 -72 36 40 I4747
18 43 11 -64 04 41 I4748
18 43 22 -63 12 41 I4749
18 43 28 -62 57 41 I4750
18 43 40 -62 06 41 I4751
18 44 17 -64 04 41 I4752
18 43 58 -62 05 41 I4753
18 44 28 -61 58 41 I4754 Gx 1.4
18 45 29 -63 40 40 I4755
18 39 15 +05 27 17 I4756 OC 52 5p
18 44 20 -57 09 41 I4757 Gx 1.6
18 46 54 -65 44 40 I4758
18 46 10 -63 04 40 I4759 Gx 1.2
18 46 10 -62 56 40 I4760
18 44 18 -52 50 41 I4761 Gx 1.7
18 32 29 +67 50 14 I4762 OC
18 33 30 +67 08 15 I4763
18 47 28 -63 28 40 I4764
18 47 46 -63 19 39 I4765 Gx 3.6
18 47 58 -63 16 39 I4766
18 48 10 -63 23 39 I4767 Gx 1.3
18 42 04 -05 30 42 I4768 OC
18 48 10 -63 09 39 I4769 Gx 2.1
18 48 34 -63 22 39 I4770
18 48 46 -63 14 39 I4771
18 40 04 +40 00 17 I4772 Gx 1.1 15p
18 51 51 -69 54 38 I4773 Gx 1.6
18 48 38 -57 55 39 I4774 Gx 1.1
18 48 50 -57 10 39 I4775 Gx 1.4
18 46 08 -33 20 40 I4776 Pl 0.1 12p
18 48 30 -53 07 39 I4777
18 50 27 -61 42 38 I4778 Gx 1.5
18 50 58 -62 59 38 I4779
18 50 26 -59 13 38 I4780
18 52 10 -62 46 38 I4781
18 51 19 -55 28 38 I4782 Gx 1.6
18 51 56 -58 47 38 I4783
18 53 22 -63 24 37 I4784
18 53 20 -59 14 37 I4785 Gx 2.9
18 53 07 -56 41 37 I4786
18 56 38 -68 40 36 I4787 Gx 1.4
18 55 10 -63 25 36 I4788
18 56 50 -68 33 36 I4789 Gx 1.4
18 57 05 -64 55 36 I4790
18 49 13 +19 20 21 I4791
18 56 07 -56 24 36 I4792
18 57 21 -61 22 35 I4793
18 57 34 -62 04 35 I4794
18 57 39 -61 35 35 I4795
18 56 54 -54 12 36 I4796 Gx 1.6
18 56 54 -54 17 36 I4797 Gx 2.8 11.3
18 58 46 -62 06 35 I4798 Gx 1.9
18 59 23 -63 54 35 I4799
18 59 10 -63 07 35 I4800 Gx 1.7
19 00 05 -64 39 34 I4801 Gx 1.7
18 55 24 -22 41 36 I4802
19 01 04 -62 03 34 I4803
19 01 33 -61 49 34 I4804 Gx 1.5
19 02 28 -63 02 33 I4805
19 01 55 -57 31 33 I4806 Gx 2.1
19 02 43 -56 55 33 I4807 Gx 0.9
19 01 28 -45 18 34 I4808 Gx 2.0
19 04 28 -62 09 32 I4809
19 03 25 -56 09 33 I4810 Gx 3.0
19 06 19 -67 06 32 I4811
19 01 26 -37 03 34 I4812 Nb
19 06 18 -66 30 32 I4813
19 05 26 -58 43 32 I4814
19 07 09 -61 40 31 I4815
19 02 05 -13 08 33 I4816
19 06 37 -56 09 31 I4817 Gx 1.5
19 06 25 -55 07 32 I4818 Gx 1.6
19 07 32 -59 27 31 I4819 Gx 2.7
19 09 40 -63 27 30 I4820 Gx 1.4
19 09 54 -55 00 30 I4821 Gx 1.8
19 15 29 -72 25 28 I4822
19 12 40 -63 59 29 I4823
19 13 39 -62 04 29 I4824 Gx 2.5
19 17 54 -72 44 27 I4825
19 12 43 -57 11 29 I4826 Gx 1.7
19 13 45 -60 51 28 I4827 Gx 2.5
19 14 03 -62 03 28 I4828
19 13 01 -56 31 29 I4829 Gx 2.0
19 14 14 -59 17 28 I4830 Gx 1.7
19 15 09 -62 15 28 I4831 Gx 3.3
19 14 31 -56 36 28 I4832 Gx 2.0
19 16 03 -62 19 28 I4833
19 16 58 -64 00 27 I4834
19 15 56 -58 13 28 I4835
19 16 44 -60 11 27 I4836 Gx 1.1
19 15 42 -54 39 28 I4837 Gx 2.8 12p
19 17 15 -61 36 27 I4838
19 16 00 -54 37 28 I4839 Gx 2.4
19 16 19 -56 12 27 I4840 Gx 1.1
19 21 23 -72 12 25 I4841
19 19 57 -60 38 26 I4842 Gx 2.4 12.3
19 19 44 -59 17 26 I4843
19 19 25 -56 01 26 I4844 Gx 1.6
19 20 50 -60 22 26 I4845 Gx 1.7
19 16 46 -09 02 27 I4846 Pl 13p
19 23 59 -65 30 24 I4847
19 23 13 -56 46 25 I4848
19 25 52 -62 53 24 I4849
19 20 39 -00 07 26 I4850
19 25 55 -57 39 23 I4851 Gx 1.6
19 26 50 -60 19 23 I4852 Gx 1.7
19 31 27 -71 03 21 I4853
19 27 50 -59 17 23 I4854
19 27 56 -59 17 23 I4855
19 27 54 -54 54 23 I4856 Gx 1.0
19 29 02 -58 45 22 I4857 Gx 1.8
19 29 02 -58 45 22 I4858 Gx 1.8
19 31 17 -66 18 21 I4859
19 32 00 -67 21 21 I4860 Gx 1.1
19 29 37 -57 33 22 I4861
19 32 12 -67 18 21 I4862 Gx 1.4
19 28 38 -36 11 22 I4863
19 40 49 -77 32 18 I4864 Gx 1.6
19 31 16 -46 41 21 I4865
19 35 02 -61 08 20 I4866 Gx 1.6
19 26 38 +50 07 37 I4867 Gx 1.0 14p
19 33 52 -45 53 20 I4868
19 36 26 -61 01 19 I4869 Gx 2.3
19 38 05 -65 48 19 I4870 Gx 1.5
19 36 07 -57 30 19 I4871 Gx 3.2
19 36 07 -57 30 19 I4872 Gx 3.2
19 35 16 -46 07 20 I4873
19 36 46 -47 15 19 I4874 Gx 1.4
19 38 05 -52 03 19 I4875 Gx 1.3
19 38 05 -52 50 19 I4876 Gx 1.2
19 38 17 -51 58 18 I4877 Gx 1.1
19 39 13 -58 12 18 I4878
19 40 05 -52 21 18 I4879
19 40 54 -56 24 17 I4880 Gx 1.5
19 40 48 -55 50 17 I4881 Gx 1.5
19 40 48 -55 11 17 I4882 Gx 1.2
19 42 24 -55 32 17 I4883 Gx 1.3
19 43 07 -58 06 17 I4884
19 44 20 -60 38 16 I4885 Gx 2.0
19 43 29 -51 47 16 I4886 Gx 1.5
19 48 49 -69 34 14 I4887
19 45 18 -54 26 16 I4888 Gx 1.3
19 45 42 -54 19 16 I4889 Gx 2.6 12p
19 46 00 -56 32 15 I4890 Gx 1.3
19 45 42 -54 20 16 I4891 Gx 2.8
19 50 02 -70 13 14 I4892 Gx 1.6
19 51 10 -72 30 13 I4893
19 47 23 -51 50 15 I4894 Gx 0.9
19 45 17 -14 47 16 I4895 Gx 10.0 8p
19 49 31 -58 58 14 I4896
19 49 41 -51 51 14 I4897 Gx 1.1
19 48 07 -33 18 15 I4898
19 54 56 -70 35 12 I4899
19 50 41 -51 19 14 I4900
19 54 49 -58 42 12 I4901 Gx 5.0
19 54 48 -56 22 12 I4902
19 58 44 -70 26 11 I4903
19 59 01 -70 10 10 I4904
19 56 32 -61 12 11 I4905
19 57 14 -60 27 11 I4906 Gx 1.7
19 56 35 -52 26 11 I4907
19 57 18 -55 46 11 I4908
19 57 04 -50 02 11 I4909 Gx 2.1
19 58 12 -56 51 11 I4910
19 58 05 -51 57 11 I4911
20 07 29 -77 20 07 I4912 Gx 1.0
19 57 08 -37 19 11 I4913 Gx 1.9
19 58 28 -50 06 11 I4914
19 58 53 -52 37 10 I4915 Gx 1.4
19 58 40 -50 15 11 I4916 Gx 1.3
19 59 17 -52 15 10 I4917 Gx 1.2
19 59 41 -52 16 10 I4918
20 00 36 -55 21 10 I4919 Gx 1.6
20 00 29 -53 22 10 I4920
20 03 47 -67 49 09 I4921
19 59 50 -40 21 10 I4922
20 01 23 -52 37 10 I4923 Gx 1.3
20 00 15 -41 32 10 I4924
20 01 35 -52 50 09 I4925
20 00 32 -38 34 10 I4926
20 02 11 -53 54 09 I4927 Gx 1.3
20 10 52 -77 17 06 I4928
20 07 15 -71 40 07 I4929 Gx 1.3
20 02 47 -54 17 09 I4930
20 01 08 -38 34 10 I4931 Gx 2.6
20 02 41 -52 49 09 I4932
20 03 54 -54 58 09 I4933 Gx 2.5
20 07 43 -69 27 07 I4934
20 05 00 -57 35 08 I4935 Gx 1.5
20 06 20 -61 25 08 I4936 Gx 1.6
20 05 42 -56 14 08 I4937 Gx 2.0
20 06 37 -60 12 08 I4938 Gx 1.9
20 07 38 -60 43 07 I4939
20 06 03 -44 41 08 I4940
20 07 23 -53 38 07 I4941 Gx 1.2
20 07 11 -52 36 07 I4942 Gx 1.3
20 06 52 -48 21 07 I4943 Gx 2.2
20 07 29 -54 26 07 I4944 Gx 1.9
20 11 50 -71 00 06 I4945 Gx 1.0
20 06 21 -44 01 08 I4946
20 07 53 -53 07 07 I4947 Gx 1.2
20 06 51 -43 36 07 I4948
20 07 40 -48 21 07 I4949 Gx 3.0
20 08 48 -56 09 07 I4950 Gx 1.3
20 09 56 -61 50 06 I4951 Gx 2.8
20 09 00 -55 26 07 I4952 Gx 1.3
20 10 32 -62 47 06 I4953
20 05 00 +29 15 52 I4954 Nb 25
20 05 06 +29 11 52 I4955
20 11 51 -45 35 06 I4956 Gx 1.9
20 10 00 -55 42 06 I4957 Gx 1.0
20 16 03 -72 41 04 I4958
20 11 23 -53 05 06 I4959
20 15 55 -70 31 04 I4960 Gx 1.0
20 11 53 -53 07 06 I4961 Gx 1.4
20 16 25 -70 59 04 I4962
20 12 29 -55 14 05 I4963 Gx 2.0
20 17 58 -73 52 03 I4964 Gx 1.3
20 12 54 -56 49 05 I4965 Gx 1.5
20 12 41 -53 35 05 I4966
20 16 55 -70 33 04 I4967 Gx 0.6
20 15 03 -64 46 04 I4968
20 13 17 -53 54 05 I4969 Gx 1.0
20 17 25 -70 44 04 I4970 Gx 0.8 13.9
20 17 31 -70 37 04 I4971
20 18 13 -70 54 03 I4972 Gx 1.0
20 15 00 -58 21 04 I4973
20 15 44 -61 51 04 I4974
20 14 23 -52 42 05 I4975 Gx 1.3
20 15 56 -61 52 04 I4976
20 12 12 -21 37 05 I4977
20 14 59 -54 25 04 I4978
20 15 05 -53 27 04 I4979 Gx 1.3
20 15 54 -57 54 04 I4980 Gx 1.6
20 20 13 -70 50 03 I4981 Gx 0.7
20 20 55 -70 59 02 I4982
20 16 28 -52 04 04 I4983 Gx 1.1
20 16 41 -52 42 04 I4984
20 21 13 -70 58 02 I4985
20 17 35 -55 01 04 I4986 Gx 2.0
20 17 41 -52 16 03 I4987 Gx 1.4
20 22 18 -69 22 02 I4988
20 19 54 -58 32 03 I4989
20 21 58 -66 53 02 I4990
20 18 44 -41 02 03 I4991 Gx 2.5
20 24 02 -71 33 01 I4992 Gx 2.0
20 22 28 -66 59 02 I4993
20 20 05 -53 26 03 I4994 Gx 2.0
20 20 23 -52 36 03 I4995 Gx 1.7
20 16 41 +37 38 56 I4996 OC 6 7.3
20 20 26 +16 45 58 I4997 Pl <0.1 12p
20 22 32 -38 17 02 I4998 Gx 1.7
20 24 12 -26 00 01 I4999 Gx 1.9
