20 22 39 +06 26 58 I5000 Gx 1.5
20 26 41 -54 46 00 I5001 Gx 1.3
20 27 05 -54 47 00 I5002 Gx 1.6
20 25 30 -29 51 01 I5003
20 25 43 -30 51 01 I5004
20 25 36 -25 49 01 I5005 Gx 2.3
20 23 57 +06 27 59 I5006 Gx 1.6 12p
20 25 54 -29 41 01 I5007
20 33 14 -72 40 58 I5008 Gx 1.2
20 33 08 -72 08 58 I5009
20 31 27 -65 53 59 I5010
20 28 55 -36 00 59 I5011 Gx 2.2
20 29 53 -56 43 59 I5012 Gx 1.4
20 28 55 -36 00 59 I5013 Gx 2.2
20 35 51 -73 26 57 I5014
20 28 55 -31 40 59 I5015
20 36 08 -72 53 57 I5016
20 32 30 -57 33 58 I5017 Gx 1.3
20 22 32 -38 17 02 I5018 Gx 1.7
20 31 07 -36 03 59 I5019 Gx 2.0
20 30 55 -33 27 59 I5020 Gx 13p
20 33 53 -54 29 58 I5021
20 41 43 -76 25 55 I5022 Gx 1.2
20 38 34 -67 09 56 I5023
20 40 36 -71 04 56 I5024
20 45 37 -76 57 54 I5025 Gx 1.3
20 49 09 -78 02 53 I5026 Gx 2.5
20 41 29 -55 27 55 I5027
20 43 51 -65 37 54 I5028 Gx 1.4
20 40 36 -29 48 55 I5029 ?
20 40 54 -29 49 55 I5030
20 45 46 -67 30 54 I5031 ?
20 45 52 -67 30 54 I5032
20 44 11 -57 17 54 I5033
20 44 05 -57 00 54 I5034 Gx 1.6
20 44 41 -57 06 54 I5035
20 45 05 -57 35 54 I5036
20 46 00 -58 24 54 I5037
20 47 20 -64 59 53 I5038
20 43 30 -29 49 55 I5039 Gx 2.5 12.6
20 52 54 -76 38 52 I5040
20 43 54 -29 40 54 I5041 Gx 3.0
20 48 14 -65 03 53 I5042
20 47 05 -56 57 53 I5043
20 51 06 -71 55 52 I5044
20 51 12 -71 56 52 I5045
20 43 30 -29 49 55 I5046 Gx 1.9
20 43 54 -29 40 54 I5047 Gx 3.0
20 52 06 -71 46 52 I5048
20 47 43 -38 23 53 I5049 Gx 1.2
20 45 34 -05 37 54 I5050 Gx 1.0 14p
20 52 48 -71 45 52 I5051
20 52 34 -69 10 52 I5052 Gx 5.8 12p
20 54 06 -71 06 51 I5053 Gx 1.9
20 54 11 -70 59 51 I5054 Gx 1.8
20 53 22 -68 25 51 I5055
20 49 19 -39 09 53 I5056
20 47 27 +00 20 07 I5057 S*
20 47 39 +00 30 07 I5058 S*
20 51 41 -57 39 52 I5059
20 55 06 -71 36 51 I5060
20 47 51 +00 21 07 I5061 T*
20 48 28 -08 20 53 I5062 D*
20 52 23 -57 03 52 I5063 Gx 1.9 12.0
20 52 59 -57 12 51 I5064 Gx 1.6
20 52 06 -29 49 52 I5065 Gx 1.2
20 57 37 -73 07 50 I5066
20 47 59 +44 23 07 I5067
20 50 59 +42 32 08 I5068 Nb 80
21 00 30 -71 46 49 I5069
20 50 59 +44 22 08 I5070 Nb 80
21 01 48 -72 37 49 I5071 Gx 3.5
21 02 31 -72 57 49 I5072
21 03 48 -72 39 48 I5073 Gx 1.2
21 01 19 -63 06 49 I5074
21 04 59 -71 49 48 I5075
20 56 04 +47 26 10 I5076 Nb 9
21 09 31 -73 37 46 I5077
21 02 53 -16 47 48 I5078 Gx 4.0
21 05 52 -56 13 47 I5079 OC
21 02 44 +19 14 12 I5080 Gx 16p
21 03 14 +19 13 12 I5081
21 04 58 -12 19 48 I5082
21 04 02 +11 47 12 I5083 Gx 15p
21 09 36 -63 15 46 I5084 Gx 1.6
21 13 55 -74 04 45 I5085
21 08 48 -29 44 47 I5086 Gx 2.0
21 14 49 -73 44 45 I5087 Gx 1.4
21 09 41 -22 51 46 I5088 Gx 1.8
21 11 16 -03 49 46 I5089
21 11 52 -02 00 46 I5090 Gx 1.1 14p
21 18 10 -70 37 44 I5091
21 16 37 -64 26 44 I5092 Gx 2.9
21 19 16 -70 36 44 I5093
21 18 13 -66 24 44 I5094 Gx 1.4
21 17 41 -59 54 44 I5095
21 18 48 -63 44 44 I5096 Gx 3.0
21 15 15 +04 28 15 I5097 T*
21 15 15 +04 30 15 I5098 D*
21 22 22 -70 58 43 I5099
21 22 07 -65 54 43 I5100 Gx 1.7
21 22 19 -65 48 43 I5101 Gx 1.4
21 26 47 -73 17 41 I5102
21 29 42 -74 02 41 I5103 Gx 1.4
21 21 44 +21 15 17 I5104 Gx 1.8 14p
21 24 43 -40 35 42 I5105 Gx 2.5 11.5
21 29 03 -70 48 41 I5106 Gx 1.3
21 28 42 -65 42 41 I5107
21 33 22 -72 38 40 I5108 Gx 1.4
21 34 23 -74 04 39 I5109
21 30 58 -59 57 40 I5110
21 28 27 +02 30 19 I5111 Gx 0.8 15p
21 29 45 +06 48 19 I5112 OC
21 29 57 +06 50 19 I5113 OC
21 34 24 -36 37 39 I5114 Gx 2.0
21 30 45 +11 48 20 I5115
21 37 33 -70 57 39 I5116
21 32 41 +44 36 20 I5117 Pl 0.1 13p
21 40 45 -71 21 38 I5118
21 34 14 +21 50 21 I5119 Gx 1.0 15p
21 39 11 -64 19 38 I5120 Gx 2.1
21 41 41 -63 53 38 I5121 Gx 1.7
21 40 05 -22 22 38 I5122
21 45 15 -72 23 37 I5123 Gx 1.9
21 40 11 -22 24 38 I5124
21 42 08 -52 44 37 I5125 Gx 1.4
21 40 22 -05 20 38 I5126
21 40 03 +06 15 22 I5127
21 43 00 -38 58 37 I5128
21 48 11 -65 21 36 I5129
21 50 52 -73 58 35 I5130 Gx 2.4
21 47 42 -34 51 36 I5131 Gx 1.6 12.4
21 42 25 +66 09 23 I5132
21 42 31 +66 10 23 I5133
21 43 07 +66 07 23 I5134
21 48 36 -34 55 36 I5135 Gx 1.3 12.3
21 49 06 -33 37 36 I5136
21 51 59 -65 33 35 I5137
21 53 54 -68 55 35 I5138
21 50 42 -30 58 35 I5139 Gx 2.2
21 54 42 -67 18 34 I5140 Gx 1.9
21 53 39 -59 28 35 I5141 Gx 1.8
21 55 41 -65 29 34 I5142 Gx 1.4
21 56 37 -49 01 34 I5143
21 54 08 +15 07 25 I5144
21 54 26 +15 14 25 I5145
21 53 36 +47 17 25 I5146 CN 12 7.2
21 59 47 -65 25 33 I5147 Gx 1.4
21 59 48 -39 21 33 I5148 Pl 2.0
21 58 59 -27 21 33 I5149
21 59 30 -39 23 33 I5150
21 59 09 +03 46 27 I5151 Gx 15p
22 03 13 -51 15 33 I5152 Gx 4.5 12p
22 00 38 +17 52 27 I5153 ?
22 04 59 -66 05 32 I5154
22 02 21 +00 31 27 I5155 S*
22 03 36 -33 48 33 I5156 Gx 13p
22 03 42 -34 54 32 I5157 Gx 2.1
22 06 47 -67 29 32 I5158 Gx 1.1
22 02 57 +00 22 27 I5159 S*
22 03 27 +10 57 27 I5160 Gx 1.1 15p
22 05 51 +09 35 28 I5161
22 08 25 -52 41 31 I5162
22 06 02 +27 06 28 I5163
22 06 14 +27 04 28 I5164
22 10 28 -64 33 31 I5165 Gx 1.4
22 06 20 +27 05 28 I5166
22 07 46 -08 06 32 I5167 S*
22 09 05 -27 49 31 I5168 Gx 1.3
22 10 30 -36 03 31 I5169 Gx 2.2
22 12 49 -47 11 31 I5170 Gx 1.8
22 11 13 -46 03 31 I5171 Gx 2.8
22 10 09 +12 50 29 I5172 Gx 16p
22 15 11 -69 20 30 I5173 Gx 1.6
22 13 00 -38 08 31 I5174 Gx 0.8
22 13 00 -38 06 31 I5175
22 15 16 -66 49 30 I5176 Gx 4.7
22 11 51 +11 49 29 I5177 Gx 1.6 15p
22 12 47 -22 55 31 I5178 Gx 1.4
22 16 24 -36 48 30 I5179 Gx 2.3 11.9
22 11 19 +38 56 29 I5180 Gx 1.1 15p
22 13 42 -46 00 30 I5181 Gx 2.8 11.7
22 16 28 -65 25 30 I5182
22 15 42 -35 48 30 I5183
22 16 24 -36 49 30 I5184 Gx 2.6
22 18 10 -65 49 30 I5185
22 19 06 -36 46 29 I5186 Gx 1.5
22 18 38 -59 35 29 I5187
22 18 44 -59 36 29 I5188 Gx 1.5
22 16 28 -04 58 30 I5189 S*
22 19 20 -59 51 29 I5190 Gx 1.6
22 15 13 +37 19 30 I5191 Gx 0.8
22 15 25 +37 17 30 I5192 Gx 0.2
22 15 55 +37 16 30 I5193 Gx
22 17 22 -15 55 30 I5194 Gx 0.2
22 15 55 +37 19 30 I5195 Gx
22 20 34 -65 22 29 I5196
22 20 08 -60 06 29 I5197 Gx 1.3
22 17 58 -15 38 30 I5198
22 19 48 -37 30 29 I5199 Gx 1.6
22 22 40 -65 43 29 I5200
22 21 42 -46 02 29 I5201 Gx 8.5 11p
22 23 15 -65 46 29 I5202 Gx 1.4
22 22 56 -59 44 29 I5203 Gx 1.6
22 20 58 -14 22 29 I5204
22 23 08 -59 46 29 I5205
22 24 28 -66 49 28 I5206 Gx 1.2
22 23 50 -60 32 29 I5207 Gx 1.6
22 24 57 -65 12 28 I5208 Gx 1.3
22 23 24 -37 57 29 I5209
22 22 46 -18 50 29 I5210 Gx 1.6
22 22 58 -18 51 29 I5211
22 23 48 -38 00 29 I5212 Gx 1.4
22 25 20 -60 27 28 I5213
22 23 59 -27 26 29 I5214
22 27 21 -65 54 28 I5215
22 24 58 -18 03 28 I5216
22 24 06 +50 59 32 I5217 Pl 0.1 13p
22 28 26 -60 22 28 I5218 Gx 1.4
22 29 03 -65 50 28 I5219
22 28 32 -59 41 28 I5220
22 29 15 -65 51 28 I5221
22 30 15 -65 38 27 I5222 Gx 1.7
22 30 03 +07 59 33 I5223 Gx 1.1 16p
22 30 48 -45 58 27 I5224 Gx 1.4
22 31 47 -25 20 27 I5225
22 31 59 -24 38 27 I5226
22 34 27 -64 40 27 I5227 Gx 1.5
22 32 40 -14 06 27 I5228 Gx 1.9 13p
22 35 08 -61 21 27 I5229
22 35 56 -61 30 27 I5230
22 34 14 +23 22 33 I5231 Gx 0.4 15p
22 38 09 -68 50 26 I5232
22 36 50 +25 47 34 I5233 Gx 1.1 15p
22 40 32 -65 46 26 I5234
22 41 45 -66 32 26 I5235
22 41 51 -66 34 26 I5236
22 42 35 -30 01 25 I5237 Gx 4.0
22 41 49 -60 43 26 I5238
22 31 23 -38 00 27 I5239 Gx 1.6
22 42 12 -44 46 26 I5240 Gx 3.2 12p
22 41 45 +02 39 34 I5241 Gx 1.0 15p
22 41 26 +23 25 34 I5242 Gx 1.0 15p
22 41 38 +23 24 34 I5243 Gx 0.7
22 44 32 -64 01 25 I5244 Gx 3.3
22 45 26 -65 18 25 I5245
22 46 56 -64 52 25 I5246
22 47 14 -65 15 25 I5247
22 44 57 -00 19 25 I5248
22 47 26 -64 48 25 I5249 Gx 3.7
22 47 38 -65 01 25 I5250 Gx 3.8
22 45 21 +11 10 35 I5251 S*
22 48 27 -68 52 25 I5252 Gx 1.2
22 45 39 +21 50 35 I5253 Gx 1.0 15p
22 46 15 +21 08 35 I5254
22 46 02 +36 15 35 I5255
22 50 09 -68 40 24 I5256 Gx 1.1
22 52 38 -67 24 24 I5257
22 51 45 +23 03 36 I5258 Gx 0.4 14p
22 53 02 +36 44 36 I5259
22 54 35 -39 17 24 I5260 Gx 1.5
22 54 40 -20 20 24 I5261 Gx 1.7
22 55 29 -33 48 24 I5262
22 58 32 -69 01 23 I5263 Gx 1.2
22 57 11 -36 31 24 I5264 Gx 2.7
22 57 29 -36 26 24 I5265 Gx 6.0
22 58 37 -65 06 23 I5266 Gx 1.5
22 57 29 -43 22 24 I5267 Gx 5.0 10.5
22 56 26 +36 37 36 I5268
22 57 59 -36 00 23 I5269 Gx 2.5 13p
22 58 11 -35 49 23 I5270 Gx 3.2
22 58 17 -33 43 23 I5271 Gx 13p
22 59 55 -65 09 23 I5272
22 59 47 -37 40 23 I5273 Gx 2.9 11.5
22 58 45 +18 56 37 I5274 Gx 1.1 15p
22 58 51 +18 53 37 I5275
22 58 57 +18 50 37 I5276 Gx 15p
23 02 13 -65 10 23 I5277
23 00 52 -08 06 23 I5278
23 03 20 -69 11 23 I5279 Gx 1.8
23 04 07 -65 11 23 I5280 Gx 1.7
23 02 39 +27 03 37 I5281
23 02 57 +21 54 37 I5282 Gx 1.5 15p
23 03 33 +08 55 37 I5283 Gx 0.9 13.8
23 07 03 +19 08 38 I5284 Gx 1.3
23 07 09 +22 57 38 I5285 Gx 1.9
23 10 07 -68 14 22 I5286
23 09 39 +00 46 38 I5287 Gx 1.1 15p
23 12 01 -68 04 22 I5288 Gx 1.8
23 11 10 -32 31 22 I5289
23 13 10 -23 26 22 I5290 Gx 1.8
23 13 57 +09 14 38 I5291 Gx 16p
23 14 03 +13 42 38 I5292 Gx 15p
23 14 57 +25 09 38 I5293 Gx 16p
23 16 29 -42 33 22 I5294 Gx 3.2
23 15 45 +25 08 38 I5295 Gx 16p
23 15 57 +25 07 38 I5296 Gx 1.0 15p
23 16 15 +25 02 38 I5297 Gx 16p
23 16 21 +25 34 38 I5298 Gx 0.6 15p
23 16 33 +20 52 38 I5299
23 16 51 +20 50 38 I5300 Gx 16p
23 19 07 -69 32 21 I5301
23 19 54 -64 32 21 I5302 Gx 1.3
23 18 09 +00 17 39 I5303 D*
23 18 28 -10 16 21 I5304
23 18 15 +10 17 39 I5305 Gx 0.4 15p
23 18 21 +10 16 39 I5306
23 18 27 +10 14 39 I5307 Gx 0.6 16p
23 19 34 -42 14 21 I5308 Gx 4.9 12p
23 19 27 +08 00 39 I5309
23 21 04 -22 07 21 I5310
23 20 51 +17 17 39 I5311 S*
23 21 15 +19 20 39 I5312
23 22 16 -42 27 21 I5313 Gx 2.5
23 21 21 +19 18 39 I5314 Gx 0.5 15p
23 21 33 +25 23 39 I5315 Gx 1.0 15p
23 22 09 +21 14 39 I5316
23 23 39 +21 10 39 I5317 Gx 15p
23 24 16 -11 51 21 I5318 Gx 0.9 14p
23 25 03 +14 01 39 I5319
23 27 42 -67 43 21 I5320
23 26 34 -17 56 21 I5321 Gx 1.0 14p
23 27 48 -67 43 21 I5322
23 27 54 -67 47 21 I5323 Gx 1.6
23 28 36 -67 47 21 I5324 Gx 1.3
23 28 58 -41 17 21 I5325 Gx 2.5 12p
23 29 46 -28 46 21 I5326 Gx 0.8 14p
23 30 34 -13 33 21 I5327
23 33 28 -45 00 20 I5328 Gx 2.5 12p
23 33 33 +21 15 40 I5329 Gx 1.8 16p
23 33 45 -02 50 20 I5330
23 33 45 +21 09 40 I5331 Gx 1.1 15p
23 34 46 -36 04 20 I5332 Gx 6.6 10.6
23 35 11 -65 22 20 I5333 Gx 1.5
23 34 57 -04 29 20 I5334 Gx 1.5 14p
23 36 05 -67 22 20 I5335 Gx 1.3
23 36 33 +21 06 40 I5336
23 36 39 +21 10 40 I5337 Gx 0.9
23 36 45 +21 10 40 I5338 Gx 1.1 13.8
23 38 23 -68 25 20 I5339 Gx 1.2
23 38 51 -04 50 20 I5340
23 38 39 +27 00 40 I5341 Gx
23 38 51 +27 02 40 I5342 Gx 0.4
23 39 40 -22 29 20 I5343 Gx 0.6 14p
23 39 33 -04 56 20 I5344
23 39 52 -22 23 20 I5345 Gx 0.5 14p
23 41 15 +24 58 40 I5346 Gx 16p
23 41 45 +24 54 40 I5347 Gx 16p
23 45 16 -42 53 20 I5348 Gx 1.9
23 46 34 -27 58 20 I5349 Gx 0.6 15p
23 47 28 -27 56 20 I5350 Gx 0.3 15p
23 47 33 -02 16 20 I5351
23 47 39 -02 14 20 I5352
23 47 46 -28 05 20 I5353 Gx 1.6
23 47 46 -28 06 20 I5354
23 47 27 +32 49 40 I5355 Gx 1.1 14p
23 47 45 -02 17 20 I5356 Gx 0.3 15p
23 47 39 -02 16 20 I5357
23 47 58 -28 06 20 I5358 Gx 2.6
23 47 57 -02 15 20 I5359 Gx 1.0 15p
23 48 10 -37 02 20 I5360
23 51 39 -13 21 20 I5361 Gx 0.4 14p
23 51 52 -28 20 20 I5362 Gx 1.5
23 52 27 -28 36 20 I5363
23 56 27 -29 02 20 I5364
23 57 51 -36 59 20 I5365
23 57 57 +52 48 40 I5366 ?
23 58 57 +22 27 40 I5367
23 59 33 +06 53 40 I5368
24 00 03 +32 42 40 I5369
00 00 21 +32 46 40 I5370 Gx 0.7 15p
00 00 27 +32 50 40 I5371
00 00 39 +32 48 40 I5372 Gx 0.7 15p
00 00 39 +32 48 40 I5373 Gx 0.7 15p
00 01 21 +04 31 40 I5374
00 01 21 +04 32 40 I5375 Gx 0.9 14p
00 01 39 +34 33 40 I5376 Gx 2.1 15p
00 02 21 +16 37 40 I5377 Gx 1.3 16p
00 02 51 +16 38 40 I5378
00 02 57 +16 36 40 I5379
00 02 57 -66 09 20 I5380
00 03 27 +15 59 40 I5381 Gx 1.5
00 03 39 -65 09 20 I5382
00 04 03 +16 01 40 I5383
00 04 27 -11 56 20 I5384 Gx 0.8 15p
00 06 39 -00 02 20 I5385
00 06 45 -03 41 20 I5386
