09 25 11 +26 45 42 NGC 2862 GALXY12.8
09 25 58 +11 24 42 NGC 2871 NONEX
09 26 04 +11 24 42 NGC 2872 GALXY11.9
09 26 10 +11 24 42 NGC 2874 GALXY12.5
09 26 10 +11 25 42 NGC 2873 GALXY15.5
09 26 10 +11 23 42 NGC 2875 NONEX
09 26 46 +07 54 41 NGC 2882 GALXY12.6
09 29 40 +07 41 41 NGC 2894 GALXY12.4
09 29 53 +22 55 41 NGC 2885 GALXY
09 30 36 +29 30 40 NGC 2893 GALXY13.2
09 30 35 +23 37 40 NGC 2896 GALXY15.0
09 32 29 +21 27 40 NGC 2903 GALXY 9
09 32 28 +08 24 40 NGC 2906 GALXY12.7
09 32 29 +21 29 40 NGC 2905 NONEX
09 32 42 +31 05 40 NGC 2901 NONEX
09 33 58 +10 07 40 NGC 2911 GALXY11.5
09 33 58 +10 07 40 NGC 2912 GALXY
09 34 16 +09 26 39 NGC 2913 GALXY13.1
09 34 16 +10 04 39 NGC 2914 GALXY13.1
09 34 58 +10 14 39 NGC 2919 GALXY12.9
09 35 11 +21 40 39 NGC 2916 GALXY12.1
09 36 06 +31 40 39 NGC 2918 GALXY12.6
09 36 17 +16 43 39 NGC 2923 GALXY15.0
09 37 29 +23 33 39 NGC 2927 GALXY12.9
09 37 35 +16 56 39 NGC 2928 GALXY15.0
09 37 41 +23 07 39 NGC 2929 GALXY13.7
09 37 48 +32 48 39 NGC 2926 GALXY13.4
09 37 47 +23 10 39 NGC 2930 GALXY14.1
09 37 53 +23 12 39 NGC 2931 GALXY15.0
09 38 17 +16 59 38 NGC 2933 GALXY15.0
09 38 17 +16 59 38 NGC 2934 GALXY15.0
09 38 22 +09 29 38 NGC 2939 GALXY12.4
09 38 22 +09 34 38 NGC 2940 GALXY13.5
09 38 41 +17 01 38 NGC 2941 GALXY15.0
09 38 53 +17 00 38 NGC 2943 GALXY12.4
09 39 10 +06 55 38 NGC 2948 GALXY12.9
09 39 23 +16 59 38 NGC 2946 GALXY13.9
09 39 36 +32 16 38 NGC 2944 GALXY14.0
09 40 17 +16 45 38 NGC 2949 GALXY15.5
09 40 40 +14 48 38 NGC 2953 NONEX
09 40 46 +14 53 38 NGC 2954 GALXY12.4
09 40 52 +11 51 38 NGC 2958 GALXY13.2
09 43 12 +31 49 37 NGC 2964 GALXY11.3
09 43 30 +31 54 37 NGC 2968 GALXY11.7
09 43 48 +31 57 37 NGC 2970 GALXY13.6
09 43 52 +11 02 37 NGC 2984 GALXY13.4
09 45 18 +31 04 37 NGC 2981 GALXY13.6
09 47 05 +21 59 36 NGC 2991 GALXY12.6
09 47 05 +21 59 36 NGC 2988 GALXY14.5
09 47 29 +22 04 36 NGC 2994 GALXY13.1
09 48 16 +13 15 36 PK221+45.1PLNNB
09 48 24 +33 00 36 Mrk 408 GALXY13.9
09 49 58 +12 40 36 NGC 3016 GALXY12.9
09 50 00 +32 11 36 NGC 3011 GALXY13.3
09 50 16 +12 42 35 NGC 3019 GALXY15.0
09 50 22 +12 47 35 NGC 3020 GALXY11.9
09 50 36 +31 27 35 UGC 5272 GALXY14.1
09 50 46 +12 44 35 NGC 3024 GALXY13.1
09 51 11 +28 31 35 NGC 3026 GALXY13.0
09 52 23 +29 12 35 NGC 3032 GALXY12.5
09 53 17 +19 24 35 NGC 3040 GALXY14.2
09 53 22 +16 39 35 NGC 3041 GALXY11.5
09 55 04 +09 14 34 NGC 3049 GALXY12.1
09 55 16 +16 26 34 NGC 3048 GALXY15.2
09 55 52 +16 24 34 NGC 3053 GALXY12.7
09 56 40 +16 49 34 NGC 3060 GALXY13.0
09 56 59 +28 48 34 UGC 5340 GALXY14.5
09 58 10 +10 25 34 NGC 3069 GALXY14.1
09 58 16 +10 20 34 NGC 3070 GALXY12.3
09 58 42 +32 20 34 NGC 3067 GALXY12.1
09 58 47 +28 51 34 NGC 3068 GALXY15.1
09 59 11 +31 35 33 NGC 3071 GALXY14.3
09 59 16 +14 23 33 NGC 3075 GALXY13.6
09 59 41 +30 43 33 UGC 5364 GALXY12.6
10 00 10 +13 01 33 NGC 3080 GALXY13.4
10 01 23 +22 22 33 NGC 3088A GALXY14.7
10 01 23 +22 22 33 NGC 3088B GALXY15.4
10 01 46 +15 45 33 NGC 3094 GALXY12.3
10 02 35 +24 41 33 NGC 3098 GALXY12.0
10 03 34 +13 36 33 NGC 3107 GALXY13.4
10 04 40 +13 35 32 UGC 5425 GALXY13.4
10 06 52 +14 17 32 NGC 3119 GALXY15.3
10 07 04 +14 21 32 NGC 3121 GALXY12.6
10 07 46 +12 14 32 IC 591 GALXY13.1
10 08 28 +09 57 31 NGC 3130 GALXY13.4
10 08 40 +12 16 31 UGC 5470 GALXY10.2
10 08 40 +18 23 31 NGC 3129 NONEX
10 08 58 +18 13 31 NGC 3131 GALXY13.0
10 09 46 +12 18 31 NGC 3134 NONEX
10 13 10 +12 38 31 NGC 3153 GALXY12.6
10 13 22 +17 01 30 NGC 3154 GALXY14.3
10 13 47 +22 42 30 NGC 3162 GALXY11.6
10 14 10 +06 59 30 UGC 5522 GALXY12.6
10 16 52 +21 05 30 NGC 3177 GALXY12.4
10 17 53 +21 39 30 NGC 3185 GALXY12.2
10 17 52 +06 55 30 NGC 3186 GALXY15.0
10 18 05 +21 50 30 NGC 3187 GALXY13.4
10 18 23 +21 48 30 NGC 3190 GALXY11.1
10 18 29 +21 48 30 NGC 3189 NONEX
10 18 41 +21 52 29 NGC 3193 GALXY10.9
10 19 05 +27 38 29 NGC 3196 GALXY15.7
10 20 29 +27 47 29 NGC 3204 GALXY13.5
10 20 53 +25 27 29 NGC 3209 GALXY12.7
10 21 11 +25 20 29 UGC 5588 GALXY14.0
10 21 34 +19 37 29 NGC 3213 GALXY13.5
10 21 40 +10 51 29 NGC 3217 NONEX
10 21 59 +23 52 29 NGC 3216 GALXY13.4
10 22 34 +21 32 29 NGC 3221 GALXY13.1
10 22 52 +19 51 29 NGC 3222 GALXY12.8
10 23 40 +19 51 29 NGC 3226 GALXY11.4
10 23 46 +19 50 29 NGC 3227 GALXY10.3
10 23 58 +12 31 29 NGC 3230 GALXY12.8
10 24 58 +14 43 28 UGC 5633 GALXY13.7
10 25 11 +26 59 28 NGC 3234 NONEX
10 25 22 +17 08 28 NGC 3239 GALXY11.3
10 28 04 +22 48 28 NGC 3248 GALXY12.4
10 28 46 +12 40 28 NGC 3253 GALXY13.6
10 29 35 +26 03 28 NGC 3251 GALXY13.3
10 31 47 +24 49 27 NGC 3270 GALXY13.1
10 32 35 +27 38 27 NGC 3274 GALXY12.8
10 34 52 +11 10 27 NGC 3279 GALXY13.4
10 35 04 +21 37 27 NGC 3287 GALXY12.3
10 36 40 +12 40 26 NGC 3299 GALXY12.8
10 36 52 +14 08 26 NGC 3300 GALXY12.1
10 37 10 +21 51 26 NGC 3301 GALXY11.4
10 37 22 +18 06 26 NGC 3303 GALXY14.5
10 37 28 +12 37 26 NGC 3306 GALXY13.5
10 39 58 +09 11 26 NGC 3328 NONEX
10 40 40 +09 09 26 NGC 3332 GALXY12.3
10 41 28 +06 20 26 MCG +01-27GALXY12.5
10 42 22 +13 43 26 NGC 3338 GALXY11.1
10 42 40 +07 54 25 NGC 3436 GALXY
10 42 58 +09 24 25 NGC 3342 1STAR
10 43 22 +20 23 25 UGC 5833 GALXY14.8
10 43 52 +11 57 25 NGC 3345 2STAR
10 43 58 +14 50 25 NGC 3346 GALXY11.7
10 44 04 +06 43 25 NGC 3349 GALXY15.2
10 44 16 +11 40 25 NGC 3351 GALXY09.7
10 44 28 +06 43 25 NGC 3356 GALXY13.3
10 44 34 +22 20 25 NGC 3352 GALXY12.6
10 44 40 +14 03 25 NGC 3357 GALXY12.6
10 45 04 +06 34 25 NGC 3362 GALXY12.8
10 45 34 +22 02 25 NGC 3363 GALXY13.3
10 46 52 +13 43 25 NGC 3367 GALXY11.5
10 47 04 +11 47 25 NGC 3368 GALXY09.3
10 47 16 +13 46 25 NGC 3371 1STAR
10 47 22 +17 14 25 NGC 3370 GALXY11.6
10 47 28 +13 38 25 NGC 3373 1STAR
10 47 34 +14 02 25 NGC 3377A GALXY13.6
10 47 58 +13 57 25 NGC 3377 GALXY10.4
10 48 04 +12 33 25 NGC 3379 GALXY09.3
10 48 34 +12 36 25 NGC 3384 GALXY09.9
10 48 34 +08 34 25 NGC 3388 NONEX
10 48 46 +12 30 25 NGC 3389 GALXY11.9
10 49 10 +14 11 25 NGC 3391 GALXY12.9
10 49 40 +16 11 25 NGC 3399 GALXY12.8
10 49 58 +16 12 24 NGC 3405 GALXY14.4
10 50 46 +19 37 24 UGC 5947 GALXY14.5
10 51 10 +13 23 24 NGC 3412 GALXY10.5
10 51 10 +09 13 24 NGC 3429 GALXY
10 51 16 +08 27 24 NGC 3417 GALXY15.3
10 51 34 +13 55 24 NGC 3419 GALXY12.5
10 51 34 +13 59 24 NGC 3419A GALXY14.1
10 51 40 +08 32 24 NGC 3425 GALXY13.1
10 51 40 +09 15 24 NGC 3428 GALXY13.1
10 51 40 +08 16 24 NGC 3427 GALXY13.2
10 51 52 +18 26 24 NGC 3426 GALXY13.1
10 52 16 +03 46 24 NGC 3434 GALXY12.1
10 52 22 +10 07 24 NGC 3433 GALXY11.6
10 52 40 +10 32 24 NGC 3438 GALXY13.3
10 52 40 +08 32 24 NGC 3439 GALXY15.2
10 52 46 +07 12 24 NGC 3441 GALXY13.5
10 52 52 +22 54 24 NGC 3437 GALXY12.1
10 53 16 +17 32 24 NGC 3443 GALXY13.1
10 53 16 +10 11 24 NGC 3444 GALXY14.7
10 53 40 +16 44 24 NGC 3447 GALXY12.6
10 53 46 +16 45 24 NGC 3447A GALXY14.3
10 54 46 +17 15 24 NGC 3455 GALXY12.0
10 54 46 +17 19 24 NGC 3454 GALXY13.5
10 54 58 +17 35 24 NGC 3457 GALXY12.6
10 55 04 +17 34 24 NGC 3460 NONEX13.0
10 55 10 +17 37 24 NGC 3461 GALXY
10 55 34 +07 40 24 NGC 3462 GALXY12.2
10 56 34 +09 43 24 NGC 3466 GALXY13.6
10 56 58 +09 44 24 NGC 3467 GALXY13.4
10 58 16 +17 05 23 NGC 3473 GALXY13.6
10 58 22 +09 15 23 NGC 3476 GALXY13.8
10 58 22 +17 03 23 NGC 3474 GALXY13.9
10 58 28 +09 11 23 NGC 3477 GALXY15.7
10 58 34 +24 12 23 NGC 3475 GALXY13.1
10 59 10 +09 19 23 NGC 3480 NONEX
11 00 10 +09 20 23 NGC 3490 GALXY13.8
11 00 16 +14 48 23 NGC 3485 GALXY11.8
11 00 34 +13 52 23 NGC 3489 GALXY10.3
11 00 52 +12 08 23 NGC 3491 GALXY13.2
11 00 58 +17 33 23 NGC 3487 GALXY14.6
11 01 10 +10 28 23 NGC 3492 GALXY13.1
11 01 27 +03 41 23 NGC 3494 NONEX
11 01 33 +03 36 23 NGC 3495 GALXY11.8
11 02 04 +16 34 23 UGC 6104 GALXY13.7
11 02 10 +14 21 23 NGC 3498 3STAR
11 02 46 +16 42 23 UGC 6112 GALXY13.3
11 03 10 +17 57 23 NGC 3501 GALXY12.9
11 03 28 +11 03 23 NGC 3506 GALXY12.5
11 03 46 +18 06 23 NGC 3507 GALXY10.9
11 04 33 -06 29 37 NGC 3518 GALXY
11 04 40 +04 48 23 NGC 3509 GALXY12.7
11 06 03 -00 03 37 NGC 3521 GALXY 9
11 06 34 +17 28 23 UGC 6157 GALXY14.2
11 06 46 +11 22 23 NGC 3524 GALXY12.8
11 06 52 +20 02 22 NGC 3522 GALXY13.1
11 07 10 +07 08 22 NGC 3531 NONEX
11 07 16 +07 08 22 NGC 3526 GALXY13.2
11 07 28 +18 32 22 UGC 6171 GALXY13.9
11 08 46 +04 48 22 NGC 3535 GALXY13.5
11 08 58 +26 34 22 NGC 3534A GALXY15.4
11 08 58 +26 33 22 NGC 3534B GALXY15.6
11 09 52 +21 41 22 NGC 3551 GALXY15.0
11 09 58 +21 42 22 NGC 3555 GALXY12.8
11 10 10 +10 41 22 NGC 3547 GALXY12.8
11 10 58 +11 59 22 NGC 3559 GALXY12.7
11 10 58 +11 09 22 NGC 3560 1STAR
11 11 34 +05 48 22 NGC 3567 GALXY13.3
11 11 40 +26 56 22 NGC 3563A GALXY14.6
11 11 40 +26 56 22 NGC 3563B GALXY14.6
11 12 22 +27 33 22 NGC 3570 GALXY13.5
11 12 28 +27 35 22 NGC 3574 GALXY14.8
11 13 22 +22 38 22 NGC 3575 NONEX
11 13 33 +03 38 22 NGC 3580 GALXY14.0
11 13 46 +22 08 22 UGC 6253 GALXY12.0
11 14 16 +20 22 22 NGC 3588 GALXY15.3
11 14 40 +17 14 22 NGC 3592 GALXY13.7
11 14 52 +12 47 22 NGC 3593 GALXY10.9
11 15 22 +14 45 22 NGC 3596 GALXY11.3
11 15 28 +17 14 22 NGC 3598 GALXY12.3
11 15 40 +18 05 22 NGC 3599 GALXY11.9
11 15 45 +05 05 22 NGC 3601 GALXY13.8
11 16 04 +17 23 22 NGC 3602 GALXY15.7
11 16 33 +04 29 22 NGC 3604 NONEX
11 17 04 +17 59 22 NGC 3605 GALXY12.3
11 17 10 +18 01 22 NGC 3607 GALXY09.9
11 17 16 +18 07 22 NGC 3608 GALXY10.8
11 17 45 +04 31 22 NGC 3611 GALXY12.1
11 18 04 +26 36 21 NGC 3609 GALXY13.1
11 18 16 +23 22 21 NGC 3615 GALXY12.8
11 18 28 +26 36 21 NGC 3612 GALXY14.2
11 18 28 +14 42 21 NGC 3616 NONEX
11 18 46 +23 27 21 NGC 3618 GALXY13.6
11 19 04 +07 30 21 NGC 3624 GALXY13.9
11 19 10 +13 03 21 NGC 3623 GALXY09.3
11 20 22 +18 19 21 NGC 3626 GALXY11.0
11 20 28 +12 57 21 NGC 3627 GALXY08.9
11 20 27 +02 30 21 UGC 6345 GALXY13.4
11 20 34 +13 34 21 NGC 3628 GALXY09.5
11 20 33 +02 56 21 NGC 3630 GALXY11.9
11 20 39 +03 33 21 NGC 3633 GALXY13.6
11 20 46 +26 56 21 NGC 3629 GALXY12.1
11 20 46 +18 07 21 NGC 3632 NONEX
11 21 21 +03 12 21 NGC 3640 GALXY10.4
11 21 27 +03 10 21 NGC 3641 GALXY13.2
11 21 39 +02 59 21 NGC 3643 GALXY14.1
11 21 46 +18 26 21 NGC 3639 GALXY13.6
11 21 45 +02 47 21 NGC 3644 GALXY13.7
11 21 51 +02 57 21 NGC 3645 GALXY15.5
11 21 51 +02 52 21 NGC 3647 GALXY15.6
11 21 58 +20 08 21 NGC 3646 GALXY11.1
11 22 28 +20 11 21 NGC 3649 GALXY13.7
11 22 40 +24 16 21 NGC 3651 GALXY13.2
11 22 46 +24 14 21 NGC 3653 GALXY13.6
11 22 52 +20 40 21 NGC 3650 GALXY13.9
11 23 10 +16 33 21 NGC 3655 GALXY11.6
11 24 04 +17 47 21 NGC 3659 GALXY12.3
11 24 03 -01 07 39 NGC 3662 GALXY12.9
11 24 40 +11 19 21 NGC 3666 GALXY12.0
11 24 39 +03 18 21 NGC 3664 GALXY12.8
11 24 39 +03 12 21 NGC 3664A GALXY14.4
11 24 58 +23 55 21 NGC 3670 GALXY13.5
11 26 28 +27 51 21 NGC 3678 GALXY13.6
11 26 27 -05 36 39 NGC 3679 GALXY15.0
11 26 27 +04 06 21 NGC 3685 NONEX
11 26 46 +16 50 21 NGC 3681 GALXY11.2
11 27 28 +17 00 21 NGC 3684 GALXY11.4
11 27 58 +17 11 21 NGC 3686 GALXY11.3
11 28 28 +16 53 21 NGC 3691 GALXY11.8
11 28 28 +25 38 21 NGC 3689 GALXY12.3
11 28 40 +09 22 21 NGC 3692 GALXY12.1
11 28 58 +20 46 21 NGC 3697A GALXY14.1
11 29 10 +20 41 21 NGC 3697B GALXY15.5
11 29 10 +20 42 21 NGC 3697C GALXY15.5
11 29 40 +24 03 21 NGC 3701 GALXY12.9
11 30 04 +09 09 21 NGC 3705B GALXY15.5
11 30 22 +09 15 21 NGC 3705 GALXY11.1
11 30 46 +09 20 21 NGC 3705A GALXY15.0
11 30 57 -03 14 39 NGC 3708 NONEX
11 30 57 -03 16 39 NGC 3709 NONEX
11 31 16 +22 44 21 NGC 3710 GALXY13.1
11 31 52 +28 07 21 NGC 3713 GALXY13.2
11 31 57 +03 28 21 NGC 3716 GALXY13.5
11 32 27 +00 47 21 NGC 3719 GALXY13.0
11 32 39 +00 46 21 NGC 3720 GALXY12.9
11 33 28 +24 25 20 NGC 3728 GALXY13.0
11 34 28 +12 30 20 NGC 3731 GALXY14.3
11 35 52 +25 02 20 NGC 3739 GALXY14.4
11 36 04 +22 58 20 NGC 3744 GALXY15.4
11 36 04 +21 42 20 NGC 3743 GALXY15.6
11 36 40 +21 34 20 NGC 3758 GALXY14.2
11 36 52 +21 48 20 NGC 3760 NONEX
11 37 04 +22 58 20 NGC 3761 GALXY15.0
11 37 10 +17 52 20 NGC 3764 GALXY14.9
11 37 22 +24 05 20 NGC 3765 GALXY14.0
11 37 28 +17 49 20 NGC 3768 GALXY12.4
11 37 34 +16 51 20 NGC 3767 GALXY13.4
11 37 58 +21 58 20 NGC 3746 GALXY14.2
11 37 58 +21 59 20 NGC 3745 GALXY15.2
11 38 04 +22 40 20 NGC 3772 GALXY13.5
11 38 04 +22 00 20 NGC 3748 GALXY14.8
11 38 10 +21 57 20 NGC 3753 GALXY13.6
11 38 10 +21 56 20 NGC 3750 GALXY13.9
11 38 10 +21 54 20 NGC 3751 GALXY13.9
11 38 10 +21 57 20 NGC 3754 GALXY14.3
11 38 28 +12 05 20 NGC 3773 GALXY12.0
11 39 16 +26 20 20 NGC 3781 GALXY13.7
11 39 40 +26 18 20 NGC 3784 GALXY14.3
11 39 46 +26 17 20 NGC 3785 GALXY14.2
11 39 58 +20 27 20 NGC 3787 GALXY14.7
11 40 04 +17 41 20 NGC 3790 GALXY13.9
11 40 28 +24 41 20 NGC 3798 GALXY12.1
11 40 28 +15 19 20 NGC 3800 GALXY12.7
11 40 28 +15 18 20 NGC 3799 GALXY13.9
11 40 34 +17 42 20 NGC 3801 GALXY12.0
11 40 34 +17 44 20 NGC 3802 GALXY13.3
11 40 34 +17 47 20 NGC 3803 GALXY
11 40 58 +22 25 20 NGC 3808 GALXY13.4
11 41 04 +20 20 20 NGC 3805 GALXY12.6
11 41 04 +17 46 20 NGC 3806 GALXY13.6
11 41 04 +17 45 20 NGC 3807 NONEX
11 41 15 +11 26 20 NGC 3810 GALXY10.8
11 41 22 +24 49 20 NGC 3812 GALXY12.4
11 41 46 +24 47 20 NGC 3814 GALXY15.6
11 41 58 +24 47 20 NGC 3815 GALXY13.0
11 42 04 +20 05 20 NGC 3816 GALXY12.5
11 42 09 +10 17 20 NGC 3817 GALXY13.3
11 42 21 +10 20 20 NGC 3819 GALXY13.8
11 42 21 +10 22 20 NGC 3820 GALXY14.4
11 42 28 +20 18 20 NGC 3821 GALXY12.9
11 42 40 +18 17 20 UGC 6670 GALXY12.9
11 42 40 +26 28 20 NGC 3826 GALXY13.4
11 42 52 +18 49 20 NGC 3827 GALXY13.3
11 43 10 +16 28 20 NGC 3828 GALXY15.5
11 43 16 +19 37 20 UGC 6680 GALXY14.2
11 43 28 +26 33 20 NGC 3830 GALXY14.7
11 43 46 +22 42 20 NGC 3832 GALXY13.0
11 43 52 +19 03 20 NGC 3834 GALXY13.4
11 44 04 +19 55 20 UGC 6697 GALXY13.6
11 44 10 +19 52 20 NGC 3837 GALXY13.3
11 44 09 +10 46 20 NGC 3839 GALXY13.6
11 44 10 +20 03 20 NGC 3840 GALXY13.8
11 44 16 +19 55 20 NGC 3842 GALXY11.8
11 44 16 +19 57 20 NGC 3841 GALXY13.6
11 44 16 +20 00 20 NGC 3844 GALXY13.9
11 44 22 +19 58 20 NGC 3845 GALXY14.0
11 44 34 +19 57 20 NGC 3851 GALXY15.2
11 44 40 +16 32 20 NGC 3853 GALXY12.4
11 44 46 +19 48 20 Abell 1367GALCL14.0
11 44 52 +19 47 20 NGC 3860A GALXY14.5
11 44 52 +19 46 20 NGC 3860B GALXY15.5
11 44 58 +20 05 20 UGC 6719 GALXY13.6
11 45 04 +19 58 20 NGC 3861A GALXY14.0
11 45 04 +19 31 20 NGC 3857 GALXY14.1
11 45 04 +19 57 20 NGC 3861B GALXY15.0
11 45 10 +19 26 20 NGC 3859 GALXY14.1
11 45 22 +19 34 20 NGC 3862 GALXY12.7
11 45 22 +20 24 20 UGC 6725 GALXY12.9
11 45 28 +19 22 20 NGC 3864 GALXY14.1
11 45 40 +19 22 20 NGC 3867 GALXY13.2
11 45 40 +19 25 20 NGC 3868 GALXY14.3
11 45 58 +19 45 20 NGC 3873 GALXY12.9
11 46 03 +13 44 20 NGC 3872 GALXY11.7
11 46 03 +10 48 20 NGC 3869 GALXY12.8
11 46 04 +19 44 20 NGC 3875 GALXY13.9
11 46 28 +20 23 20 NGC 3884 GALXY12.6
11 47 04 +20 40 20 NGC 3883 GALXY12.6
11 47 22 +19 49 20 NGC 3886 GALXY13.1
11 49 28 +26 59 20 NGC 3900 GALXY11.4
11 49 28 +26 26 20 NGC 3899 NONEX
11 49 34 +26 05 20 NGC 3902 GALXY12.8
11 49 40 +24 55 20 NGC 3911 GALXY13.8
11 50 09 +12 09 20 NGC 3908 GALXY
11 50 15 +21 20 20 NGC 3910 GALXY12.8
11 50 22 +26 27 20 NGC 3912 GALXY12.4
11 50 22 +24 55 20 NGC 3920 GALXY13.1
11 50 51 +19 59 20 NGC 3919 GALXY13.3
11 51 33 +21 53 20 NGC 3925 GALXY15.3
11 51 45 +22 01 20 NGC 3926A GALXY14.7
11 51 45 +22 01 20 NGC 3926B GALXY14.7
11 51 52 +28 07 20 NGC 3927 NONEX
11 51 57 +20 59 20 NGC 3929 GALXY14.0
11 52 15 +16 47 20 NGC 3933 GALXY13.6
11 52 27 +16 50 20 NGC 3934 GALXY13.5
11 52 57 +20 37 20 NGC 3937 GALXY12.5
11 52 57 +20 59 20 NGC 3940 GALXY12.8
11 53 09 +20 28 20 NGC 3943 GALXY13.3
11 53 21 +26 12 20 NGC 3944 GALXY12.9
11 53 39 +20 43 20 NGC 3947 GALXY13.1
11 53 39 +21 01 20 NGC 3946 GALXY15.5
11 53 39 +20 57 20 NGC 3948 NONEX
11 53 57 +23 22 20 NGC 3951 GALXY13.6
11 53 57 +20 52 20 NGC 3954 GALXY13.6
11 55 03 +28 14 20 NGC 3964 GALXY13.9
11 55 45 +11 56 20 NGC 3968 GALXY11.8
11 55 51 +11 59 20 NGC 3973 GALXY15.4
11 56 39 +23 51 20 NGC 3983 GALXY14.0
11 57 33 +25 10 20 NGC 3987 GALXY12.9
11 57 39 +27 51 20 NGC 3988 GALXY13.3
11 57 39 +25 12 20 NGC 3989 GALXY14.7
11 57 51 +25 13 20 NGC 3993 GALXY13.7
11 58 03 +14 17 20 NGC 3996 GALXY13.4
11 58 03 +25 14 20 NGC 3997 GALXY13.4
11 58 09 +27 52 20 NGC 4004B GALXY15.0
11 58 15 +23 06 20 NGC 4003 GALXY13.3
11 58 15 +23 11 20 NGC 4002 GALXY14.0
11 58 15 +27 51 20 NGC 4004A GALXY14.0
11 58 15 +25 07 20 NGC 4000 GALXY14.5
11 58 21 +23 06 20 NGC 4007 NONEX
11 58 27 +25 06 20 NGC 4005 GALXY13.1
11 58 33 +28 10 20 NGC 4008 GALXY12.0
11 58 39 +25 05 20 NGC 4011 GALXY15.7
11 58 39 +25 11 20 NGC 4009 GALXY
11 59 33 +24 54 20 NGC 3999 GALXY15.7
