06 27 26 +59 04 48 IC 2166 GALXY12.4
06 38 39 +60 05 43 NGC 2273A GALXY
06 40 33 +60 03 43 UGC 3504 GALXY12.3
06 44 22 +61 46 41 PK153+22.1PLNNB15.9
06 46 51 +60 19 40 NGC 2273B GALXY12.5
06 50 39 +60 49 38 NGC 2273 GALXY11.7
06 53 31 +57 10 37 UGC 3574 GALXY12.6
06 56 57 +60 38 36 UGC 3598 GALXY14.4
06 58 58 +45 12 35 NGC 2308 GALXY13.2
07 02 53 +50 35 33 NGC 2315 GALXY13.6
07 05 19 +56 31 32 UGC 3647 GALXY14.1
07 05 59 +50 35 32 NGC 2320 GALXY11.9
07 06 17 +50 45 32 NGC 2321 GALXY13.6
07 06 17 +50 30 32 NGC 2322 GALXY13.8
07 08 47 +50 43 31 NGC 2326 GALXY13.1
07 08 53 +50 38 30 NGC 2326A GALXY14.8
07 09 27 +61 35 30 UGC 3685 GALXY12.0
07 09 35 +48 37 30 NGC 2329 GALXY12.4
07 09 35 +48 37 30 Abell 569GALCL13.8
07 09 53 +50 10 30 NGC 2332 GALXY12.8
07 09 53 +50 11 30 NGC 2330 GALXY14.0
07 09 58 +44 27 30 NGC 2337 GALXY12.4
07 10 17 +50 11 30 NGC 2334 NONEX
07 11 23 +50 09 29 NGC 2340 GALXY11.7
07 12 58 +47 08 29 NGC 2344 GALXY12.0
07 21 49 +55 43 25 Abell 576GALCL14.4
07 37 14 +35 14 19 NGC 2415 GALXY12.4
07 38 26 +38 52 18 NGC 2419 GLOCL10.4
07 41 02 +39 13 17 NGC 2424 GALXY12.6
07 42 53 +49 48 17 UGC 3973 GALXY13.3
07 43 35 +52 48 16 NGC 2426 GALXY13.1
07 44 05 +52 20 16 NGC 2429A GALXY14.0
07 44 05 +52 18 16 NGC 2429B GALXY15.0
07 45 41 +53 03 16 NGC 2431 GALXY13.4
07 46 29 +52 03 15 NGC 2436 1STAR
07 47 14 +39 00 15 NGC 2444 GALXY13.2
07 47 14 +38 59 15 NGC 2445 GALXY13.3
07 49 06 +54 35 14 NGC 2446 GALXY12.9
07 54 30 +55 28 12 NGC 2456 GALXY13.1
07 55 06 +55 31 12 NGC 2457 GALXY15.5
07 55 48 +56 42 12 NGC 2458 GALXY
07 56 24 +56 40 11 NGC 2461 GALXY15.5
07 57 02 +39 55 11 NGC 2476 GALXY12.6
07 57 06 +56 38 11 NGC 2462 GALXY14.0
07 57 30 +56 39 11 NGC 2463 GALXY14.1
07 57 42 +56 39 11 NGC 2464 NONEX
07 58 06 +56 44 11 NGC 2465 NONEX
07 58 11 +53 24 11 PK164+31.1PLNNB14.0
07 58 17 +52 51 11 NGC 2474 GALXY13.5
07 58 24 +56 40 11 NGC 2469 GALXY12.7
07 58 23 +52 51 11 NGC 2475 GALXY13.1
07 58 24 +56 21 11 NGC 2468 GALXY15.0
07 58 42 +56 44 11 NGC 2471 1STAR
07 58 48 +56 40 11 NGC 2473 NONEX
07 58 50 +37 46 10 NGC 2484 GALXY13.1
07 59 00 +56 41 10 NGC 2472 GALXY15.5
08 00 44 +39 49 10 NGC 2493 GALXY12.0
08 00 50 +39 50 10 NGC 2495 GALXY15.2
08 02 12 +56 33 09 NGC 2488 GALXY12.4
08 02 16 +50 44 09 NGC 2500 GALXY11.6
08 02 42 +56 56 09 NGC 2497 GALXY13.1
08 04 23 +53 33 08 NGC 2505 GALXY13.2
08 07 40 +51 08 07 NGC 2518 GALXY13.0
08 07 40 +51 08 07 NGC 2519 NONEX
08 07 44 +39 12 07 NGC 2528 GALXY12.6
08 08 26 +39 09 07 NGC 2524 GALXY12.7
08 09 12 +57 46 07 NGC 2521 GALXY12.8
08 10 31 +33 57 06 NGC 2532 GALXY12.4
08 11 33 +46 27 06 UGC 4260 GALXY13.5
08 13 13 +36 13 05 NGC 2543 GALXY11.9
08 13 18 +55 39 05 NGC 2534 GALXY12.9
08 13 39 +45 58 05 NGC 2537 GALXY11.7
08 14 03 +45 58 05 NGC 2537A GALXY15.4
08 14 21 +45 43 05 IC 2233 GALXY12.6
08 15 04 +49 03 04 NGC 2541 GALXY11.8
08 19 18 +57 47 03 NGC 2549 GALXY11.2
08 19 40 +49 59 03 NGC 2552 GALXY12.1
08 26 27 +45 57 00 UGC 4393 GALXY12.4
08 42 43 +37 11 55 NGC 2638 GALXY12.8
08 43 39 +45 42 54 UGC 4543 GALXY13.8
08 44 25 +34 41 54 NGC 2649 GALXY12.3
08 49 43 +36 39 52 NGC 2668 GALXY13.8
08 53 01 +33 23 51 NGC 2683 GALXY09.8
08 55 01 +39 30 51 NGC 2691 GALXY13.1
08 57 13 +39 20 50 NGC 2704 GALXY13.4
08 59 19 +39 10 49 UGC 4704 GALXY14.5
08 59 50 +44 53 49 NGC 2712 GALXY12.1
09 00 37 +35 41 49 NGC 2719 GALXY13.5
09 00 37 +35 41 49 NGC 2719A GALXY13.5
09 01 19 +35 44 49 NGC 2724 GALXY13.6
09 06 19 +35 20 47 NGC 2746 GALXY13.1
09 07 01 +34 35 47 UGC 4777 GALXY14.4
09 07 48 +33 14 47 UGC 4787 GALXY13.7
09 08 13 +41 41 47 NGC 2755 GALXY13.1
09 08 55 +37 35 47 NGC 2759 GALXY13.0
09 09 30 +33 06 46 NGC 2770B GALXY
09 09 54 +33 06 46 NGC 2770 GALXY12.2
09 12 25 +35 29 45 UGC 4837 GALXY14.2
09 12 38 +44 56 45 NGC 2776 GALXY11.6
09 12 37 +34 59 45 NGC 2778 GALXY12.4
09 12 37 +35 01 45 NGC 2779 GALXY15.5
09 12 54 +34 53 45 NGC 2780 GALXY13.3
09 13 18 +35 02 45 NGC 2770A NONEX
09 14 25 +40 05 45 NGC 2782 GALXY11.6
09 15 31 +40 53 45 NGC 2785 GALXY14.2
09 17 06 +34 24 44 NGC 2793 GALXY13.1
09 17 43 +41 59 44 NGC 2798 GALXY12.3
09 17 49 +41 58 44 NGC 2799 GALXY13.8
09 19 30 +33 50 43 NGC 2827 GALXY15.5
09 19 36 +33 58 43 NGC 2823 GALXY14.6
09 19 42 +33 36 43 NGC 2826 GALXY13.6
09 19 42 +33 42 43 NGC 2825 GALXY14.4
09 19 48 +33 51 43 NGC 2828 GALXY15.5
09 19 48 +33 38 43 NGC 2829 GALXY
09 20 00 +33 44 43 NGC 2832 GALXY11.9
09 20 00 +33 42 43 NGC 2830 GALXY14.3
09 20 00 +33 43 43 NGC 2831 GALXY14.5
09 20 12 +33 44 43 Abell 779GALCL13.8
09 20 12 +33 54 43 NGC 2833 GALXY15.5
09 20 18 +33 41 43 NGC 2834 GALXY15.5
09 20 54 +33 38 43 NGC 2839 GALXY14.2
09 21 01 +39 17 43 NGC 2838 GALXY14.5
09 21 06 +35 21 43 NGC 2840 GALXY13.8
09 22 07 +40 08 43 NGC 2844 GALXY12.9
09 23 37 +40 09 42 NGC 2852 GALXY13.2
09 23 37 +40 11 42 NGC 2853 GALXY13.3
09 25 13 +41 02 42 NGC 2860 GALXY13.7
