03 02 32 +04 06 33 ALPHA_CETUS_MENKAR
02 42 57 +00 02 16 M_77____GALAXY
01 36 58 +15 48 30 M_74____GALAXY
01 34 10 +30 40 31 M_33____GALAXY
00 42 58 +41 17 38 M_31____GALAXY
00 42 58 +40 53 38 M_32____GALAXY
00 40 40 +41 42 39 M110____NGC205
23 24 24 +61 37 39 M_52____OPEN_C
01 26 09 +60 15 39 DELTA__CASS_RUCBAH
01 33 31 +60 43 32 M_103___OPEN_C
01 42 19 +51 35 30 M_76_BARPLANET
03 08 30 +40 58 28 BETA_PERSUES_ALGOL
02 42 19 +42 48 15 M_34____OPEN_C
03 47 12 +24 07 55 M_45_PLEOPEN_C
05 24 30 -24 30 44 M_79____GLOBUL
05 35 38 -05 22 48 M_42_ORIDIFFUS
05 35 50 -05 15 49 M_43____DIFFUS
05 52 23 +06 21 01 GAMM_ORI_BELLATRIX
05 47 03 +00 03 06 M_78____DIFFUS
05 34 48 +22 01 11 M_1_CRABPLANET
05 52 38 +32 34 03 M_37____OPEN_C
05 34 50 +34 07 11 M_36____OPEN_C
05 17 03 +46 00 11 ALP_AURIGA_CAPELLA
05 29 01 +35 50 13 M_38____OPEN_C
06 09 06 +24 18 56 M_35____OPEN_C
45 00 22 +16 44 11 ALPHA__CMAJ_SIRIUS
06 47 12 -20 45 20 M_41____OPEN_C
07 03 07 -08 20 26 M_50____OPEN_C
07 36 50 -14 29 40 M_47____OPEN_C
07 42 07 -14 49 43 M_46____OPEN_C
07 44 43 -23 52 44 M_93____OPEN_C
08 13 56 -05 47 54 M_48____OPEN_C
08 40 17 +19 58 56 M_44_PRAOPEN_C
08 51 15 +11 47 52 M_67____OPEN_C
08 56 27 +69 02 50 M_81____GALAXY
09 56 24 +69 40 34 M_82____GALAXY
11 11 52 +55 39 21 M_108___GALAXY
11 15 10 +55 00 21 M_97_OWLPLANET
11 04 01 +61 43 26 ALPHA_UMAJOR_DUBHE
11 57 51 +53 20 20 M_109___GALAXY
12 19 15 +47 16 19 M_106___GALAXY
12 22 14 +58 02 20 M_40____STARS:
10 44 10 +11 40 24 M_95____GALAXY
10 47 03 +11 47 25 M_96____GALAXY
10 48 04 +12 33 24 M_105___GALAXY
11 19 09 +13 05 21 M_65____GALAXY
11 14 22 +20 29 47 DELTA__LEO___ZOSMA
11 20 28 +12 59 21 M_66____GALAXY
13 30 06 +47 10 27 M_51_WHIGALAXY
13 15 55 +41 59 25 M_63____GALAXY
14 03 22 +54 19 34 M_101_PIGALAXY
12 51 13 +41 05 22 M_94____GALAXY
13 42 25 +28 21 29 M_3_____GLOBUL
13 13 08 +18 08 25 M_53____GLOBUL
12 57 03 +21 39 22 M_64_BLAGALAXY
12 14 03 +14 52 20 M_98____GALAXY
12 19 02 +14 23 20 M_99____GALAXY
12 23 09 +15 47 20 M_100___GALAXY
12 25 33 +18 09 19 M_85____GALAXY
12 25 20 +12 51 19 M_84____GALAXY
12 26 27 +12 54 19 M_86____GALAXY
12 32 14 +14 23 21 M_88____GALAXY
12 35 38 +14 27 20 M_91____GALAXY
12 30 03 +07 57 20 M_49____GALAXY
12 43 51 +11 31 22 M_60____GALAXY
12 42 14 +11 37 21 M_59____GALAXY
12 37 51 +11 47 21 M_58____GALAXY
12 31 02 +12 21 20 M_87____GALAXY
12 35 50 +12 31 21 M_89____GALAXY
12 37 02 +13 07 21 M_90____GALAXY
12 22 15 +04 26 20 M_61____GALAXY
13 25 27 -11 11 13 ALPHA__VIRGO_SOICA
12 40 09 -11 38 39 M_104_SOGALAXY
12 39 45 -26 46 39 M_68____GLOBUL
13 37 22 -29 53 31 M_83____GALAXY
15 06 37 +55 43 51 M_102___GALAXY
15 18 44 +02 03 54 M_5_____GLOBUL
16 41 53 +36 26 26 M_13____GLOBUL
17 17 15 +43 08 40 M_92____GLOBUL
16 47 28 -01 57 31 M_12____GLOBUL
16 57 22 -04 07 27 M_10____GLOBUL
16 32 47 -13 03 37 M_107___GLOBUL
16 17 24 -22 59 42 M_80____GLOBUL
16 29 42 -26 26 35 ALPHA_SCOR_ANTARES
16 23 59 -26 31 41 M_4_____GLOBUL
17 37 52 -03 15 10 M_14____GLOBUL
17 19 23 -18 31 18 M_9_____GLOBUL
17 02 54 -26 15 25 M_19____GLOBUL
17 01 37 -30 07 25 M_62____GLOBUL
18 53 46 +33 02 22 M_57_RINPLANET
19 16 41 +30 10 33 M_56____GLOBUL
20 24 10 +38 31 59 M_29____OPEN_C
20 41 35 +45 17 54 ALPHA_CYGNUS_DENEB
21 32 23 +48 27 19 M_39____OPEN_C
19 59 48 +22 43 50 M_27_DUMPLANET
19 51 03 +08 52 54 ALPHA_AQUIL_ALTAIR
19 53 54 +18 47 47 M_71____GLOBUL
18 51 22 -06 15 38 M_11_WILOPEN_C
18 45 27 -09 23 40 M_26____OPEN_C
18 19 04 -13 46 51 M_16_EAGOPEN_C
18 21 05 -16 10 50 M_17_OMEOPEN_C
18 20 11 -17 07 50 M_18____OPEN_C
18 18 42 -18 25 51 M_24____OPEN_C
17 57 11 -19 01 01 M_23____OPEN_C
18 31 59 -19 14 46 M_25____OPEN_C
17 54 19 -34 49 03 M_7_____OPEN_C
18 06 07 -30 25 24 GAMMA_ SAGG_ALNASL
17 40 25 -32 13 09 M_6_____OPEN_C
18 24 54 -24 51 49 M_28____GLOBUL
18 01 54 -24 22 58 M_8_LAGODIFFUS
18 02 35 -23 01 58 M_20__TRIDIFUS
18 05 05 -22 29 58 M_21____OPEN_C
18 36 36 -23 54 44 M_22____GLOBUL
18 31 43 -32 20 46 M_69____GLOBUL
18 43 38 -32 17 40 M_70____GLOBUL
18 55 31 -30 27 36 M_54____GLOBUL
19 40 24 -30 55 17 M_55____GLOBUL
21 44 26 +09 53 53 EPSIL_PEGASUS_ENIF
21 30 14 +12 11 20 M_15____GLOBUL
20 06 24 -21 54 08 M_75____GLOBUL
20 53 40 -12 31 51 M_72____GLOBUL
20 59 15 -12 35 49 M_73____STARS:
21 31 49 -05 51 10 BET_AQU_SADEL_SUUD
21 33 44 -00 48 39 M_2_____GLOBUL
21 40 35 -23 09 37 M_30____GLOBUL
03 02 32 +04 06 33 ALPHA_CETUS_MENKAR
