06 02 08 -10 36 01 NGC 2142 NONEX
06 03 44 -09 44 02 NGC 2149 BRTNB
06 07 09 -06 12 03 NGC 2167 NONEX
06 07 51 -06 23 03 NGC 2170 BRTNB
06 09 45 -06 19 04 NGC 2182 BRTNB
06 11 03 -06 12 05 NGC 2183 BRTNB
06 11 21 -06 12 05 NGC 2185 BRTNB
06 21 15 -07 17 09 NGC 2215 OPNCL08.4
06 21 58 +02 21 51 Cr 91 OPNCL06.4
06 22 33 -05 42 10 Berk 73 OPNCL
06 23 10 +05 06 50 Cr 92 OPNCL08.5
06 23 34 +04 38 50 Do 22 OPNCL
06 23 39 -04 41 10 NGC 2219 NONEX
06 26 51 -04 45 12 NGC 2232 OPNCL03.9
06 26 50 -09 39 12 NGC 2225 OPNCL
06 26 50 -09 39 12 NGC 2226 OPNCL
06 29 58 +06 49 47 NGC 2236 OPNCL08.5
06 30 34 +05 02 47 NGC 2237 CL+NB05.5
06 30 34 +02 51 47 Cr 96 OPNCL07.3
06 30 47 +09 55 47 Cr 95 OPNCL
06 30 46 +05 02 47 NGC 2238 BRTNB
06 31 17 +10 26 46 IC 446 BRTNB
06 31 16 +04 56 46 NGC 2239 OPNCL
06 31 27 -03 51 14 Czernik 26OPNCL
06 31 29 +09 53 46 IC 2169 BRTNB
06 31 26 -08 24 14 vdB 80 OPNCL
06 31 34 +05 54 46 Cr 97 OPNCL05.4
06 32 40 +04 51 46 NGC 2244 CL+NB04.8
06 32 40 +05 06 46 NGC 2246 BRTNB
06 32 58 +07 18 46 IC 448 BRTNB
06 32 59 +10 09 46 NGC 2245 BRTNB
06 33 03 -05 02 14 NGC 2250 OPNCL08.9
06 33 05 +10 37 46 B 37-9 DRKNB
06 33 23 +10 20 46 NGC 2247 BRTNB
06 34 58 +08 21 45 NGC 2251 OPNCL07.3
06 34 58 +08 04 45 Basel 8 OPNCL
06 35 16 +05 22 45 NGC 2252 OPNCL07.7
06 36 03 -00 05 16 PK211- 3.1PLNNB
06 36 16 +07 39 44 NGC 2254 OPNCL09.1
06 36 46 +04 48 44 Cr 104 OPNCL09.6
06 36 52 +08 20 44 Basel 7 OPNCL08.5
06 36 58 +09 25 44 Tr 5 OPNCL10.9
06 37 22 +05 56 44 Cr 106 OPNCL04.6
06 37 46 +03 03 44 vdB 1 OPNCL09.5
06 37 58 +04 43 44 Cr 107 OPNCL05.1
06 38 16 +01 30 43 Sh2-282 BRTNB
06 38 21 -01 28 17 NGC 2260 NONEX
06 38 33 +00 54 43 Berk 24 OPNCL
06 38 40 +02 00 43 Cr 110 OPNCL10.5
06 38 40 +01 10 43 NGC 2262 OPNCL11.3
06 38 53 +10 52 43 NGC 2259 OPNCL10.8
06 38 58 +06 53 43 Cr 111 OPNCL 7
06 39 28 +08 43 43 NGC 2261 BRTNB
06 41 23 +09 52 42 NGC 2264 CL+NB03.9
06 43 27 -00 00 19 Do 23 OPNCL
06 44 10 +04 33 41 NGC 2269 OPNCL10.0
06 44 10 +03 25 41 NGC 2270 NONEX
06 44 28 +01 35 41 Do 24 OPNCL
06 45 21 +00 17 40 Do 25 OPNCL07.6
06 46 46 +01 45 40 Cr 115 OPNCL09.1
06 47 10 +01 18 40 NGC 2282 BRTNB
06 47 51 -03 10 21 NGC 2286 OPNCL07.5
06 47 52 +01 19 39 vdB 85 OPNCL
06 48 50 -09 32 21 PK221- 4.1PLNNB14.8
06 49 09 +00 22 39 Bochum 2 OPNCL09.7
06 49 50 -09 34 22 Ru 4 OPNCL
06 51 16 +05 45 38 Biur 12 OPNCL
06 51 21 -07 00 22 NGC 2299 NONEX
06 52 03 +00 27 38 NGC 2301 OPNCL 6
06 52 09 -07 04 23 NGC 2302 OPNCL08.9
06 52 16 +05 45 37 Biur 11 OPNCL
06 52 28 +02 55 37 Biur 10 OPNCL10.4
06 52 53 +09 57 37 PK204+ 4.1PLNNB15.0
06 53 46 +03 11 37 PK210+ 1.1PLNNB14.5
06 54 51 -07 11 24 NGC 2306 NONEX
06 56 27 -07 12 24 NGC 2309 OPNCL10.5
06 56 27 -02 53 24 PK216- 0.1PLNNB17.5
06 58 03 -04 35 25 NGC 2311 OPNCL09.6
06 58 14 -07 57 25 NGC 2313 BRTNB
06 58 22 +06 25 35 Biur 8 OPNCL
06 58 46 +08 15 35 Biur 7 OPNCL
06 58 52 +03 12 35 Biur 9 OPNCL
06 59 05 +10 15 35 NGC 2312 NONEX
06 59 02 -07 46 25 NGC 2317 NONEX
06 59 56 -07 44 26 NGC 2316 BRTNB
07 01 22 +03 03 34 NGC 2319 NONEX
07 01 33 +00 06 34 Biur 13 OPNCL
07 03 22 +06 24 33 Czernik 27OPNCL
07 03 26 -08 20 27 NGC 2323 OPNCL05.9
07 03 39 -05 04 27 Bochum 3 OPNCL09.9
07 03 38 -10 34 27 PK223- 2.1BRTNB13.1
07 04 08 -10 37 28 vdB 92 OPNCL
07 04 15 -06 01 28 Haffner 3OPNCL
07 04 27 +01 02 32 NGC 2324 OPNCL08.4
07 04 32 -10 28 28 Gum 1 BRTNB
07 05 20 -10 42 28 IC 2177 BRTNB
07 05 34 +02 46 32 PK212+ 4.1PLNNB13.5
07 06 44 -10 33 29 Berk 76 OPNCL
07 06 50 -10 05 29 NGC 2335 OPNCL07.2
07 07 26 -10 37 29 Cr 465 OPNCL10.1
07 07 32 -10 49 29 Cr 466 OPNCL11.1
07 07 57 -05 37 29 NGC 2338 ASTER
07 08 32 -10 39 29 NGC 2343 OPNCL06.7
07 08 51 -04 19 30 IC 466 BRTNB
07 09 39 -00 48 30 NGC 2346 PLNNB12.5
07 10 14 -08 37 30 NGC 2349 NONEX
07 14 50 -10 18 32 NGC 2353 OPNCL07.1
07 16 50 -09 26 33 Sh2-294 BRTNB
07 20 57 -01 06 35 Berk 37 OPNCL
07 21 03 -07 34 35 NGC 2364 OPNCL
07 21 14 -10 23 35 NGC 2368 OPNCL11.8
07 22 09 -02 52 35 Berk 77 OPNCL
07 25 14 -09 39 36 NGC 2377 GALXY12.7
07 26 51 -05 22 37 PK221+ 5.1PLNNB14.8
07 30 09 -00 21 38 NGC 2399 3STAR
07 30 15 -00 21 38 NGC 2400 3STAR
07 31 56 -08 14 39 Czernik 30OPNCL
07 37 32 -09 39 41 PK226+ 5.1PLNNB13.9
07 38 38 -10 41 42 Mel 72 OPNCL10.1
07 40 08 -09 41 42 Cr 467 OPNCL11.8
07 40 33 -01 35 42 UGC 3964 GALXY13.1
07 46 57 -04 36 45 Berk 39 OPNCL
07 59 27 -00 38 50 NGC 2494 GALXY13.1
08 00 26 -10 47 50 NGC 2506 OPNCL07.6
08 06 57 -02 52 53 PK224+15.1PLNNB15.4
