20 39 31 +02 20 40 CCDM 20393+0220
20 42 03 -04 28 32 HD 197143
20 45 48 -08 07 49 HD 197670
20 45 52 -08 51 37 SAO 144773
20 47 30 -00 04 31 BD -00 04091
20 49 49 -00 04 22 CCDM 20496-0006
20 50 58 -09 27 39 HD 198441
20 50 59 -11 32 54 HD 198442
20 51 42 -05 36 28 4 Aqr
20 52 42 +01 30 19 CCDM 20525+0129
20 56 44 -01 33 00 HD 199321
20 57 10 -09 40 41 7 Aqr
20 57 26 +00 29 00 HR 8017
20 57 44 +00 37 17 HD 199482
20 59 07 -09 19 53 HD 199634
21 00 23 -05 39 30 HD 199879
21 00 46 -05 46 41 CCDM 21005-0548
21 02 37 -09 39 20 HD 200197
21 03 18 +01 33 07 HR 8056
21 04 09 +01 07 16 PPM 171203
21 04 21 -05 48 11 HD 200497
21 04 31 +00 08 37 CCDM 21043+0007
21 06 44 -05 44 33 HD 200896
21 07 27 -13 54 10 HD 200968
21 07 48 -00 08 37 HD 201098
21 08 09 -10 11 29 HD 201102
21 08 54 -04 25 27 BD -05 05479
21 09 08 +00 14 07 PPM 171336
21 10 01 -02 30 00 CCDM 21098-0231
21 10 50 -08 35 16 HD 201549
21 11 25 -02 15 56 CCDM 21112-0217
21 11 52 -03 05 59 HD 201719
21 12 15 -05 47 35 HD 201780
21 12 50 +01 50 08 PPM 171428
21 13 01 -00 43 45 CCDM 21128-0045
21 14 56 -00 48 40 HD 202260
21 15 40 -10 19 37 HD 202332
21 15 54 -01 12 54 HD 202405
21 16 39 -00 01 02 CCDM 21164-0003
21 16 59 -07 38 01 HD 202533
21 17 27 -04 13 06 HD 202632
21 18 18 +00 10 58 HD 202751
21 21 41 -12 17 47 HD 203250
21 22 03 +02 02 55 HD 203383
21 24 07 -06 33 44 HD 203667
21 24 39 -12 46 32 HD 203737
21 30 18 -05 22 35 HD 204629
21 31 20 -05 00 21 CCDM 21311-0502
21 31 50 -05 32 56 Sadalsuud
21 36 10 +00 42 13 HD 205525
21 37 49 -00 22 05 HR 8263
21 39 47 -00 01 42 HD 206058
21 40 34 +00 36 03 CCDM 21403+0035
21 42 00 -00 34 26 CCDM 21418-0036
21 42 44 +00 39 35 CCDM 21425+0038
21 42 42 +00 28 07 HD 206488
21 43 42 -06 03 12 PPM 205525
21 45 03 +03 00 55 HD 206863
21 45 50 +02 52 41 PPM 172218
21 46 42 -05 04 48 BD -05 05635
21 46 58 -06 05 13 HD 207092
21 48 51 -06 13 33 HD 207373
21 50 24 -04 16 25 HD 207597
21 50 42 -03 54 44 HD 207639
21 51 17 -03 50 07 HD 207706
21 51 40 -03 56 18 CCDM 21514-0358
21 52 37 -03 09 04 HD 207888
21 54 29 -04 28 34 BD -05 05661
21 54 52 -03 16 39 HR 8363
21 56 20 -04 01 29 HD 208397
21 56 37 -04 43 57 HD 208459
21 57 34 -03 52 08 HD 208569
21 58 35 -01 48 21 HIP 108460
21 59 17 -11 15 37 HD 208791
22 00 53 -22 23 00 CD -23 17211
22 00 57 -04 46 52 CCDM 22007-0448
22 01 35 -17 29 33 HD 209108
22 01 49 -15 35 16 HD 209154
22 01 54 -04 50 05 HD 209207
22 01 57 -11 58 03 HD 209184
22 02 42 -16 56 26 29 Aqr
22 05 35 -01 23 59 HD 209697
22 07 22 +00 35 41 HIP 109186
22 09 44 -18 25 33 HD 210256
22 11 30 -03 02 02 CCDM 22112-0304
22 11 46 -01 13 02 CCDM 22115-0115
22 13 00 -20 04 54 HD 210721
22 14 35 -21 02 58 41 Aqr
22 16 15 -02 52 37 CCDM 22160-0254
22 17 36 -00 40 47 HD 211477
22 17 50 -23 40 54 HD 211451
22 19 34 -10 45 54 HD 211719
22 20 53 -00 29 31 HD 211927
22 21 15 -03 32 45 SAO 146034
22 22 01 -01 49 39 PPM 709413
22 24 23 -04 48 41 51 Aqr
22 24 46 +00 52 24 HD 212473
22 26 04 -20 12 41 HD 212600
22 26 50 -16 43 00 53 Aqr
22 27 25 -01 44 57 HD 212838
22 28 06 -17 14 42 HD 212889
22 29 05 +00 00 20 Zeta 1 Aqr
22 29 16 +01 19 52 HD 213092
22 29 19 -09 54 37 HD 213067
22 29 43 -07 18 11 PPM 709443
22 29 48 -00 10 45 HD 213162
22 30 49 -08 05 20 HD 213293
22 30 55 -10 39 08 Sigma Aqr
22 34 18 -01 32 54 60 Aqr
22 34 18 -01 45 34 HD 213790
22 34 38 -22 34 35 HD 213792
22 35 11 -05 01 10 HD 213921
22 35 45 +02 35 15 HD 214044
22 36 10 -20 54 31 HD 214046
22 38 01 -04 12 07 Kappa Aqr
22 38 51 -14 02 27 HD 214460
22 39 02 -20 35 42 FK Aqr
22 39 51 -12 35 21 HIP 111870
22 40 02 -19 40 26 PPM 723140
22 41 54 -02 31 36 HD 214909
22 42 22 -05 04 33 HD 214983
22 43 04 +00 15 30 HD 215093
22 43 13 +01 14 37 HD 215129
22 43 19 -08 17 06 HR 8645
22 43 30 -03 24 20 HD 215142
22 43 48 -16 06 41 HD 215166
22 45 20 -02 38 08 SAO 146295
22 45 37 -09 37 05 HD 215449
22 47 37 -16 07 12 HD 215696
22 47 59 -14 01 48 Tau 1 Aqr
22 48 06 -04 12 10 HD 215812
22 49 52 -13 33 57 Tau 2 Aqr
22 52 40 -21 40 54 HIP 112936
22 58 54 -08 25 46 HD 217147
22 59 16 -08 11 11 HD 217194
22 59 57 -04 20 15 HD 217274
23 01 09 -22 14 08 HD 217431
23 02 18 -21 48 59 HD 217593
23 02 40 -11 17 07 HD 217666
23 05 26 -07 40 01 83 Aqr
23 06 57 -04 10 25 HD 218262
23 06 55 -14 50 12 HD 218251
23 09 27 -07 17 12 HD 218576
23 09 45 -08 47 58 HD 218603
23 09 52 -03 56 06 HD 218625
23 12 16 -11 54 23 HIP 114536
23 14 04 -13 22 03 HD 219151
23 14 23 -08 53 50 HD 219175
23 14 56 -10 39 41 HR 8836
23 16 09 -09 03 38 Psi 1 Aqr
23 16 59 -11 56 30 HD 219552
23 18 18 -16 19 06 HD 219703
23 19 23 -13 25 52 94 Aqr
23 19 39 -05 05 49 96 Aqr
23 21 12 -18 30 57 HD 220065
23 22 39 -12 57 11 HD 220259
23 23 56 -14 27 55 HD 220423
23 24 01 -08 25 57 HD 220436
23 24 20 -21 44 49 HD 220466
23 25 41 -17 15 02 HD 220630
23 26 01 -16 52 52 PPM 723370
23 26 20 -07 06 35 HD 220713
23 29 14 -06 36 45 HD 221079
23 32 35 -13 35 39 HD 221451
23 33 05 -16 49 04 HD 221503
23 34 35 -09 40 54 HIP 116329
23 35 28 -11 33 00 HD 221789
23 35 28 -18 32 39 HD 221790
23 37 19 -21 38 53 HD 222011
23 37 56 -13 01 57 HR 8958
23 40 02 -04 18 43 HD 222343
23 42 02 -17 47 20 104 Aqr
23 42 59 -14 31 02 Omega 2 Aqr
23 43 40 -21 40 43 HD 222735
23 46 17 -18 39 02 107 Aqr
23 47 24 -19 19 34 HD 223142
23 47 42 -22 14 52 HD 223182
23 51 24 -19 01 18 ADS 17044
23 54 54 -23 00 16 HD 224040
23 55 25 -21 21 07 HD 224107
23 56 36 -09 28 17 HIP 118020
