04 43 25 +33 56 20 HD 29785
04 49 26 +33 01 02 HD 282454
04 51 27 +44 58 38 HD 30584
04 53 46 +29 34 34 CCDM 4535+2934
04 54 37 +49 35 20 HD 30924
04 56 06 +31 32 09 ADS 3525
04 56 41 +52 06 20 HD 31166
04 58 11 +48 01 16 HD 31379
04 59 13 +44 08 48 HD 31533
04 59 35 +37 53 51 Omega Aur
04 59 40 +31 01 16 HD 31707
04 59 56 +31 35 32 HD 31734
05 00 12 +43 19 35 HD 31678
05 00 39 +39 24 07 5 Aur
05 01 08 +39 12 59 SAO 57565
05 01 43 +50 15 51 HD 31796
05 01 57 +39 15 22 HD 277429
05 02 20 +43 49 49 Al Anz
05 03 13 +52 03 20 HD 233055
05 03 10 +37 18 16 CCDM 5028+3718
05 04 02 +36 47 41 CCDM 5037+3647
05 04 26 +35 46 44 ADS 3643
05 04 43 +37 42 28 CCDM 5044+3742
05 05 04 +28 42 17 HD 32479
05 05 17 +51 54 24 HD 233064
05 05 13 +30 54 19 HD 282854
05 05 33 +50 01 58 PPM 29591
05 06 38 +37 38 40 CCDM 5063+3738
05 07 05 +51 36 15 9 Aur
05 07 22 +33 25 11 HD 32769
05 07 45 +50 18 43 HD 32653
05 08 10 +37 06 04 CCDM 5078+3706
05 08 19 +37 19 24 CCDM 5080+3719
05 08 21 +36 59 41 CCDM 5080+3659
05 08 23 +37 03 27 HD 280462
05 08 26 +36 09 05 HD 32905
05 08 37 +36 47 33 CCDM 5083+3647
05 08 48 +42 05 01 HD 277485
05 08 42 +37 07 04 CCDM 5084+3707
05 09 40 +36 53 11 CCDM 5093+3653
05 10 03 +29 48 17 HD 33185
05 10 07 +42 40 40 HD 33077
05 10 21 +40 09 32 HD 33118
05 10 24 +36 18 10 ADS 3730
05 10 41 +37 40 54 CCDM 5103+3740
05 10 39 +37 18 29 HIP 24072
05 10 47 +37 42 18 CCDM 5104+3742
05 11 11 +38 00 29 CCDM 5108+3800
05 11 23 +39 17 16 HD 33298
05 11 18 +32 02 41 HD 33334
05 11 28 +37 18 28 HD 33308
05 11 35 +37 11 28 CCDM 5113+3711
05 12 16 +36 31 59 ADS 3757
05 12 28 +36 50 58 CCDM 5121+3651
05 12 33 +38 39 10 CCDM 5122+3839
05 12 38 +37 19 06 CCDM 5123+3719
05 12 51 +36 23 22 CCDM 5125+3623
05 13 34 +44 29 14 SAO 40129
05 13 37 +37 20 34 HD 33632
05 13 56 +35 42 23 HD 33688
05 14 12 +46 58 56 HD 33601
05 14 06 +35 19 49 CCDM 5138+3520
05 14 37 +54 45 52 HD 33552
05 15 06 +42 30 39 ADS 3807
05 15 18 +50 54 34 HD 233091
05 15 19 +35 21 47 HD 33879
05 15 26 +36 23 34 CCDM 5151+3623
05 15 44 +32 41 34 14 Aur
05 15 41 +30 20 44 HD 241906
05 15 52 +37 51 49 CCDM 5155+3752
05 16 13 +34 25 42 HD 34030
05 16 24 +41 54 27 HD 277755
05 16 28 +51 57 44 HD 33852
05 16 25 +41 05 41 HD 277774
05 16 26 +36 32 01 CCDM 5161+3632
05 16 57 +35 37 17 CCDM 5166+3537
05 17 01 +39 03 04 HD 34093
05 17 03 +37 24 31 CCDM 5167+3724
05 17 03 +32 30 55 CCDM 5167+3230
05 17 03 +46 00 12 Capella
05 17 26 +33 20 07 HD 34201
05 17 30 +37 47 30 HD 34191
05 17 42 +53 35 29 R Aur
05 17 52 +36 29 51 CCDM 5175+3630
05 18 07 +47 20 07 BD +47 01122
05 18 11 +38 04 28 CCDM 5178+3804
05 18 21 +37 33 17 CCDM 5180+3733
05 18 30 +37 39 18 HD 34302
05 18 30 +36 01 19 CCDM 5182+3601
05 18 31 +33 22 36 16 Aur
05 18 36 +36 50 06 CCDM 5183+3650
05 18 46 +31 35 58 CCDM 5185+3136
05 19 00 +37 45 27 CCDM 5187+3745
05 19 02 +33 31 45 HD 34413
05 19 19 +45 15 09 HD 34331
05 19 17 +36 12 08 HD 34425
05 19 29 +40 06 15 Lambda Aur
05 19 30 +35 47 50 V348 Aur
05 19 35 +34 53 44 HD 34477
05 20 01 +35 26 03 CCDM 5197+3526
05 20 06 +36 13 03 ADS 3897
05 20 27 +39 20 53 HD 34545
05 20 51 +40 19 40 HD 277936
05 20 50 +38 28 16 HD 280844
05 21 01 +46 58 07 HR 1736
05 21 13 +50 37 14 HD 34532
05 21 19 +37 28 48 CCDM 5210+3729
05 21 33 +50 23 43 HD 233104
05 21 42 +33 23 25 HD 34760
05 22 13 +42 03 45 HD 278026
05 22 27 +55 55 50 HD 237379
05 22 22 +36 27 23 CCDM 5220+3627
05 22 17 +35 10 49 CCDM 5220+3511
05 22 33 +45 05 10 HD 34788
05 22 38 +33 48 10 HD 34925
05 22 49 +29 16 05 HD 242938
05 23 10 +36 42 26 CCDM 5228+3642
05 23 25 +31 09 47 HD 35033
05 23 30 +38 01 54 CCDM 5232+3802
05 23 37 +34 08 48 HD 35032
05 23 46 +49 34 35 PPM 48066
05 24 16 +50 28 25 HD 233116
05 24 44 +42 36 53 HD 35101
05 24 56 +48 21 55 HD 35075
05 25 05 +39 45 02 ADS 3988
05 25 11 +37 59 37 CCDM 5248+3759
05 25 15 +37 33 43 CCDM 5249+3733
05 25 34 +35 26 18 CCDM 5252+3526
05 25 33 +34 51 33 HR 1779
05 25 36 +34 34 10 HD 281060
05 25 59 +38 02 56 HD 35313
05 26 39 +37 23 57 CCDM 5263+3724
05 26 38 +37 05 19 CCDM 5263+3705
05 26 38 +30 20 24 HD 35478
05 26 58 +35 24 04 HD 281137
05 27 27 +34 09 13 HD 35556
05 27 36 +34 25 57 HD 281150
05 27 40 +36 02 06 CCDM 5273+3602
05 27 45 +35 51 46 CCDM 5274+3552
05 27 59 +34 28 47 Phi Aur
05 28 21 +33 46 03 HD 35681
05 28 27 +40 21 27 HD 278240
05 28 46 +35 52 46 CCDM 5284+3553
05 28 43 +35 49 23 CCDM 5284+3549
05 28 52 +35 48 56 CCDM 5285+3549
05 28 47 +35 46 20 CCDM 5285+3546
05 28 54 +35 54 14 CCDM 5286+3554
05 29 06 +35 54 19 CCDM 5288+3554
05 29 12 +35 49 07 CCDM 5289+3549
05 29 34 +38 47 48 PPM 70431
05 29 31 +35 54 48 CCDM 5292+3555
05 29 29 +35 47 25 CCDM 5292+3547
05 29 29 +35 44 53 CCDM 5292+3545
05 29 41 +31 51 31 CCDM 5294+3151
05 29 52 +35 40 39 CCDM 5295+3540
05 29 55 +30 45 16 HD 244080
05 30 00 +33 27 19 HD 244061
05 30 11 +35 13 24 CCDM 5298+3513
05 30 25 +29 33 08 HD 36044
05 30 34 +41 45 34 HD 278210
05 30 34 +41 17 10 HD 35951
05 30 31 +35 42 20 CCDM 5302+3542
05 30 32 +35 25 33 SAO 58120
05 31 06 +39 49 46 HR 1825
05 31 11 +47 54 44 HD 35963
05 31 54 +54 39 29 HD 35961
05 31 59 +32 24 56 ADS 4120
05 32 12 +36 03 57 CCDM 5319+3604
05 32 44 +49 23 48 HD 36146
05 32 39 +42 25 09 HD 36229
05 32 46 +35 32 31 SAO 58157
05 32 50 +36 02 19 CCDM 5325+3602
05 33 32 +36 44 14 CCDM 5332+3644
05 34 01 +36 27 46 HD 36483
05 34 13 +44 47 19 HD 36422
05 34 42 +35 49 00 SAO 58190
05 34 58 +51 55 25 HD 36451
05 34 57 +36 56 34 CCDM 5346+3656
05 35 03 +36 51 14 CCDM 5347+3651
05 35 06 +36 26 55 CCDM 5348+3627
05 35 13 +33 53 31 CCDM 5349+3353
05 35 33 +36 31 00 CCDM 5352+3631
05 35 35 +33 57 57 HD 244949
05 35 44 +37 21 23 CCDM 5354+3721
05 35 51 +36 50 50 CCDM 5355+3651
05 35 52 +35 51 33 CCDM 5355+3551
05 36 19 +36 14 07 PPM 70585
05 36 32 +36 24 09 CCDM 5362+3624
05 36 34 +34 07 19 CCDM 5362+3407
05 36 41 +34 12 36 CCDM 5363+3412
05 36 42 +34 10 00 CCDM 5364+3410
05 36 43 +34 08 12 SAO 58234
05 36 48 +34 07 31 CCDM 5365+3407
05 37 28 +41 49 52 HD 36929
05 37 51 +31 46 52 HD 245416
05 38 18 +36 42 28 CCDM 5380+3642
05 38 19 +31 45 03 CCDM 5380+3145
05 38 36 +34 24 45 CCDM 5383+3425
05 38 57 +30 29 42 26 Aur
05 39 02 +32 28 39 HD 37252
05 39 09 +37 03 29 CCDM 5388+3703
05 39 13 +37 27 23 CCDM 5389+3727
05 39 56 +53 52 16 HD 37155
05 40 34 +37 21 33 CCDM 5402+3721
05 41 18 +33 42 52 CCDM 5410+3343
05 41 44 +53 29 00 HR 1925
05 41 43 +32 23 04 CCDM 5414+3223
05 41 40 +29 29 23 HR 1945
05 42 52 +40 53 17 SAO 40546
05 42 48 +29 51 09 HD 37800
05 43 09 +33 22 36 HD 246482
05 43 36 +43 22 33 ADS 4283
05 43 38 +41 07 29 HD 37841
05 44 24 +30 56 09 HD 38017
05 44 46 +40 24 24 HD 37977
05 44 54 +31 33 27 CCDM 5446+3133
05 44 57 +29 01 07 HD 38116
05 45 20 +55 43 02 HD 37880
05 45 37 +33 43 47 HD 246985
05 45 53 +53 19 44 HD 37996
05 45 56 +30 10 10 HD 38231
05 46 22 +37 17 11 HD 38230
05 46 36 +31 52 13 CCDM 5463+3152
05 47 39 +32 22 03 ADS 4368
05 47 44 +29 39 32 HD 38491
05 48 19 +44 21 40 ADS 4375
05 48 30 +30 32 12 HD 38583
05 49 59 +31 46 34 ADS 4415
05 50 06 +32 58 27 HD 247909
05 50 16 +31 47 13 HD 38819
05 50 24 +39 34 39 HIP 27553
05 51 50 +39 08 59 Nu Aur
05 51 58 +32 29 37 CCDM 5516+3230
05 52 14 +48 44 30 BD +48 01314
05 52 16 +32 33 40 CCDM 5519+3234
05 52 21 +37 50 00 HD 39094
05 52 18 +32 37 01 CCDM 5520+3237
05 52 18 +31 36 23 CCDM 5520+3136
05 52 26 +32 28 13 CCDM 5521+3228
05 52 36 +32 36 24 CCDM 5523+3236
05 52 39 +32 33 14 CCDM 5523+3233
05 52 35 +32 30 36 CCDM 5523+3231
05 52 39 +32 27 41 CCDM 5523+3228
05 52 44 +46 48 45 HD 39044
05 52 44 +32 35 00 CCDM 5524+3235
05 52 51 +32 34 43 CCDM 5525+3235
05 52 50 +32 32 00 CCDM 5525+3232
05 52 51 +32 25 07 CCDM 5525+3225
05 52 52 +40 08 58 HD 39154
05 52 58 +32 31 48 CCDM 5526+3232
05 53 08 +32 33 03 HD 248521
05 53 05 +29 46 08 HD 39274
05 53 13 +34 26 46 HD 39251
05 53 16 +31 45 49 ADS 4465
05 53 26 +41 27 11 SAO 40676
05 53 37 +36 24 02 CCDM 5533+3624
05 53 40 +31 29 17 HD 248661
05 53 49 +37 20 24 HD 39315
05 53 51 +32 17 10 HD 39355
05 54 01 +50 10 46 HD 39198
05 54 35 +30 29 41 HD 39477
05 54 43 +38 35 58 HD 39433
05 54 47 +31 09 43 HD 248890
05 55 13 +37 37 42 CCDM 5549+3738
05 55 41 +29 57 52 HD 39677
05 56 02 +53 27 37 HD 39430
05 56 05 +52 58 42 HD 39448
05 56 40 +43 55 21 BD +43 01382
05 56 56 +52 56 26 HD 39568
05 56 52 +37 06 47 CCDM 5565+3707
05 57 09 +37 09 37 CCDM 5568+3710
05 57 17 +46 40 48 SAO 40719
05 57 57 +42 38 40 PPM 48590
05 58 03 +32 29 09 HD 249495
05 58 11 +37 03 55 BD +37 01366
05 58 43 +29 37 38 HIP 28270
05 59 13 +31 42 30 CCDM 5589+3142
05 59 13 +31 03 06 CCDM 5589+3103
05 59 47 +52 41 39 HD 233187
05 59 57 +54 17 05 Delta Aur
05 59 54 +44 56 51 Menkalinan
06 00 03 +37 12 45 Theta Aur
06 00 21 +53 09 47 ADS 4559
06 00 36 +43 10 53 HD 40326
06 00 41 +44 35 31 HR 2096
06 00 43 +34 18 40 CCDM 6004+3419
06 01 34 +31 32 27 HD 40587
06 01 57 +36 30 55 HD 40598
06 01 58 +35 14 35 CCDM 6016+3515
06 02 26 +38 43 12 HD 40669
06 03 55 +35 49 51 BD +35 01322
06 03 58 +33 00 40 CCDM 6036+3301
06 04 53 +51 34 22 HR 2123
06 04 53 +30 14 02 HD 41163
06 05 33 +43 02 16 ADS 4648
06 06 15 +48 14 54 HD 41161
06 06 29 +35 23 13 HR 2141
06 06 41 +29 30 42 HR 2146
06 07 24 +41 45 38 HD 41414
06 07 46 +36 16 26 HD 41523
06 08 12 +28 57 36 HD 251914
06 08 27 +37 14 26 HIP 29084
06 08 33 +37 58 54 HD 41637
06 08 44 +31 12 07 HD 41750
06 08 55 +47 25 16 SAO 40880
06 09 46 +34 27 28 CCDM 6094+3427
06 10 01 +55 04 40 HD 237468
06 10 02 +43 08 23 HD 41847
06 11 33 +44 44 42 BD +44 01380
06 11 38 +30 40 20 HD 42313
06 11 52 +43 09 50 HD 42196
06 12 00 +48 42 35 41 Aur
06 12 03 +43 05 21 PPM 48839
06 12 24 +29 29 27 HD 42454
06 14 15 +39 43 10 PPM 71370
06 14 46 +51 09 53 HD 42614
06 14 48 +38 23 35 SAO 58880
06 15 29 +44 09 29 PPM 48885
06 15 59 +36 08 48 HR 2217
06 18 32 +53 40 09 HD 43227
06 19 29 +39 46 20 HD 43623
06 19 41 +39 34 11 SAO 58980
06 20 18 +28 25 27 HD 43885
06 20 46 +29 39 38 HD 255211
06 20 57 +47 07 04 HD 43794
06 22 10 +39 07 43 BD +39 01600
06 23 42 +28 45 11 HD 44512
06 24 26 +37 33 16 SAO 59041
06 25 11 +31 49 37 HD 256465
06 25 54 +40 20 49 ADS 5027
06 26 17 +51 52 20 HD 44672
06 26 27 +41 35 01 SAO 41093
06 27 15 +29 51 04 CCDM 6269+2951
06 27 51 +34 57 07 SAO 59092
06 28 29 +30 25 00 HD 257491
06 28 46 +40 18 06 ADS 5082
06 28 43 +31 15 38 PPM 71658
06 28 50 +43 03 53 HD 45233
06 29 05 +37 22 38 HD 45373
06 29 17 +49 43 20 HD 45232
06 29 15 +40 06 58 HD 45372
06 29 28 +42 39 34 HD 45371
06 30 06 +36 35 58 HD 45540
06 30 36 +30 26 35 HD 258213
06 31 02 +51 46 32 HD 233252
06 32 05 +31 30 22 HD 258665
06 34 15 +31 39 58 HD 259341
06 34 22 +52 27 26 HD 46048
06 34 23 +47 46 31 ADS 5180
06 34 40 +38 04 19 HD 46296
06 34 46 +29 11 58 CCDM 6345+2912
06 35 03 +38 32 09 HD 46359
06 35 26 +37 03 37 HD 46451
06 35 42 +37 42 40 HD 46482
06 36 38 +37 59 15 HD 46639
06 36 54 +38 26 28 UU Aur
06 37 08 +41 07 51 HD 46704
06 37 19 +38 12 43 BD +38 01542
06 37 38 +38 25 28 HD 46824
06 38 56 +52 17 24 HD 46862
06 38 58 +40 19 55 HD 47047
06 39 02 +41 34 36 HD 47046
06 39 34 +31 35 13 HD 261026
06 39 41 +42 29 03 Psi 2 Aur
06 40 30 +33 42 10 HD 261309
06 40 38 +39 19 30 SAO 59344
06 41 14 +48 15 00 HD 47375
06 42 07 +44 01 14 HIP 32048
06 42 48 +39 01 46 HD 47834
06 44 40 +44 13 57 ADS 5373
06 44 38 +40 37 04 HD 48228
06 47 06 +43 34 19 Psi 5 Aur
06 47 20 +36 55 04 SAO 59476
06 48 42 +41 04 42 HD 49010
06 50 23 +46 10 43 HD 49288
06 50 20 +40 59 29 HD 49363
06 50 33 +39 56 49 HD 49403
06 50 44 +43 44 54 HD 49401
06 51 07 +41 46 30 Psi 7 Aur
06 51 33 +40 29 21 SAO 41388
06 52 25 +40 23 54 SAO 41397
06 53 22 +38 51 46 59 Aur
06 55 48 +48 33 28 HD 50363
06 55 52 +37 54 31 HD 50576
06 56 24 +40 40 07 BD +40 01756
06 56 28 +49 11 25 PPM 49453
06 56 49 +40 04 04 SAO 41448
06 56 59 +46 31 54 HD 50718
06 58 23 +39 23 51 BD +39 01796
06 59 47 +37 05 27 HD 51560
07 00 35 +42 58 38 HD 51611
07 01 58 +39 49 47 SAO 59700
07 04 51 +41 36 33 PPM 49576
07 05 30 +41 51 46 HD 52953
07 06 12 +36 02 27 HD 53229
07 06 31 +38 15 05 BD +38 01683
07 06 59 +38 01 11 BD +38 01686
07 09 10 +35 53 25 HD 54014
07 09 46 +36 33 18 HD 54159
07 09 59 +38 27 57 BD +38 01697
07 10 33 +38 07 19 HD 54369
07 21 17 +43 35 05 ADS 5989
07 24 56 +37 48 05 HD 57815
07 25 34 +39 47 31 BD +40 01858
07 26 29 +37 48 46 HD 58185
07 28 10 +39 45 23 SAO 60092
07 28 52 +42 44 31 HD 58662
07 28 50 +36 06 53 PPM 72826
