03 16 41 +60 03 13 HD 20053
03 21 36 +59 11 08 HD 20547
03 22 30 +62 45 33 HD 20588
03 24 43 +67 28 22 HD 20711
03 24 51 +58 26 55 HD 20847
03 27 16 +58 17 25 HD 21084
03 28 33 +61 25 02 CCDM 3281+6124
03 28 53 +59 55 26 HIP 16183
03 29 29 +59 57 26 HR 1035
03 30 10 +59 56 06 HD 237146
03 30 23 +55 28 08 HR 1046
03 30 35 +59 22 58 HR 1043
03 31 18 +55 58 23 HD 21522
03 32 29 +67 36 08 HD 21476
03 33 56 +58 46 55 HR 1068
03 34 24 +60 25 32 HD 21801
03 34 53 +53 35 46 HD 232808
03 35 26 +60 03 28 HR 1077
03 35 57 +53 55 06 HD 232811
03 36 30 +63 18 16 HD 21971
03 39 42 +66 40 38 SAO 12842
03 40 26 +63 53 10 HD 22399
03 41 31 +60 40 20 HD 22577
03 42 14 +62 39 51 U Cam
03 42 13 +53 18 34 HD 232821
03 42 32 +54 36 38 SAO 24165
03 43 05 +62 56 55 SAO 12879
03 43 08 +59 59 07 HR 1112
03 43 15 +69 51 40 HIP 17347
03 44 13 +65 59 37 HD 22776
03 46 04 +75 22 01 HD 22635
03 46 18 +66 06 53 ADS 2719
03 46 46 +71 38 00 HD 22912
03 47 03 +75 23 36 PPM 5365
03 49 44 +57 08 00 HR 1161
03 50 53 +71 20 50 Gamma Cam
03 51 04 +60 08 17 HD 23726
03 52 15 +70 31 22 HD 23602
03 52 21 +56 02 03 HD 237187
03 56 37 +59 39 23 HD 24409
03 57 38 +69 31 47 HD 24297
03 57 34 +61 07 23 HR 1205
04 01 13 +53 23 27 PPM 28842
04 01 52 +69 56 01 PPM 14607
04 02 25 +62 31 40 HIP 18818
04 03 05 +54 28 42 HD 232876
04 04 53 +55 45 14 HIP 19021
04 05 01 +55 04 47 HD 25362
04 06 16 +62 11 13 SAO 13008
04 07 08 +72 02 54 SAO 5086
04 07 58 +60 09 24 HD 25640
04 08 18 +62 20 35 HR 1260
04 08 24 +61 41 26 SAO 13032
04 10 08 +78 26 35 HD 25179
04 10 54 +60 10 10 HD 25993
04 11 10 +57 10 30 CCDM 4108+5710
04 12 59 +68 00 10 HD 26060
04 13 13 +76 14 57 HD 25689
04 17 02 +70 31 13 CCDM 4165+7031
04 17 32 +64 09 03 PPM 14738
04 17 31 +53 22 43 HD 26811
04 18 38 +61 55 28 HD 26801
04 18 49 +67 34 33 HD 26706
04 19 04 +60 50 45 ADS 3104
04 19 41 +61 35 45 HD 26936
04 21 28 +70 23 55 PPM 5563
04 21 26 +57 48 16 HD 237246
04 21 27 +55 32 34 HD 27232
04 23 24 +59 37 39 HR 1352
04 23 47 +63 21 55 SAO 13122
04 23 54 +53 57 33 BD +53 00762
04 25 14 +69 12 47 PPM 14817
04 25 47 +56 23 23 HD 27696
04 26 18 +60 16 01 HD 27705
04 30 41 +55 30 47 HD 237273
04 30 54 +64 15 00 HD 28123
04 31 22 +63 25 35 HD 28184
04 32 26 +53 55 17 1 Cam
04 33 41 +52 48 55 HD 28604
04 34 27 +53 01 44 HD 28675
04 38 02 +62 59 19 HD 28924
04 38 43 +71 28 47 HD 28760
04 39 02 +56 56 22 HD 237293
04 40 48 +53 28 43 HD 29362
04 42 40 +58 45 55 HD 237302
04 43 22 +53 08 51 HD 29644
04 44 25 +69 06 02 SAO 13242
04 45 25 +57 18 10 PPM 29361
04 48 26 +53 07 50 HD 30167
04 49 11 +53 08 02 BD +52 00882
04 50 35 +66 32 37 HD 30164
04 51 16 +66 37 02 SAO 13284
04 52 33 +63 30 49 HR 1527
04 54 23 +67 29 44 HD 30555
04 54 41 +60 35 46 HD 30768
04 57 54 +56 39 12 HD 237335
04 59 04 +65 19 32 BD +65 00443
04 59 30 +69 19 05 HD 31133
05 00 26 +80 08 51 SAO 782
05 00 31 +70 03 41 HD 31231
05 00 42 +69 57 58 HD 31264
05 00 59 +69 25 36 HD 31313
05 02 33 +68 43 25 SAO 13337
05 02 56 +54 50 15 HD 31893
05 03 52 +60 26 56 Beta Cam
05 04 01 +63 05 33 HD 31865
05 03 54 +63 00 42 SAO 13346
05 04 59 +58 52 03 HD 32142
05 05 48 +69 23 08 HD 31891
05 06 34 +58 58 44 11 Cam
05 06 46 +54 24 42 HR 1630
05 07 56 +55 32 47 HD 32606
05 08 22 +68 49 31 BD +68 00364
05 08 40 +73 35 52 HD 32086
05 10 42 +75 41 17 HD 32230
05 11 12 +63 36 11 HD 32893
05 13 14 +67 50 27 SAO 13401
05 14 43 +75 28 11 SAO 5462
05 14 53 +69 49 45 HD 33164
05 15 19 +76 28 42 HR 1650
05 21 09 +63 10 11 HD 34277
05 21 40 +78 22 46 HIP 24969
05 21 36 +71 13 32 HD 34061
05 22 16 +64 54 33 HIP 25046
05 23 24 +79 14 08 HR 1686
05 23 17 +66 12 52 HD 34491
05 24 21 +73 47 42 HD 34254
05 25 16 +64 44 08 HD 34804
05 26 46 +74 05 35 SAO 5523
05 27 16 +57 48 44 HD 237390
05 28 18 +74 33 38 HD 34740
05 29 26 +67 55 11 HIP 25665
05 30 11 +62 41 54 SAO 13512
05 32 02 +64 19 20 HD 35759
05 33 43 +62 11 50 SAO 13532
05 34 37 +69 39 50 HD 35919
05 36 44 +56 41 34 HD 237404
05 37 18 +63 30 40 HIP 26358
05 37 44 +64 09 27 19 Cam
05 40 54 +74 00 44 SAO 5600
05 42 36 +71 38 53 HD 36990
05 43 14 +79 20 03 HD 36258
05 43 21 +65 07 58 HD 37337
05 44 06 +66 32 48 HD 37419
05 47 39 +56 30 46 HD 237419
05 50 56 +64 56 46 SAO 13626
05 51 00 +56 55 12 29 Cam
05 51 31 +65 45 19 HIP 27634
05 52 49 +60 51 52 SAO 13636
05 55 54 +76 52 12 HD 38399
05 56 13 +64 19 37 HD 39218
05 59 57 +58 52 36 HD 39921
06 01 45 +65 31 30 HD 40034
06 02 51 +64 58 05 HD 40202
06 11 36 +67 58 31 SAO 13738
06 11 58 +57 01 27 HD 41963
06 13 11 +68 54 57 HD 41706
06 16 06 +66 08 48 HD 42417
06 16 08 +59 59 49 40 Cam
06 18 44 +62 11 44 HD 43016
06 22 12 +84 10 35 HD 40456
06 24 27 +64 54 31 HD 43960
06 24 51 +73 54 46 HD 43494
06 28 48 +70 31 55 HR 2285
06 30 12 +73 00 39 HD 44534
06 30 13 +72 58 14 SAO 5866
06 36 48 +82 32 08 HD 43883
06 38 48 +64 43 49 HD 46463
06 40 41 +67 19 07 HD 46701
06 42 59 +66 11 34 HD 47215
06 50 59 +65 56 49 HD 48860
07 04 44 +75 13 11 HD 51067
07 05 31 +72 39 42 HD 51609
07 06 48 +62 50 10 HD 52652
07 07 22 +62 32 21 HD 52821
07 11 39 +64 10 45 HD 53843
07 18 56 +63 32 20 SAO 14142
07 21 02 +68 31 50 HD 55943
07 22 43 +59 53 32 47 Cam
07 26 54 +69 28 24 HD 57308
07 27 11 +73 04 21 HD 57044
07 28 12 +62 59 08 HD 57974
07 45 54 +75 47 07 HD 61010
07 46 14 +60 52 36 HD 62067
07 46 20 +65 08 28 HD 61907
07 47 21 +63 30 02 BD +63 00734
07 47 28 +64 02 22 HD 62195
08 02 58 +63 04 34 HR 3112
08 06 14 +68 22 02 HD 65871
08 06 32 +71 46 33 HD 65754
08 17 16 +79 29 07 HD 67064
08 22 45 +74 48 15 HD 69054
08 37 23 +74 42 22 HR 3352
09 08 42 +81 01 15 HD 76702
09 22 08 +81 21 47 HD 79005
10 54 13 +79 45 47 SAO 1780
10 58 31 +85 42 45 SAO 1784
11 02 52 +83 11 42 HD 94859
11 09 55 +83 04 07 SAO 1824
11 30 39 +81 00 35 HD 99687
12 11 13 +81 40 55 HR 4639
12 13 53 +78 24 22 HD 106364
12 16 25 +80 05 50 HD 106799
12 48 37 +81 32 07 SAO 2096
12 49 17 +83 23 08 HR 4893
12 59 15 +82 54 28 HD 113467
