06 14 38 -53 04 52 HD 43677
06 16 22 -52 24 50 HD 43999
06 20 31 -54 31 06 SAO 234454
06 34 21 -52 19 22 PPM 335279
06 37 42 -55 20 53 HD 47910
06 44 19 -54 42 03 HD 49219
06 46 48 -54 42 02 HR 2524
06 51 05 -56 14 46 HD 50715
06 52 19 -56 30 54 HD 50994
06 56 05 -55 35 59 HD 51904
07 03 22 -57 30 37 HD 53869
07 03 20 -59 11 08 HR 2674
07 03 56 -51 52 47 SAO 234894
07 05 29 -52 37 02 HD 54290
07 08 40 -60 41 20 SAO 249748
07 09 20 -56 22 06 HD 55327
07 09 55 -56 22 47 HD 55477
07 10 30 -55 35 46 HD 55598
07 10 48 -51 22 47 SAO 234992
07 12 51 -57 29 58 HD 56216
07 15 41 -63 11 19 HD 57126
07 19 06 -52 32 57 HD 57553
07 20 24 -57 41 26 SAO 235115
07 20 28 -52 19 15 HR 2813
07 20 46 -52 12 30 HD 57918
07 21 01 -56 47 24 HD 58116
07 21 40 -55 21 27 HD 58203
07 21 45 -61 57 40 HD 58448
07 24 38 -57 56 26 SAO 235177
07 24 32 -62 32 38 SAO 249847
07 28 26 -55 39 18 HD 59745
07 29 37 -55 18 57 HD 59994
07 33 06 -55 10 14 HD 60734
07 33 47 -57 46 28 SAO 235301
07 36 21 -53 49 53 HD 61392
07 37 45 -57 35 59 SAO 235370
07 42 26 -58 40 55 HD 62805
07 43 32 -52 31 13 HD 62849
07 45 36 -58 58 03 HD 63427
07 46 20 -59 49 36 HD 63581
07 47 18 -59 05 32 HD 63789
07 47 45 -53 11 16 HD 63708
07 47 52 -58 32 40 HD 63871
07 48 42 -63 42 06 HD 64186
07 49 46 -55 05 30 HD 64162
07 51 55 -51 25 19 CCDM 7518-5125
07 52 18 -59 37 36 HD 64784
07 55 31 -53 38 11 HD 65297
07 56 50 -60 49 43 SAO 250023
07 57 52 -60 19 00 HR 3138
07 58 27 -60 52 17 HIP 38966
07 58 55 -60 39 30 CP -60 01005
08 00 08 -57 47 10 SAO 235668
08 00 09 -60 47 22 HD 66442
08 01 06 -61 32 17 HD 66657
08 01 30 -54 31 47 HR 3157
08 02 35 -55 03 04 HD 66820
08 04 47 -62 51 03 V375 Car
08 04 58 -55 00 15 HD 67365
08 05 07 -60 24 09 HD 67515
08 08 09 -51 45 09 HD 67989
08 08 18 -61 05 31 HD 68279
08 15 21 -62 55 52 HR 3260
08 18 05 -59 11 34 CP -58 01095
08 19 04 -60 12 37 HIP 40741
08 20 08 -57 41 22 HD 70620
08 22 31 -55 14 16 HIP 41026
08 28 34 -61 13 24 HD 72255
08 31 08 -60 29 52 HD 72677
08 36 02 -63 38 10 PPM 356819
08 37 24 -62 52 16 HR 3432
08 40 51 -57 33 49 HR 3455
08 42 11 -62 00 55 PPM 356881
08 43 21 -56 22 40 SAO 236221
08 45 05 -58 21 51 HD 75069
08 45 13 -58 44 34 HR 3489
08 47 15 -63 49 52 HD 75541
08 51 52 -58 23 06 HD 76163
08 51 58 -63 42 00 HD 76285
08 55 15 -62 55 15 HD 76790
08 57 05 -59 14 56 V376 Car
08 57 36 -62 55 00 HD 77146
09 03 18 -62 22 18 HD 78084
09 04 56 -57 52 21 HR 3622
09 05 39 -66 37 59 HD 78601
09 08 06 -64 03 15 HD 78977
09 11 11 -60 58 27 HD 79388
09 11 41 -57 59 20 HD 79421
09 12 44 -61 06 37 HD 79654
09 17 29 -70 24 36 HD 80766
09 17 24 -74 54 56 HR 3720
09 17 59 -69 49 33 HD 80807
09 18 13 -69 42 52 HD 80839
09 21 42 -60 51 07 HD 81175
09 23 41 -67 30 47 HD 81668
09 24 43 -70 25 54 HD 81910
09 25 35 -61 58 20 HR 3752
09 27 09 -59 01 37 HD 82023
09 28 04 -57 21 05 HD 82125
09 31 27 -73 46 09 HIP 46720
09 32 06 -67 21 05 HD 311256
09 32 58 -67 39 54 HD 83112
09 33 26 -57 59 08 HD 82988
09 35 48 -68 13 58 HD 83531
09 36 01 -67 18 10 HIP 47097
09 38 35 -57 33 13 HD 83742
09 40 00 -59 18 25 HD 84000
09 42 20 -66 56 16 HD 84416
09 43 26 -60 03 09 HD 84464
09 44 16 -69 49 00 HD 84797
09 45 10 -69 47 07 HD 84910
09 45 22 -59 29 56 HD 84759
09 45 45 -70 08 29 HD 85012
09 47 13 -65 05 43 Upsilon Car
09 47 46 -61 03 49 HD 85138
09 47 58 -65 08 40 HD 85233
09 49 12 -63 02 44 HD 85394
09 50 24 -57 34 11 HD 85494
09 50 22 -58 14 21 HD 85496
09 51 11 -58 09 03 HD 85610
09 51 47 -59 18 31 HD 85716
09 52 04 -60 27 31 HD 85768
09 55 12 -69 12 46 HD 86388
09 55 40 -57 58 43 HD 86269
09 57 23 -59 55 08 HD 86555
09 59 56 -59 17 53 HD 86909
10 00 04 -60 26 00 HD 86960
10 01 16 -59 45 29 HD 87136
10 01 32 -59 41 17 CP -59 01663
10 02 07 -60 06 07 HD 304835
10 05 18 -67 16 59 HD 87849
10 06 54 -61 06 41 HIP 49525
10 07 42 -59 05 08 HD 302564
10 07 38 -62 15 51 HD 88103
10 08 51 -65 50 25 HR 3995
10 09 02 -61 54 39 HD 88294
10 13 06 -65 11 28 HD 88894
10 13 57 -65 43 53 HD 89009
10 14 39 -68 53 55 CP -68 01067
10 15 14 -67 18 39 HD 89205
10 17 19 -66 37 00 HD 89465
10 19 14 -64 42 06 HR 4065
10 20 13 -67 11 35 HD 89891
10 20 34 -63 21 43 HD 89876
10 20 47 -71 10 26 HD 90037
10 20 58 -67 33 04 HD 89974
10 21 49 -69 21 30 HD 90121
10 22 21 -65 42 56 HD 90152
10 22 48 -57 41 46 HD 90102
10 24 33 -61 34 39 HD 90398
10 28 59 -62 36 34 HD 91027
10 28 59 -66 43 20 HD 91095
10 29 10 -58 49 10 HD 91023
10 30 50 -61 22 56 HR 4128
10 31 18 -61 36 08 HD 91342
10 31 16 -68 55 23 HD 91423
10 32 03 -59 35 32 CP -58 02276
10 32 03 -72 08 11 HD 91601
10 32 12 -70 06 36 HD 91561
10 32 24 -59 52 29 HD 91464
10 32 40 -72 27 15 HD 91680
10 35 06 -64 09 35 HD 91906
10 35 17 -57 42 11 HD 91869
10 35 58 -58 15 46 CD -57 03348
10 36 10 -58 13 56 CP -57 03524
10 36 35 -58 58 42 HD 92061
10 37 34 -58 38 57 HD 92206
10 37 43 -65 23 59 HD 92276
10 37 47 -73 36 18 HD 92438
10 38 25 -59 09 39 CCDM 10382-5908
10 38 56 -59 12 33 HR 4177
10 39 02 -64 31 27 HD 92467
10 39 12 -58 50 35 HR 4179
10 39 34 -67 11 29 HD 92571
10 39 41 -65 06 34 HD 92570
10 40 47 -59 34 11 HD 92662
10 41 39 -61 03 22 HD 92797
10 42 22 -59 59 34 CCDM 10421-5958
10 42 58 -60 13 36 HD 305453
10 43 20 -61 11 42 HD 93010
10 44 01 -59 58 58 CD -59 03268
10 43 59 -60 07 24 CP -59 02540
10 44 12 -60 06 45 HD 93146
10 44 21 -59 36 09 HD 93161
10 44 29 -70 53 10 HR 4211
10 44 45 -57 35 30 VY Car
10 44 46 -59 45 50 HD 93205
10 44 56 -59 23 00 HD 93249
10 45 16 -59 42 39 Eta Car
10 45 25 -59 46 22 CCDM 10452-5945
10 45 58 -57 20 38 HD 93389
10 46 25 -59 20 40 HD 93469
10 46 28 -60 55 44 HD 93504
10 46 37 -59 28 18 HD 93500
10 47 25 -60 07 26 HD 93632
10 47 32 -65 56 39 HD 93684
10 48 02 -70 32 59 CP -69 01386
10 48 24 -63 39 00 HIP 52839
10 49 07 -59 28 23 HD 93873
10 49 30 -68 46 23 HD 94008
10 51 11 -59 59 02 HD 94173
10 52 35 -58 46 24 HD 94370
10 53 04 -72 45 27 HD 94572
10 53 13 -63 06 52 HD 94466
10 53 42 -58 52 47 HR 4257
10 53 40 -61 41 11 HD 94534
10 53 52 -70 44 49 HR 4262
10 54 42 -61 51 12 HR 4266
10 54 40 -63 59 58 HD 94684
10 55 04 -58 35 51 HD 94714
10 56 26 -66 09 50 HD 94945
10 56 36 -57 34 41 HD 94909
10 57 11 -71 22 51 PPM 785328
10 57 31 -69 03 53 HD 95122
10 57 54 -62 45 49 HD 95121
10 59 26 -61 20 52 HR 4290
10 59 32 -72 21 33 HD 95482
10 59 59 -60 26 19 HD 95414
11 00 46 -73 00 42 HD 95673
11 01 55 -57 17 27 HD 95672
11 02 36 -60 32 35 HD 95826
11 04 43 -61 48 00 HD 96194
11 05 09 -61 04 43 HD 96264
11 05 16 -59 44 26 HD 96261
11 05 12 -60 31 39 HD 96263
11 05 38 -60 56 12 HD 305994
11 06 04 -59 21 26 HD 96431
11 06 24 -58 43 27 CP -58 03099
11 07 45 -61 24 30 HD 96716
11 08 32 -64 37 43 HD 96901
11 10 41 -60 17 49 HD 97207
11 11 32 -59 56 52 HD 306145
11 11 52 -60 28 14 HD 97400
11 12 22 -58 13 12 HD 97470
11 12 17 -71 14 41 HD 97535
11 17 41 -59 07 57 HD 98278
11 17 42 -72 30 34 HD 98373
11 18 34 -59 15 35 HD 98385
