00 00 40 +60 27 11 CCDM 0004+6026
00 01 31 +60 22 59 WZ Cas
00 02 05 +64 39 09 SAO 21015
00 02 07 +63 20 39 BD +62 02350
00 02 52 +66 07 36 HR 9094
00 03 01 +59 59 16 HD 240480
00 03 34 +60 55 05 CCDM 0033+6053
00 04 19 +60 52 30 CCDM 0041+6051
00 04 30 +62 18 56 9 Cas
00 04 25 +50 00 58 HD 225171
00 05 11 +58 33 36 HD 225257
00 05 10 +49 40 32 SAO 36040
00 06 17 +60 53 42 BD +60 02668
00 06 13 +49 39 00 HD 98
00 06 32 +58 27 52 HR 5
00 16 58 +54 41 17 HD 1210
00 17 27 +57 38 03 HD 1277
00 18 01 +53 44 20 HD 1335
00 19 22 +65 14 54 HD 1456
00 19 30 +59 43 58 V377 Cas
00 20 33 +54 13 44 HD 232161
00 22 00 +65 49 58 BD +65 00037
00 22 08 +66 29 42 HD 1696
00 22 50 +50 34 46 PPM 25262
00 23 10 +62 16 09 HD 1810
00 23 08 +54 21 24 HD 1821
00 23 28 +51 47 46 HD 1846
00 23 29 +47 17 46 HD 1864
00 25 36 +51 35 56 HD 232184
00 26 29 +56 48 25 HD 2170
00 27 17 +64 32 12 BD +63 00049
00 27 28 +50 00 49 HD 2301
00 28 02 +50 03 02 SAO 36382
00 29 02 +58 03 09 ADS 391
00 29 33 +64 16 37 HD 2498
00 30 46 +59 43 29 HD 236439
00 31 18 +55 40 49 HD 232208
00 31 25 +56 49 22 HD 236444
00 31 35 +63 22 12 HIP 2460
00 31 46 +49 05 55 SAO 36439
00 32 39 +58 21 58 HD 2851
00 33 37 +58 38 18 HD 236463
00 33 55 +50 08 35 BD +49 00126
00 33 56 +62 48 59 HD 2973
00 34 51 +62 55 51 HD 3067
00 35 16 +56 37 45 HD 3124
00 35 44 +58 42 22 HD 3163
00 36 07 +57 57 13 CCDM 0358+5756
00 36 19 +72 31 34 HD 3162
00 36 31 +63 45 23 ADS 495
00 36 35 +70 36 14 CCDM 0363+7035
00 36 50 +58 32 20 HD 236477
00 37 06 +60 32 35 HD 236479
00 38 05 +72 55 20 HD 3366
00 38 59 +46 59 03 HD 3531
00 39 27 +49 22 56 HR 164
00 40 19 +76 53 55 HD 3553
00 40 47 +56 33 53 Shedir
00 41 35 +52 41 10 HD 232250
00 42 59 +71 23 35 HD 3891
00 43 47 +61 49 42 CCDM 0435+6148
00 44 43 +77 14 14 HD 4012
00 45 29 +53 34 33 HD 4215
00 45 34 +55 14 55 HR 196
00 45 59 +75 00 55 21 Cas
00 46 08 +49 52 25 SAO 36632
00 46 08 +55 00 18 HD 4277
00 46 39 +65 18 06 CCDM 0463+6516
00 47 42 +51 07 24 HD 4475
00 48 16 +51 28 19 HD 4536
00 48 30 +65 08 49 HD 4523
00 49 24 +57 50 33 Achird
00 49 38 +61 02 06 ADS 676
00 49 48 +75 39 21 BD +74 00030
00 49 50 +55 35 33 HD 232283
00 50 05 +70 28 36 HD 4635
00 49 58 +60 47 11 HD 4674
00 50 42 +50 39 27 HD 4777
00 52 04 +48 05 02 HD 4912
00 53 04 +68 53 35 HIP 4116
00 53 07 +56 39 17 HD 5005
00 53 22 +61 09 04 HR 244
00 53 54 +68 36 46 HD 5047
00 54 09 +54 35 50 HD 232308
00 54 05 +52 42 58 HR 250
00 54 37 +69 04 27 HD 5109
00 55 24 +64 23 42 HD 5221
00 56 28 +54 04 16 HD 232322
00 57 01 +60 44 37 Gamma Cas
00 57 09 +64 04 19 ADS 779
00 57 18 +57 31 09 HD 5430
00 57 35 +60 21 57 HD 236582
00 57 38 +52 16 01 HD 5492
00 58 23 +67 43 29 SAO 11496
00 58 18 +49 56 11 BD +49 00252
00 58 36 +57 00 55 HD 5564
00 58 40 +54 27 09 HD 232332
00 59 34 +59 44 36 HD 236592
01 01 44 +49 34 16 HD 5927
01 01 52 +62 30 57 CCDM 1015+6229
01 02 55 +61 36 49 HD 6017
01 03 56 +63 42 52 HD 6129
01 03 56 +61 06 05 HR 292
01 04 30 +50 38 02 ADS 876
01 05 49 +62 54 49 ADS 885
01 07 27 +53 31 29 HR 318
01 08 11 +70 02 17 CCDM 1078+7001
01 08 37 +67 30 36 HD 6599
01 10 19 +52 03 36 HD 6843
01 10 26 +51 46 24 HD 6872
01 10 52 +51 02 23 HD 6918
01 11 24 +55 10 35 Marfak
01 12 24 +65 20 41 ADS 975
01 12 23 +61 12 45 ADS 977
01 12 37 +51 33 05 HD 7114
01 12 58 +53 12 31 HD 232394
01 13 29 +61 43 57 HR 354
01 14 01 +65 38 35 HD 7188
01 16 59 +74 03 12 HD 7406
01 17 03 +68 42 08 HD 7472
01 17 22 +56 31 50 HD 7587
01 17 16 +53 47 40 HD 7599
01 17 34 +68 11 21 HD 7537
01 17 54 +75 55 15 SAO 4364
01 17 58 +63 47 47 SAO 11677
01 18 19 +53 56 35 HD 7721
01 19 17 +66 11 02 HIP 6156
01 19 42 +58 19 54 CCDM 1194+5818
01 20 01 +61 36 18 HD 7859
01 20 24 +58 15 28 Phi Cas
01 20 47 +56 53 14 HD 236700
01 21 07 +56 14 00 HD 8026
01 21 25 +64 41 03 35 Cas
01 23 40 +58 10 09 HR 391
01 24 31 +72 52 24 HD 8226
01 24 39 +58 59 09 SAO 22241
01 24 52 +53 12 43 HD 8425
01 26 17 +68 09 21 Psi Cas
01 27 46 +60 18 37 HD 236740
01 27 51 +63 23 10 ADS 1146
01 27 58 +64 30 05 SAO 11766
01 30 27 +63 36 29 SAO 11781
01 32 01 +61 04 06 HD 9145
01 32 36 +58 26 33 HD 236773
01 32 58 +54 46 21 HD 9285
01 33 13 +56 29 38 PPM 26443
01 33 34 +60 42 43 HD 9311
01 34 05 +60 38 55 HD 9365
01 35 09 +69 55 34 HD 9382
01 36 23 +54 59 48 HD 232471
01 37 03 +64 31 59 HD 9681
01 37 41 +63 45 16 BD +62 00279
01 37 43 +58 39 46 HD 9812
01 37 56 +55 12 37 HD 232480
01 38 42 +72 36 29 HD 9775
01 39 02 +55 15 13 HD 232484
01 39 08 +63 44 31 HIP 7670
01 42 38 +58 39 10 HR 482
01 43 41 +60 34 35 44 Cas
01 44 07 +55 54 09 HD 10495
01 46 18 +71 43 14 HD 10563
01 46 56 +61 17 15 SAO 11974
01 47 32 +55 29 32 BD +54 00376
01 48 06 +63 52 38 HR 511
01 48 50 +60 28 01 HD 10871
01 49 03 +61 51 53 HD 10892
01 49 51 +56 46 20 HD 236885
01 51 12 +59 39 40 BD +58 00311
01 51 39 +64 52 47 HD 11092
01 52 15 +58 39 06 HD 11214
01 52 33 +66 28 24 HD 11161
01 54 23 +62 24 01 ADS 1501
01 54 53 +59 55 05 HD 11463
01 55 56 +76 14 56 HIP 8962
01 56 28 +60 36 19 HD 11632
01 56 45 +61 18 20 HIP 9037
01 58 41 +69 28 08 HD 11756
01 59 50 +62 55 48 SAO 12075
02 00 00 +64 38 45 HR 567
02 01 01 +58 33 04 HD 12098
02 01 34 +73 59 26 SAO 4545
02 01 41 +60 32 09 HD 12161
02 02 38 +75 31 34 HD 12013
02 03 37 +73 52 28 HR 579
02 05 24 +64 24 34 HD 12509
02 05 44 +67 41 54 SAO 12114
02 16 06 +67 41 43 HD 13579
02 17 14 +73 26 52 CCDM 2168+7326
02 17 45 +61 22 29 HD 13864
02 20 06 +60 03 08 HD 14172
02 20 30 +59 22 56 CCDM 2201+5922
02 22 11 +76 24 11 SAO 4623
02 22 16 +72 12 40 BD +71 00131
02 24 03 +74 07 34 SAO 4636
02 26 36 +61 08 00 ADS 1838
02 29 29 +67 25 29 Iota Cas
02 30 01 +60 40 46 V528 Cas
02 33 06 +61 28 41 HD 15558
02 37 18 +59 54 19 HD 16038
02 39 22 +62 36 46 HD 16218
02 39 33 +63 44 15 HD 16229
02 40 55 +61 30 20 HD 16410
02 41 08 +61 18 13 V482 Cas
02 41 28 +65 39 54 SAO 12384
02 41 31 +61 09 23 PPM 13804
02 43 15 +76 50 34 PPM 5070
02 44 44 +64 11 53 SAO 12418
02 46 26 +67 49 46 HD 16893
02 50 23 +64 39 05 HD 17327
02 50 42 +72 56 06 HD 17179
02 51 06 +62 49 48 SAO 12462
02 51 31 +60 26 18 HD 17505
02 51 59 +60 34 04 HD 237011
02 52 09 +58 20 04 HR 839
02 54 35 +60 40 16 SAO 12499
02 56 41 +72 54 22 HD 17785
02 56 43 +58 53 31 HD 237032
02 56 50 +64 21 09 HR 861
02 58 22 +64 00 58 HD 18138
02 58 35 +69 12 47 HD 18056
03 01 00 +65 49 14 PPM 14017
03 01 17 +59 41 08 HD 18473
03 01 23 +65 25 00 CCDM 3010+6524
03 01 33 +59 03 21 HD 18518
03 01 42 +66 35 51 SAO 12561
03 01 44 +60 35 33 CCDM 3013+6034
03 02 11 +58 52 08 HD 237051
03 03 46 +60 51 45 HIP 14221
03 05 04 +63 46 56 HD 18800
03 05 36 +70 12 44 HD 18728
03 06 01 +57 45 08 HD 18969
03 08 10 +75 49 21 HD 18787
03 11 15 +63 48 23 HD 19440
03 12 38 +60 56 40 BD +60 00639
03 14 58 +67 02 19 BD +66 00249
03 15 41 +73 53 11 HD 19615
03 22 14 +68 31 04 HIP 15665
22 58 19 +56 48 49 ADS 16415
22 58 30 +58 32 17 PPM 41322
23 02 19 +54 56 27 HD 236025
23 02 57 +55 15 48 V638 Cas
23 09 57 +59 21 36 2 Cas
23 10 23 +57 28 32 HD 218803
23 13 29 +57 11 44 HR 8832
23 13 42 +57 22 56 HD 240228
23 16 28 +54 26 00 HD 219573
23 17 51 +55 43 47 HD 236088
23 18 47 +54 11 06 HD 236094
23 20 42 +55 32 01 HD 220087
23 24 29 +61 36 57 SAO 20606
23 25 03 +62 18 37 4 Cas
23 27 23 +57 14 28 HD 240303
23 30 16 +58 34 35 AR Cas
23 31 06 +58 26 36 HD 221335
23 31 09 +62 20 57 SAO 20675
23 31 34 +52 26 18 HD 221377
23 32 56 +57 32 31 HD 240325
23 33 26 +57 26 09 HD 221625
23 33 50 +60 29 47 HD 221670
23 34 17 +59 48 29 HD 240331
23 36 05 +61 50 21 ADS 16856
23 36 09 +51 34 03 HD 236177
23 38 14 +52 50 59 HD 222154
23 40 50 +55 14 20 HD 236198
23 40 59 +62 58 42 SAO 20768
23 42 39 +49 57 23 BD +49 04195
23 43 26 +54 56 32 ADS 16953
23 43 32 +62 35 44 PPM 24661
23 43 42 +58 06 29 HD 222794
23 43 55 +64 58 59 SAO 20803
23 44 09 +66 34 47 HD 222857
23 45 04 +56 29 05 HD 222931
23 46 23 +60 30 03 HD 223070
23 46 19 +50 41 27 HD 223046
23 46 25 +62 41 45 BD +61 02520
23 47 03 +62 37 20 SAO 20841
23 47 35 +63 14 52 SAO 20847
23 47 45 +49 19 16 HD 223228
23 48 18 +59 48 55 HD 240406
23 48 21 +63 50 43 HD 223288
23 48 54 +64 54 15 HR 9017
23 49 05 +62 14 32 6 Cas
23 49 53 +60 54 04 HD 223471
23 51 25 +51 25 50 ADS 17045
23 53 20 +60 43 56 HD 223866
23 53 20 +61 58 52 BD +61 02555
23 53 47 +49 38 22 BD +48 04185
23 53 49 +51 33 01 HD 223916
23 53 59 +54 54 42 HD 236242
23 55 33 +51 45 13 HD 224117
23 56 58 +49 31 03 SAO 53504
23 57 13 +49 30 48 SAO 53507
23 57 35 +61 03 14 HD 224364
23 58 05 +53 36 29 HD 236255
23 58 40 +51 25 00 R Cas
23 59 17 +53 16 50 HD 224587
23 59 23 +57 00 08 HD 240465
23 59 16 +55 46 58 HD 224572
23 59 28 +53 30 53 HD 236261
23 59 33 +53 53 56 HD 236262
23 59 50 +54 00 57 HD 236263
