11 07 27 -41 28 58 HD 96600
11 07 31 -42 39 57 V815 Cen
11 07 37 -48 16 22 HD 96632
11 07 46 -43 30 47 HD 96630
11 07 59 -41 08 49 SAO 222587
11 13 19 -47 04 57 HD 97547
11 13 42 -55 27 31 HD 97640
11 15 27 -40 45 36 PPM 316214
11 16 08 -47 56 53 HD 98022
11 16 42 -45 54 26 HR 4370
11 16 49 -55 34 57 HD 98132
11 17 47 -41 02 14 SAO 222699
11 20 04 -53 30 13 HD 98558
11 20 26 -56 26 56 HD 98623
11 21 52 -43 35 07 HD 98779
11 22 04 -60 01 08 HD 98847
11 22 26 -61 20 30 HD 98912
11 22 34 -59 38 20 HD 98926
11 22 43 -42 59 13 HD 98891
11 22 42 -62 28 59 HIP 55534
11 24 27 -48 00 13 HD 99151
11 24 20 -61 45 22 HD 99192
11 24 54 -61 40 30 HIP 55691
11 25 14 -59 40 45 HD 99312
11 26 31 -56 58 36 HD 99498
11 26 46 -55 30 15 HD 99510
11 27 05 -50 44 29 HD 99573
11 27 18 -51 21 08 HD 99603
11 28 17 -61 26 20 MN Cen
11 28 40 -45 48 06 HD 99794
11 28 43 -54 22 16 HD 99821
11 28 50 -42 42 06 HR 4423
11 29 12 -63 35 36 HD 99912
11 29 18 -58 49 10 HD 99893
11 29 34 -55 58 27 HD 99938
11 30 23 -54 41 26 HD 100038
11 30 25 -49 40 36 HD 100035
11 31 07 -50 58 13 HD 100133
11 31 39 -48 41 31 HD 100211
11 31 53 -49 27 42 HD 100241
11 32 12 -52 29 04 SAO 239148
11 33 03 -57 42 19 HD 100427
11 33 08 -43 43 23 HD 100396
11 33 33 -50 56 24 HD 100476
11 33 48 -63 55 25 HD 100530
11 35 01 -52 18 27 HD 100672
11 35 17 -53 16 12 HD 100724
11 36 35 -48 00 40 HD 100876
11 36 42 -61 41 35 HD 100943
11 36 48 -60 55 21 HD 100942
11 37 13 -38 59 14 HD 100954
11 37 46 -61 30 46 HD 101105
11 38 02 -48 57 10 HD 101098
11 38 24 -63 13 29 HD 101190
11 38 34 -63 24 02 HD 101205
11 39 17 -63 27 27 HD 101298
11 39 25 -57 46 02 HD 101312
11 39 31 -62 52 51 HD 101331
11 39 44 -37 27 33 HIP 56863
11 39 54 -58 00 24 HD 101389
11 40 05 -47 59 31 V420 Cen
11 40 04 -63 30 24 HD 101436
11 40 14 -38 08 10 HD 101406
11 40 48 -43 11 02 SAO 222948
11 40 51 -62 35 45 HD 101545
11 41 33 -50 13 52 HD 101616
11 41 46 -61 01 22 HD 101670
11 41 56 -50 48 38 SAO 239296
11 42 04 -42 31 12 HD 101681
11 42 50 -51 37 31 HD 101791
11 43 19 -36 03 00 HD 101834
11 43 28 -39 28 00 HD 101847
11 43 51 -47 08 18 HIP 57186
11 44 35 -39 52 03 HD 102023
11 45 06 -55 29 23 HIP 57293
11 45 49 -47 15 21 HD 102201
11 46 18 -58 06 48 HD 102280
11 46 42 -58 03 32 HD 102340
11 46 58 -53 11 11 HIP 57461
11 47 07 -61 04 08 HD 102399
11 48 27 -52 08 56 HIP 57578
11 48 56 -61 35 31 HD 102632
11 49 30 -49 20 36 HD 102691
11 49 43 -50 50 49 HD 102726
11 49 42 -55 32 03 HD 102727
11 50 59 -41 39 02 SAO 223053
11 51 17 -44 41 53 SAO 223058
11 51 20 -50 11 44 CD -49 06541
11 52 04 -64 37 24 HD 103066
11 52 16 -43 59 10 HIP 57860
11 52 25 -57 00 56 HR 4551
11 52 51 -54 58 00 HD 103165
11 52 59 -48 41 34 HD 103176
11 54 52 -54 42 09 HD 103456
11 55 16 -56 07 26 HD 103493
11 55 16 -62 36 20 HD 103515
11 55 38 -41 55 53 HD 103567
11 56 29 -45 48 03 PPM 758557
11 57 35 -49 23 16 HD 103856
11 58 05 -43 44 53 HD 103910
11 58 01 -45 22 03 HD 103899
11 58 33 -39 39 38 HD 103973
11 58 35 -40 58 30 HR 4577
11 58 43 -47 52 42 HIP 58399
11 59 38 -42 21 14 HD 104108
12 00 31 -36 46 23 HD 104249
12 01 48 -50 00 04 HIP 58647
12 03 21 -46 33 17 HD 104663
12 04 01 -44 09 02 HD 104760
12 05 36 -49 02 05 HD 104990
12 06 11 -49 52 54 HD 105080
12 06 54 -37 53 16 HD 105173
12 08 38 -50 45 01 Delta Cen
12 09 42 -51 28 21 HD 105579
12 09 47 -53 21 46 HD 105596
12 10 20 -43 35 10 HD 105688
12 10 21 -47 40 26 HD 105689
12 11 19 -45 27 02 HR 4636
12 11 31 -52 14 43 HD 105874
12 13 01 -55 22 33 HD 106124
12 13 12 -44 43 53 HD 106142
12 13 09 -44 55 12 HD 106143
12 14 19 -45 45 06 HR 4652
12 14 18 -55 40 52 HD 106324
12 15 16 -36 14 55 HIP 59729
12 18 20 -55 33 04 HD 106941
12 18 27 -52 20 03 HD 106970
12 21 23 -42 35 23 HD 107422
12 22 51 -52 58 14 SAO 239895
12 25 01 -41 24 43 HR 4718
12 27 11 -37 30 04 HD 108325
12 27 30 -34 09 36 HD 108367
12 29 09 -37 59 40 HD 108633
12 30 27 -53 37 19 HD 108771
12 31 19 -53 13 09 HD 108900
12 35 50 -34 54 34 HD 109524
12 35 57 -53 30 58 CP -52 05705
12 36 18 -52 13 41 CCDM 12360-5212
12 37 32 -40 50 23 HD 109749
12 39 48 -43 00 43 HD 110018
12 45 00 -38 09 17 SAO 203769
12 45 08 -52 46 59 HD 110770
12 46 39 -46 06 09 HD 110982
12 49 44 -50 24 03 CD -49 07402
12 51 31 -46 53 52 HD 111636
12 52 36 -45 31 07 HD 111807
12 54 14 -52 18 12 HIP 62946
12 57 39 -48 39 47 HD 112456
12 58 28 -54 12 46 HD 112532
12 59 07 -55 23 58 HD 112634
12 59 14 -40 07 15 HD 112681
12 59 51 -48 33 08 HD 112746
13 00 06 -55 56 21 HD 112764
13 00 34 -48 37 50 HD 112851
13 00 39 -64 14 58 HD 112795
13 00 48 -38 52 22 HD 112920
13 01 20 -33 39 00 HD 113005
13 01 47 -45 13 02 HD 113044
13 01 46 -58 09 55 HD 112998
13 03 04 -55 42 07 HD 113197
13 03 13 -34 34 59 HD 113275
13 03 37 -59 37 40 HIP 63705
13 05 19 -46 35 24 HD 113536
13 05 48 -56 53 20 CP -56 05564
13 06 53 -46 03 38 HD 113766
13 07 13 -49 55 58 Xi 2 Cen
13 07 55 -61 45 48 HD 113844
13 08 19 -56 42 39 HD 113954
13 09 12 -52 36 32 HD 114080
13 09 38 -51 42 33 HD 114139
13 10 49 -60 52 43 HD 114251
13 11 30 -47 18 57 HD 114423
13 11 33 -63 56 18 HD 114342
13 11 47 -35 09 23 HD 114509
13 11 58 -32 17 34 HD 114560
13 12 29 -57 24 11 HIP 64418
13 12 37 -59 56 49 HR 4975
13 12 49 -34 46 28 HD 114692
13 12 53 -60 35 14 HD 114566
13 13 09 -40 46 20 HD 114714
13 13 15 -59 50 35 HR 4980
13 14 21 -62 40 49 HD 114792
13 14 34 -59 07 47 HR 4989
13 14 59 -58 21 38 HIP 64616
13 15 04 -63 36 27 HD 114886
13 15 30 -39 40 03 HD 115052
13 15 32 -34 10 47 HD 115081
13 15 38 -57 17 07 HD 114998
13 15 46 -57 03 47 HD 115013
13 16 26 -57 05 17 HD 115113
13 17 01 -59 51 01 CP -59 04873
13 17 03 -41 18 34 HD 115279
13 17 28 -54 50 41 HD 115280
13 17 44 -61 05 50 HD 115282
13 17 55 -37 02 37 HD 115431
13 18 02 -60 26 32 HD 115335
13 19 45 -58 47 22 HD 115622
13 21 43 -64 04 33 HIP 65176
13 22 16 -52 32 15 SAO 240777
13 22 58 -61 00 52 HR 5035
13 24 54 -51 31 49 HD 116434
13 24 57 -52 16 33 HD 116435
13 25 47 -61 43 18 HD 116508
13 26 32 -46 04 26 HD 116715
13 26 30 -53 18 52 HD 116674
13 26 33 -40 00 15 HD 116744
13 26 43 -43 04 29 HD 116761
13 27 27 -59 16 18 HD 116778
13 27 45 -62 40 29 HD 116781
13 28 03 -43 13 35 HD 116945
13 28 19 -58 07 43 HIP 65679
13 28 24 -43 47 40 HIP 65691
13 29 33 -54 56 37 HD 117094
13 30 03 -32 21 35 SAO 204524
13 31 27 -41 52 44 HD 117454
13 31 41 -42 29 25 HD 117483
13 31 57 -51 47 50 V701 Cen
13 32 25 -63 04 03 HD 117460
13 32 52 -62 22 11 HD 117540
13 34 24 -58 05 22 HD 117810
13 35 31 -35 40 27 HD 118085
13 36 49 -32 49 53 SAO 204647
13 37 23 -39 45 47 HIP 66425
13 37 34 -50 51 40 PPM 770879
13 38 05 -35 05 24 HD 118465
13 38 28 -58 26 24 HR 5122
13 38 39 -42 24 38 HD 118530
13 38 42 -62 06 18 HD 118404
13 39 21 -30 46 25 HD 118694
13 39 25 -39 41 24 HD 118679
13 39 33 -49 01 22 HD 118651
13 40 32 -45 44 07 HD 118829
13 40 41 -44 36 22 HD 118856
13 41 40 -47 41 53 HD 118963
13 42 04 -54 35 04 HR 5141
13 42 19 -59 12 49 HD 118980
13 42 38 -34 00 20 HIP 66874
13 43 37 -50 44 06 HD 119253
13 43 49 -37 40 51 HIP 66967
13 44 17 -59 15 40 HD 119283
13 46 49 -61 22 28 HD 119698
13 46 58 -51 27 28 HR 5172
13 47 14 -48 17 06 PPM 759887
13 47 32 -62 36 52 V766 Cen
13 47 59 -32 27 17 HIP 67308
13 48 19 -63 53 13 HD 119888
13 48 39 -36 53 14 RT Cen
13 48 48 -43 10 32 HD 120142
13 49 13 -35 43 44 HR 5189
13 49 16 -50 40 46 CD -50 08046
13 49 35 -62 07 41 HD 120112
13 49 35 -40 32 28 HD 120272
13 49 44 -44 14 10 HD 120273
13 49 53 -47 23 38 HD 120275
13 50 13 -58 05 20 CP -57 06313
13 51 51 -48 19 05 HD 120592
13 52 07 -33 01 08 3 Cen
13 52 22 -47 53 25 HD 120675
13 52 18 -58 27 22 HD 120576
13 52 25 -52 50 10 HR 5207
13 52 51 -45 52 48 HD 120763
13 52 58 -62 24 22 HD 120632
13 53 30 -31 57 07 4 Cen
13 53 31 -60 02 42 HIP 67781
13 53 51 -35 41 19 HR 5222
13 53 51 -57 49 47 HD 120839
13 54 07 -30 18 29 HD 121054
13 54 16 -47 09 09 V767 Cen
13 54 58 -50 42 58 HD 121092
13 55 19 -42 36 05 HD 121207
13 55 33 -32 07 25 HD 121287
13 56 33 -38 41 15 HD 121452
13 56 40 -54 09 25 HIP 68080
13 57 04 -48 24 00 HD 121484
13 57 24 -52 28 05 HD 121503
13 57 37 -56 03 51 HD 121504
13 57 49 -57 44 07 V412 Cen
13 58 47 -48 53 53 HD 121735
13 59 04 -52 50 55 HD 121748
13 59 26 -61 38 00 HD 121720
14 00 19 -47 15 01 AA Cen
14 00 28 -62 48 23 HD 121857
14 00 51 -48 50 14 HD 122047
14 01 30 -57 41 57 HD 122061
14 02 22 -47 22 45 HD 122275
14 03 19 -31 42 29 HR 5268
14 03 59 -46 19 33 HD 122556
14 04 25 -43 25 36 HD 122632
14 05 48 -36 34 09 HD 122917
14 05 48 -50 25 23 HD 122824
14 07 27 -63 28 08 HD 122938
14 07 50 -60 23 40 HD 123082
14 07 50 -48 20 26 HD 123201
14 07 54 -32 06 07 HIP 69003
14 08 02 -49 53 28 HD 123227
14 08 05 -53 42 53 SAO 241464
14 09 21 -45 35 56 HD 123485
14 09 27 -59 44 51 HD 123376
14 09 55 -51 31 42 HR 5296
14 10 21 -37 01 03 HD 123702
14 10 37 -45 00 47 HD 123682
14 10 45 -39 25 13 HIP 69229
14 11 17 -46 56 03 HD 123794
14 11 53 -45 28 46 HD 123923
14 12 56 -55 30 07 HD 124013
14 14 34 -64 13 27 HD 124154
14 15 18 -57 06 33 V795 Cen
14 15 24 -61 43 47 HD 124314
14 16 03 -63 04 32 HD 124384
14 16 37 -62 19 13 HD 124487
14 16 51 -43 17 53 HD 124766
14 16 53 -57 19 14 HD 124620
14 17 26 -48 11 39 HD 124829
14 19 09 -63 43 06 HD 124925
14 21 00 -35 40 19 HD 125510
14 21 10 -42 26 51 HD 125494
14 21 42 -61 40 18 HD 125386
14 22 18 -64 18 28 HD 125432
14 22 59 -58 28 54 HR 5371
14 24 22 -61 19 33 HD 125779
14 28 01 -41 14 09 HD 126622
20 14 35 +06 04 39 PPM 169624
14 30 00 -60 09 53 HD 126746
14 30 58 -60 53 13 HIP 70939
14 31 21 -35 59 06 HD 127212
14 32 54 -63 11 28 HD 127158
14 33 28 -30 44 13 HR 5428
14 33 43 -37 29 57 HD 127606
14 33 45 -33 20 17 HD 127672
14 34 38 -37 01 59 HD 127776
14 34 56 -63 17 53 HD 127516
14 35 03 -61 46 12 HD 127596
14 35 50 -41 32 21 HR 5439
14 35 56 -58 22 23 HD 127801
14 37 26 -62 31 49 HD 127996
14 37 28 -37 33 13 HIP 71488
14 38 02 -60 22 38 HD 128137
14 38 55 -62 34 04 HD 128250
14 39 10 -57 46 17 HD 128396
14 39 33 -64 18 03 HD 128347
14 39 33 -55 43 28 HD 128505
14 39 48 -62 40 46 HD 128417
14 40 00 -60 51 31 Alpha 2 Cen
14 40 55 -58 34 32 HD 128675
14 41 10 -32 20 47 HD 128973
14 43 36 -37 33 41 HIP 71977
14 45 40 -36 10 07 HD 129732
14 46 04 -31 50 17 SAO 205913
14 46 37 -39 05 31 HD 129912
14 46 40 -33 47 13 HD 129946
14 47 00 -37 36 18 HD 129983
14 48 12 -33 26 14 HD 130224
14 48 29 -36 48 16 HD 130260
14 48 52 -35 51 43 HD 130311
14 48 48 -38 41 44 HD 130296
14 50 53 -40 24 38 HD 130642
14 51 58 -30 53 55 HD 130922
14 52 58 -42 05 43 HD 131030
14 54 56 -33 19 15 HR 5549
14 56 50 -34 39 07 HD 131751
14 57 52 -35 24 14 HD 131921
14 58 29 -31 30 13 HD 132077
14 59 47 -30 43 53 HD 132347
14 59 54 -36 21 54 CD -35 09945
15 00 21 -35 13 34 PPM 746448
15 02 07 -36 56 53 HD 132743
15 02 12 -38 20 12 HD 132744
