00 01 19 -23 24 45 HD 224832
00 06 12 -20 37 14 HD 102
00 27 04 +01 03 44 CCDM 0268+0102
00 27 07 -05 29 42 HD 2307
00 27 55 -16 22 55 HD 2394
00 29 20 -18 15 24 CCDM 0291-1817
00 30 17 -03 55 47 12 Cet
00 30 59 -15 42 52 SAO 147316
00 31 15 -10 03 26 HD 2760
00 31 47 -11 14 45 HD 2819
00 32 23 -05 09 04 HD 2880
00 33 34 -19 28 11 HD 3018
00 33 53 -16 54 01 CCDM 0336-1656
00 34 45 -04 31 09 HD 3125
00 38 20 -00 28 34 HD 3512
00 38 38 +01 31 51 SAO 109334
00 40 44 -16 29 21 HR 172
00 40 50 -00 21 38 PPM 174766
00 40 57 -04 19 28 HR 174
00 41 02 -07 12 18 HD 3821
00 41 19 -23 07 15 HIP 3226
00 43 06 -09 53 40 HD 4048
00 43 40 -00 52 03 HD 4096
00 44 25 +02 30 14 PPM 143824
00 44 56 -21 34 24 HD 4235
00 45 57 -16 23 49 HR 206
00 47 16 -01 13 31 HD 4491
00 48 51 -01 44 12 HD 4657
00 49 33 -21 22 13 HD 4731
00 50 14 -03 59 22 HD 4801
00 52 06 -08 08 19 HD 4987
00 52 28 -22 35 24 SAO 166640
00 52 56 -23 58 43 HR 247
00 53 27 -24 44 59 HR 251
00 56 05 -16 20 30 HD 5412
00 57 53 -18 58 18 HD 5617
00 58 25 -15 39 21 HD 5659
00 59 38 +00 48 21 HD 5780
01 00 19 -01 59 31 HD 5861
01 00 47 -17 02 59 HIP 4711
01 02 21 -08 49 57 HD 6095
01 02 46 -10 02 38 PPM 209652
01 02 43 -21 35 01 HD 6156
01 03 44 -05 33 34 HD 6251
01 04 04 +01 23 37 26 Cet
01 04 39 -05 16 33 HD 6349
01 05 02 -05 26 31 HD 6388
01 07 26 -01 42 19 HD 6651
01 08 18 -22 08 46 SAO 166826
01 08 50 -10 09 20 Dheneb
01 09 25 -02 51 33 HD 6865
01 09 31 -07 47 37 SAO 129145
01 10 01 -20 11 23 HIP 5452
01 10 56 -17 08 06 HD 7050
01 12 20 -13 36 00 HD 7195
01 12 46 +02 29 53 HD 7218
01 14 10 -07 35 46 HD 7385
01 14 39 -07 53 47 37 Cet
01 16 32 -07 07 21 HD 7651
01 17 20 -23 12 44 HIP 5996
01 17 25 +02 02 30 HD 7736
01 17 34 +01 52 04 HD 7763
01 17 58 -12 19 06 HD 7814
01 18 15 -04 18 36 SAO 129218
01 18 56 -00 50 29 HD 7895
01 18 54 -22 47 42 HD 7930
01 19 15 -08 54 48 HD 7983
01 20 03 -00 28 59 42 Cet
01 20 13 -15 47 18 HD 8071
01 20 50 -00 34 48 PPM 174883
01 22 14 -09 25 54 HD 8277
01 22 38 -00 16 43 CCDM 1224-0018
01 22 45 -19 03 18 HR 394
01 23 18 -12 56 24 HD 8389
01 23 49 -24 19 36 HD 8487
01 23 59 -09 53 46 SAO 147782
01 24 45 -16 13 05 HD 8580
01 25 16 -05 55 14 HD 8627
01 26 32 -13 52 04 HD 8766
01 27 17 -00 07 54 HD 8828
01 28 02 -10 52 33 HR 425
01 28 21 -17 14 08 HD 8957
01 30 14 -22 29 54 HD 9175
01 31 00 -08 02 37 HD 9227
01 31 48 -18 59 51 HD 9336
01 32 57 -01 37 37 SAO 129359
01 34 05 -11 50 13 HD 9588
01 36 08 -17 30 25 HD 9847
01 39 54 -02 29 30 HD 10199
01 41 24 -21 41 40 HD 10412
01 41 34 -12 07 19 HIP 7877
01 41 46 -17 57 46 HD 10445
01 41 58 -14 18 23 HD 10454
01 43 28 -21 35 41 HD 10611
01 43 32 -17 34 52 HD 10622
01 43 37 -07 03 07 HD 10606
01 44 59 -06 44 28 HD 10725
01 45 22 -20 01 37 SAO 167267
01 46 53 +00 08 13 HIP 8274
01 48 12 -00 55 54 HIP 8377
01 48 15 -13 02 44 CCDM 1480-1304
01 49 01 -01 24 04 SAO 129513
01 49 05 -18 21 09 HD 11106
01 49 50 -10 39 42 Chi Cet
01 51 43 -10 18 37 Baten Kaitos
01 52 31 -09 42 21 HD 11434
01 53 22 -16 42 30 HD 11561
01 54 54 +00 36 36 CCDM 1546+0035
01 55 15 +00 13 49 HD 11708
01 57 25 -10 13 06 HD 11964
01 58 14 -02 02 07 HD 12020
01 59 03 -22 10 14 HD 12145
01 59 15 -22 53 44 AA Cet
02 00 32 -01 36 35 HD 12261
02 00 42 -08 29 59 AR Cet
02 03 07 -19 36 33 HD 12575
02 03 21 -07 23 12 HD 12574
02 03 27 -09 12 42 SAO 129659
02 03 59 -19 51 55 HD 12677
02 04 03 -00 18 59 61 Cet
02 05 17 -10 49 38 HD 12775
02 05 40 -09 46 05 SAO 148191
02 07 30 -02 06 40 SAO 129703
02 08 57 -00 24 48 HD 13179
02 13 03 -02 22 13 66 Cet
02 13 57 -03 00 31 HD 13729
02 16 00 -18 12 54 HD 14001
02 16 23 -20 59 07 HIP 10579
02 16 28 -23 01 06 HD 14085
02 16 31 -09 47 53 HD 14044
02 19 22 -06 49 26 HD 14363
02 19 36 -02 57 18 Mira
02 21 32 -10 55 21 PPM 710021
02 21 38 +08 54 13 HD 14562
02 23 32 -07 47 44 HD 14828
02 24 38 -18 08 24 HD 14975
02 24 45 -01 43 38 HD 14937
02 24 46 -22 43 56 SAO 167759
02 25 09 -02 05 22 HD 14986
02 25 59 -21 17 27 HD 15146
02 26 05 -10 36 16 HD 15118
02 26 14 -15 19 07 AB Cet
02 29 51 +09 35 16 HR 725
02 31 45 +01 06 58 HD 15695
02 31 50 -07 34 12 HD 15736
02 32 51 +09 36 36 PPM 145681
02 32 56 +06 21 06 HD 15804
02 34 22 -05 36 49 HIP 11945
02 35 26 -10 53 04 HD 16131
02 35 38 -12 45 20 HD 16163
02 36 08 +05 36 54 Nu Cet
02 36 15 -07 48 36 80 Cet
02 36 13 -21 22 55 HD 16263
02 37 55 +06 42 43 CCDM 2377+0642
02 38 25 -11 21 49 HD 16454
02 39 11 -01 33 49 HD 16525
02 39 16 +08 56 29 HD 16500
02 39 34 -01 52 47 HD 16560
02 40 28 +07 54 05 PPM 145797
02 40 25 -12 31 57 HD 16687
02 41 29 -00 40 28 84 Cet
02 42 42 -01 18 01 HD 16885
02 43 07 -06 28 05 HD 16945
02 43 11 -20 16 05 HD 16994
02 43 34 +03 15 25 Kaffaljidhma
02 44 55 -01 56 28 HD 17107
02 47 53 +10 14 50 HD 17383
02 47 59 +05 52 41 HD 17416
02 50 08 +08 57 37 HD 17613
02 50 31 +06 42 18 HD 17664
02 51 08 +03 31 50 PPM 145962
02 52 33 +04 20 38 HD 17861
02 52 56 +06 29 42 HIP 13408
02 54 41 +09 47 35 HD 18058
02 57 03 +03 31 15 HD 18320
02 57 26 -00 33 16 HD 18384
02 58 07 +00 26 00 HD 18433
03 02 01 +02 34 20 SAO 110913
03 02 15 +03 49 11 CCDM 3020+0348
03 02 21 +00 06 34 SAO 130249
03 02 42 +02 38 51 PPM 146176
03 07 35 +08 24 53 HD 19391
03 09 27 +07 28 46 HD 19573
03 16 40 -00 24 16 HD 20348
03 17 42 +07 40 26 HD 20430
03 18 37 -00 54 44 95 Cet
03 19 38 +03 23 18 Kappa 1 Cet
03 21 08 +01 10 58 HD 20771
03 21 26 +05 23 42 PPM 146482
23 57 38 -16 04 04 HD 224374
23 59 50 -07 46 59 HD 224651
