00 01 20 +69 36 12 SAO 21000
00 03 02 +80 18 36 HD 225020
00 03 12 +71 23 11 HD 225044
00 33 04 +78 08 21 HD 2770
00 40 03 +84 46 31 HD 3290
00 59 59 +83 42 37 SAO 158
01 11 08 +80 22 12 PPM 213
01 19 36 +80 53 16 HD 7471
01 35 48 +83 22 45 SAO 249
01 36 56 +79 10 48 HD 9341
02 13 25 +79 42 54 HD 12927
03 06 49 +79 26 16 HR 881
03 12 31 +81 29 22 HR 906
03 17 30 +78 31 07 HD 19580
03 21 58 +84 59 43 SAO 512
03 25 25 +78 31 48 SAO 4894
03 30 57 +84 03 20 HD 20110
03 32 43 +84 37 51 SAO 547
03 45 24 +78 42 15 BD +78 00128
05 30 17 +86 05 05 SAO 834
05 37 08 +86 50 56 HD 31432
06 14 51 +85 36 25 SAO 940
20 07 26 +61 43 39 HD 191607
20 08 42 +77 43 34 Kappa Cep
20 19 58 +76 06 28 HD 194736
20 25 49 +60 11 39 HD 195013
20 28 29 +60 16 21 HD 195461
20 40 43 +58 59 41 HD 239480
20 44 34 +59 03 05 HD 239492
20 45 20 +63 33 16 HD 198180
20 45 28 +57 35 53 Castula
20 47 19 +56 07 57 HD 239495
20 49 26 +58 46 02 HD 198679
20 51 48 +67 01 47 PPM 22435
20 52 09 +61 27 50 SAO 19075
20 53 26 +62 10 25 HD 199305
20 54 24 +69 58 00 HD 199660
20 56 58 +61 34 49 HD 199849
20 57 24 +66 46 17 HD 200040
20 57 47 +61 22 47 HIP 103454
20 57 48 +58 50 29 HD 199937
21 00 24 +61 31 01 HD 200386
21 01 02 +59 31 53 BD +58 02209
21 01 36 +66 43 44 HD 200708
21 02 17 +56 41 23 HIP 103810
21 04 31 +70 47 04 SAO 9948
21 05 39 +62 10 45 HD 201267
21 07 08 +59 00 58 HD 201430
21 08 16 +59 08 39 HD 239582
21 11 09 +74 04 45 HD 202506
21 11 56 +60 00 26 HR 8119
21 12 01 +76 19 51 HD 202765
21 12 19 +58 55 28 HD 239605
21 15 30 +78 37 10 HD 203516
21 15 54 +67 22 30 SAO 19282
21 17 25 +76 59 26 CCDM 21174+7658
21 17 16 +82 32 19 HIP 105112
21 18 21 +80 22 28 HIP 105190
21 18 42 +62 36 24 Alderamin
21 19 02 +59 39 20 HD 203300
21 19 14 +61 52 47 HD 203374
21 19 24 +58 38 42 HR 8164
21 20 03 +58 42 08 HD 239633
21 20 22 +60 39 08 HD 203534
21 21 28 +60 43 15 HIP 105429
21 22 11 +79 46 34 SAO 10040
21 23 42 +64 56 56 HD 204130
21 25 43 +72 34 15 CCDM 21257+7233
21 26 06 +60 11 01 HD 239667
21 27 33 +59 46 19 HR 8224
21 28 16 +65 26 10 PPM 22922
21 28 47 +61 38 19 ADS 15019
21 28 44 +70 34 58 Alfirk
21 28 43 +77 57 26 HD 205395
21 31 51 +70 37 09 PPM 10884
21 32 40 +66 08 10 SAO 19484
21 32 59 +58 40 50 HD 205396
21 34 32 +66 44 56 HD 205741
21 34 44 +59 07 45 HD 239706
21 34 59 +59 42 12 HD 239707
21 36 12 +57 29 35 HD 205850
21 36 41 +58 44 01 HD 205917
21 36 43 +82 56 38 HD 207146
21 37 29 +59 01 37 HD 239716
21 37 26 +75 14 41 HD 206460
21 37 45 +55 47 10 HD 206054
21 37 50 +57 34 59 HD 206081
21 38 56 +55 48 52 HD 206222
21 39 07 +57 30 43 HR 8281
21 39 53 +58 16 06 HD 239731
21 39 57 +68 09 13 HD 206578
21 40 25 +68 24 44 HD 206631
21 40 30 +57 36 16 HD 206482
21 42 47 +85 24 30 SAO 3640
21 44 02 +63 37 52 HD 207048
21 43 45 +82 09 02 SAO 3628
21 44 30 +66 22 26 SAO 19617
21 45 01 +62 29 01 HR 8327
21 46 21 +57 48 58 SAO 33737
21 46 37 +61 52 56 SAO 19636
21 48 00 +57 44 00 CCDM 21478+5743
21 48 09 +69 21 05 SAO 19657
21 48 39 +61 38 19 SAO 19656
21 49 15 +66 48 55 HD 207826
21 49 33 +58 31 29 HD 239776
21 51 07 +61 38 25 HD 207990
21 51 11 +56 22 45 HD 239782
21 51 17 +64 02 43 HD 208036
21 51 44 +65 46 35 HR 8361
21 51 56 +64 55 25 HD 208141
21 52 11 +55 49 13 HR 8357
21 52 13 +62 08 12 ADS 15411
21 52 29 +63 07 29 HD 208185
21 53 15 +68 07 52 HD 208411
21 53 57 +62 38 17 EM Cep
21 55 39 +65 20 41 HR 8375
21 56 06 +59 51 25 HD 208666
21 57 41 +67 09 51 HD 209020
21 58 01 +82 53 36 HR 8423
21 58 28 +56 17 14 HD 208961
21 58 35 +69 30 50 ADS 15522
21 58 51 +64 35 16 HD 209122
21 59 17 +72 26 07 SAO 10214
21 59 54 +67 59 54 HD 209328
22 00 03 +62 01 33 CCDM 21599+6200
22 00 29 +64 45 53 CCDM 22004+6444
22 01 01 +62 51 45 SAO 19794
22 02 21 +65 51 43 HD 209594
22 03 00 +67 17 06 HD 209722
22 03 24 +60 52 19 HD 209677
22 03 56 +64 39 09 HIP 108917
22 04 08 +73 29 19 SAO 10242
22 04 04 +59 50 20 HD 209744
22 04 27 +70 14 15 HD 209989
22 05 18 +62 18 15 19 Cep
22 05 40 +54 24 05 HD 235719
22 05 52 +58 20 06 HD 210013
22 08 10 +61 08 50 HD 210352
22 08 28 +60 55 16 SAO 19882
22 08 33 +61 06 23 HD 210403
22 08 46 +59 18 51 HD 210433
22 09 10 +67 44 32 HD 210604
22 10 12 +68 15 25 PPM 23524
22 10 21 +68 12 51 CCDM 22102+6811
22 10 38 +68 39 57 PPM 23534
22 10 46 +70 09 26 HR 8474
22 11 58 +59 44 44 HD 210885
22 12 00 +56 51 51 HR 8472
22 12 13 +60 06 55 HD 210940
22 12 22 +63 45 48 HD 211014
22 12 58 +73 19 55 HR 8493
22 14 26 +61 56 44 HIP 109785
22 15 13 +57 04 07 Epsilon Cep
22 16 55 +62 03 48 SAO 19976
22 17 03 +60 53 52 HD 211658
22 18 38 +63 14 53 HD 211880
22 19 10 +56 08 54 ADS 15834
22 19 24 +63 56 08 ADS 15839
22 20 18 +70 39 23 SAO 10321
22 20 49 +59 53 47 HD 239930
22 21 07 +66 59 26 HD 212278
22 21 39 +68 03 41 SAO 20030
22 21 54 +66 43 54 HD 212391
22 23 19 +70 55 12 SAO 10341
22 26 39 +57 44 45 ADS 15943
22 26 59 +71 01 27 BD +70 01241
22 27 02 +63 44 37 HD 213023
22 28 11 +57 43 17 Krueger 60
22 28 37 +58 26 52 HD 213224
22 29 21 +58 26 27 Delta Cep
22 29 27 +80 51 56 SAO 3755
22 29 35 +73 22 20 BD +72 01041
22 30 30 +57 15 05 HD 213470
22 30 53 +67 34 03 SAO 20122
22 32 09 +63 12 04 SAO 20132
22 32 35 +60 15 56 ADS 16038
22 33 12 +69 56 22 HR 8595
22 33 14 +67 11 48 SAO 20149
22 33 25 +70 23 58 HR 8598
22 34 33 +58 14 09 BD +57 02561
22 36 17 +72 54 25 HD 214511
22 39 57 +61 25 21 PPM 23882
22 41 25 +72 45 14 HD 215223
22 43 36 +67 45 55 HD 215440
22 43 56 +78 32 41 HD 215730
22 45 13 +68 09 34 ZZ Cep
22 46 15 +65 19 16 HD 215770
22 46 17 +58 05 55 HD 215714
22 47 06 +58 06 39 DH Cep
22 47 27 +83 10 49 HR 8702
22 47 43 +58 34 23 HD 215922
22 49 11 +68 35 48 HR 8687
22 49 47 +66 34 50 HD 216227
22 50 03 +75 11 20 HD 216367
22 51 26 +57 13 16 HD 240085
22 51 35 +61 43 24 HR 8696
22 52 53 +68 01 01 HD 216606
22 52 58 +60 56 35 HD 216572
22 54 23 +76 21 53 HD 216886
22 55 01 +59 16 02 PPM 41242
22 55 12 +84 57 50 SAO 3819
22 56 22 +72 51 50 HD 217085
22 56 43 +62 53 44 KZ Cep
22 56 48 +78 31 21 HD 217294
22 58 39 +67 06 54 HIP 113437
22 58 46 +69 51 59 SAO 20352
22 59 14 +80 22 16 HD 217691
23 01 50 +69 13 53 SAO 20375
23 01 54 +67 49 20 HIP 113703
23 03 36 +60 28 20 HR 8777
23 05 27 +63 25 24 BD +62 02167
23 06 42 +61 28 01 HD 218375
23 07 23 +60 51 35 HD 218439
23 07 33 +70 41 17 HD 218535
23 08 57 +70 07 41 ADS 16544
23 10 59 +81 50 39 HD 219194
23 11 14 +65 56 18 SAO 20475
23 12 07 +67 37 16 SAO 20482
23 12 47 +76 47 09 SAO 10649
23 12 56 +63 18 14 SAO 20491
23 13 45 +62 41 22 SAO 20499
23 14 02 +69 06 00 PPM 24292
23 15 11 +83 28 27 SAO 3879
23 15 25 +60 28 40 HD 219460
23 15 48 +69 51 29 PPM 24312
23 18 49 +68 08 20 Omicron Cep
23 24 03 +77 05 48 HD 220615
23 24 20 +86 26 43 HD 221142
23 24 34 +69 18 50 SAO 20609
23 27 55 +74 08 49 HD 221071
23 37 35 +71 43 02 BD +70 01328
23 40 11 +64 20 29 HD 222415
23 40 07 +63 45 12 HD 222407
23 40 44 +67 34 52 HD 222471
23 41 27 +74 10 18 SAO 10835
23 44 03 +69 05 26 HD 222852
23 47 19 +69 04 39 SAO 20845
23 52 40 +75 34 21 HR 9038
