06 14 05 -30 30 12 CCDM 6139-3030
06 14 42 -29 36 21 HD 43369
06 16 56 -12 02 57 HIP 29811
06 17 17 -22 43 02 HR 2254
06 19 04 -32 12 12 SAO 196677
06 19 27 -24 58 38 HD 44144
06 19 32 -12 32 08 HIP 30042
06 20 32 -29 36 58 HD 44401
06 20 31 -30 03 57 Furud
06 21 39 -11 46 33 FR CMa
06 22 22 -16 36 10 HD 44640
06 22 37 -16 44 00 HD 44682
06 22 55 -17 57 31 Murzim
06 23 55 -23 12 29 HD 44954
06 24 35 -12 57 54 HR 2309
06 24 34 -16 13 39 HD 45016
06 25 26 -31 33 51 HD 45305
06 25 50 -23 26 28 SAO 171728
06 26 42 -26 49 12 SAO 171749
06 29 34 -17 49 00 HD 45889
06 29 39 -22 35 41 HD 45941
06 29 41 -24 20 55 SAO 171834
06 30 27 -22 28 31 CCDM 6302-2228
06 30 36 -24 08 41 HIP 31005
06 30 44 -14 57 29 HD 46035
06 32 50 -32 02 04 HR 2397
06 33 04 -12 03 38 HD 46428
06 33 28 -24 28 26 HD 46584
06 34 20 -29 38 02 HD 46813
06 34 57 -32 57 14 SAO 196960
06 35 50 -26 02 46 HD 47041
06 36 04 -16 06 26 HD 47011
06 36 17 -24 07 24 HD 47116
06 36 29 -26 07 41 HD 47185
06 36 36 -18 39 52 Nu 1 CMa
06 36 54 -22 37 09 HR 2433
06 38 01 -18 57 38 CCDM 6378-1857
06 38 42 -23 02 35 HD 47597
06 38 40 -31 41 49 SAO 197029
06 39 24 -26 34 36 HIP 31821
06 39 26 -31 50 25 HD 47851
06 40 16 -30 33 21 SAO 197061
06 41 40 -11 19 03 HD 48127
06 42 13 -16 00 44 HD 48287
06 42 41 -23 14 15 HD 48425
06 42 59 -22 27 14 HR 2481
06 43 42 -17 09 47 SAO 151847
06 43 44 -31 46 52 SAO 197133
06 44 10 -32 45 17 SAO 197143
06 44 29 -27 26 13 HD 48854
06 44 29 -32 18 57 HD 48891
06 44 39 -31 04 33 10 CMa
06 45 15 -30 35 31 HR 2497
06 45 22 -16 43 18 Sirius
06 45 34 -19 12 35 SAO 151884
06 45 42 -30 57 16 HR 2501
06 45 54 -20 41 47 HD 49024
06 46 17 -20 47 30 BD -20 01558
06 46 19 -27 19 02 HD 49187
06 46 29 -20 45 54 HD 49150
06 47 16 -20 40 53 HD 49317
06 47 39 -28 33 53 HD 49488
06 48 02 -11 43 47 HD 49387
06 48 35 -13 26 49 HD 49546
06 48 36 -15 20 08 HIP 32628
06 49 02 -16 13 03 HD 49649
06 49 19 -26 04 10 HIP 32685
06 49 50 -24 08 32 HD 49892
06 49 56 -24 04 56 HR 2528
06 50 07 -22 28 44 HD 49939
06 50 38 -16 02 11 HD 49978
06 50 34 -31 42 44 HR 2545
06 50 56 -20 56 37 HD 50073
06 51 18 -28 44 15 HD 50234
06 51 27 -11 26 10 HD 50090
06 52 01 -26 35 16 HD 50379
06 52 18 -18 38 39 SAO 152029
06 53 30 -19 35 31 HD 50645
06 53 45 -24 25 23 CD -24 04556
06 54 34 -14 14 58 HD 50849
06 55 00 -28 22 53 HD 51116
06 55 16 -20 24 42 17 CMa
06 55 51 -13 59 08 ADS 5600
06 55 50 -20 08 35 Pi CMa
06 55 59 -11 51 57 HD 51153
06 56 05 -25 31 29 HD 51343
06 56 04 -30 07 25 HD 51388
06 56 21 -14 03 00 Mu CMa
06 56 47 -22 39 06 HD 51457
06 56 48 -29 25 14 HD 51578
06 57 22 -25 09 30 HD 51632
06 57 35 -30 29 09 SAO 197401
06 58 42 -11 26 16 HD 51848
06 58 49 -23 18 40 HD 51985
06 58 50 -28 58 45 Adara
06 58 55 -31 00 18 HR 2621
06 59 10 -19 24 51 CCDM 6589-1924
07 00 17 -12 00 46 HIP 33693
07 00 23 -22 43 36 HD 52390
07 00 17 -24 34 34 HD 52392
07 00 32 -22 07 35 FU CMa
07 00 29 -24 17 49 HD 52439
07 00 50 -19 55 26 HD 52484
07 00 48 -20 38 51 HD 52485
07 01 05 -15 19 22 HD 52482
07 01 03 -22 23 30 HD 52566
07 01 00 -25 39 04 HD 52596
07 01 28 -20 34 47 HD 52643
07 01 33 -29 03 43 HD 52781
07 02 34 -28 48 37 SAO 172824
07 02 50 -21 06 34 HD 53017
07 03 54 -23 50 43 HD 53321
07 04 52 -11 31 55 HD 53456
07 04 50 -29 42 48 HD 53675
07 06 21 -12 57 37 HD 53857
07 06 55 -11 18 07 FN CMa
07 08 51 -17 38 35 HD 54576
07 11 34 -21 48 43 HD 55271
07 13 25 -15 06 17 HD 55634
07 13 25 -30 58 30 HD 55817
07 13 46 -21 21 47 HD 55780
07 14 01 -22 54 53 HR 2733
07 14 40 -15 19 36 BD -15 01715
07 14 46 -25 18 41 HD 56067
07 14 46 -31 30 08 HD 56162
07 15 02 -15 29 06 HD 56012
07 15 01 -21 01 59 HD 56093
07 15 52 -23 34 52 CCDM 7156-2334
07 16 12 -29 30 07 HD 56504
07 16 50 -23 19 29 HR 2764
07 17 09 -30 54 22 HR 2768
07 17 21 -12 02 35 HD 56593
07 17 40 -18 43 47 HIP 35290
07 18 14 -28 39 15 SAO 173420
07 18 18 -13 42 11 HD 56830
07 18 45 -30 48 30 HD 57120
07 18 54 -24 57 50 Tau CMa
07 19 33 -22 03 33 HIP 35471
07 19 50 -24 02 02 HD 57281
07 20 16 -24 25 32 HD 57372
07 20 19 -21 53 31 HD 57370
07 21 39 -19 44 57 HD 57658
07 22 24 -24 12 30 HIP 35722
07 23 16 -25 32 29 SAO 173595
07 23 39 -12 40 37 HD 58055
07 23 43 -13 18 32 HD 58076
07 24 18 -29 18 47 Aludra
07 24 47 -26 03 19 SAO 173668
07 24 56 -31 49 08 HR 2834
07 25 14 -21 01 48 HD 58465
07 25 12 -32 14 12 HD 58631
07 25 21 -21 11 02 HD 58510
07 25 28 -28 11 49 HD 58630
07 26 16 -18 22 24 HIP 36079
07 27 21 -17 52 31 HR 2853
07 27 51 -11 45 10 CCDM 7276-1145
07 28 06 -11 34 02 HR 2859
