09 27 05 +78 24 57 HD 80388
09 28 54 +77 05 47 SAO 6860
09 31 24 +73 24 09 PPM 7410
09 38 24 +73 03 27 HR 3806
09 46 32 +76 41 15 HD 83746
09 59 40 +80 21 21 HD 85471
10 11 25 +75 07 00 SAO 7063
10 11 42 +76 20 15 HD 87715
10 11 47 +73 00 44 HD 87851
10 34 37 +73 48 31 HD 91114
11 15 32 +73 26 53 HD 97584
11 49 26 +67 18 03 HD 102616
11 50 29 +70 49 25 CCDM 11502+7051
12 00 23 +70 37 25 HD 104202
12 01 53 +70 49 19 HD 104435
12 02 31 +72 20 03 SAO 7488
12 05 49 +68 45 59 HD 105028
12 06 16 +68 40 15 HD 105122
12 07 23 +69 02 55 HD 105287
12 12 12 +68 34 30 HD 106054
12 13 22 +67 02 44 HD 106221
12 17 01 +70 07 06 HD 106831
12 24 34 +63 45 56 HD 108040
12 25 20 +63 46 30 HR 4727
12 32 15 +74 47 03 HD 109213
12 40 08 +74 23 36 HD 110312
12 54 04 +74 38 01 HD 112310
13 13 38 +67 15 42 HD 115136
13 27 15 +64 42 35 HR 5074
13 34 15 +67 44 36 HD 118328
13 44 33 +69 11 42 HD 120032
13 51 07 +68 17 26 HR 5227
14 41 09 +57 56 12 HD 129580
14 42 10 +61 14 27 DL Dra
14 44 11 +61 04 38 HD 130173
14 47 40 +62 08 22 SAO 16498
14 52 45 +59 01 51 HD 238401
14 56 38 +59 21 36 HD 132422
14 59 28 +60 33 54 PPM 19243
15 07 56 +63 05 54 HD 134646
15 11 56 +61 50 18 BV Dra
15 18 51 +53 32 34 HD 136511
15 19 13 +63 06 17 ADS 9593
15 20 11 +60 21 45 HD 136882
15 22 36 +55 15 16 HD 238454
15 23 15 +60 58 34 HD 137470
15 25 03 +58 56 55 Ed Asich
15 26 43 +54 52 54 HD 137972
15 33 55 +63 53 26 TW Dra
15 36 13 +55 30 21 HIP 76385
15 37 13 +60 20 30 SAO 16784
15 39 02 +57 26 44 HD 140064
15 45 01 +59 24 47 HD 141242
15 47 06 +53 36 22 HD 141508
15 47 45 +55 21 41 HR 5887
15 51 18 +52 53 32 HD 142282
15 52 08 +52 33 02 HD 142417
15 53 05 +60 05 59 HD 142738
15 56 37 +57 16 07 HD 238521
16 00 24 +58 55 13 HD 143988
16 00 28 +54 30 31 HD 143914
16 02 04 +60 28 08 HD 144328
16 04 19 +59 21 45 HD 144759
16 04 54 +60 01 53 HD 144903
16 05 28 +68 59 32 PPM 19722
16 05 57 +56 36 20 HD 238528
16 09 09 +57 55 29 HR 6036
16 14 00 +64 19 27 SAO 17002
16 18 44 +51 19 09 HD 234298
16 20 22 +61 29 03 HD 147803
16 20 57 +64 21 04 HD 147995
16 24 03 +61 30 10 Eta Dra
16 28 16 +60 40 10 HD 148977
16 28 38 +56 43 29 HIP 80690
16 29 01 +56 35 37 HD 149007
16 31 43 +57 45 13 HD 149430
16 32 03 +52 58 49 HD 149419
16 32 31 +57 22 46 HD 238574
16 35 43 +67 15 27 SAO 17163
16 36 21 +52 54 52 17 Dra
16 36 37 +69 46 59 HD 150631
16 38 19 +70 19 43 SAO 8579
16 39 08 +60 41 24 WW Dra
16 44 50 +66 46 15 SAO 17208
16 48 42 +55 07 15 HD 152125
16 48 58 +59 29 41 HD 152274
16 55 16 +63 31 14 HD 153397
16 56 27 +65 01 54 20 Dra
16 56 41 +51 26 14 HD 234371
16 56 40 +57 10 50 HD 153495
16 58 45 +71 05 25 SAO 8675
16 59 21 +65 12 09 SAO 17303
17 01 00 +68 04 40 CCDM 17010+6805
17 03 23 +59 34 42 HD 154712
17 04 03 +53 13 29 HD 154650
17 05 26 +54 27 48 Arrakis
17 05 59 +71 02 15 SAO 8709
17 08 24 +50 50 10 HR 6383
17 10 16 +54 29 18 HD 155674
17 11 15 +69 29 49 SAO 17386
17 12 31 +71 07 23 SAO 8737
17 13 12 +54 08 02 HD 156162
17 16 09 +60 42 31 HD 156890
17 19 37 +58 31 27 HD 157410
17 19 54 +72 34 44 HD 158044
17 22 08 +53 50 45 HD 234431
17 26 16 +63 10 34 SAO 17481
17 27 04 +57 17 17 HD 238697
17 29 05 +50 51 59 HIP 85545
17 29 35 +69 52 25 PPM 20398
17 32 22 +55 10 11 Kuma
17 35 02 +61 52 17 26 Dra
17 36 41 +68 22 49 HD 160861
17 37 32 +50 39 57 HD 160469
17 38 44 +55 45 26 HD 160780
17 39 38 +72 55 33 HD 161692
17 39 50 +59 07 21 HD 238737
17 40 20 +63 40 22 HD 161285
17 41 15 +69 47 50 PPM 20527
17 41 21 +61 36 13 HD 161399
17 41 51 +72 08 48 Dsiban
17 42 26 +65 00 51 PPM 20541
17 45 17 +51 56 50 HD 161865
17 45 41 +59 14 18 ADS 10797
17 45 58 +76 28 50 SAO 8923
17 48 02 +57 06 35 HD 238759
17 51 26 +59 38 20 HD 238770
17 52 19 +64 14 13 BD +64 01227
17 52 46 +67 00 10 PPM 20621
17 52 44 +60 30 10 CCDM 17527+6030
17 55 11 +67 28 38 SAO 17691
17 56 22 +62 36 34 HD 164330
17 56 28 +58 13 04 T Dra
17 58 12 +52 13 05 HD 164394
17 59 16 +64 08 33 HD 164984
18 00 05 +53 16 16 HD 234533
17 59 46 +80 00 15 41 Dra
18 00 26 +52 51 16 HD 164874
18 00 49 +54 52 38 HD 234538
18 01 23 +65 56 56 HD 165522
18 00 32 +84 36 00 SAO 2995
18 02 40 +75 47 26 HD 166655
18 02 58 +56 25 42 SAO 30715
18 04 41 +50 52 50 HD 234551
18 04 51 +81 29 10 HD 168518
18 07 09 +62 28 02 ADS 11101
18 09 23 +59 45 07 HD 238823
18 11 12 +53 29 43 HD 234577
18 11 13 +69 15 05 HD 167855
18 11 39 +53 29 14 HD 234579
18 12 05 +51 10 14 HD 234580
18 14 13 +64 45 14 HD 168267
18 14 46 +56 35 24 HR 6849
18 16 20 +51 19 58 PPM 36490
18 17 20 +51 02 53 SAO 30868
18 18 17 +60 50 01 ADS 11263
18 19 24 +76 36 24 HD 170340
18 19 39 +67 42 22 ADS 11288
18 23 52 +51 39 07 HIP 90141
18 23 59 +58 48 13 39 Dra
18 25 56 +60 28 56 HD 170508
18 28 44 +65 06 28 PPM 20938
18 31 16 +65 26 24 HR 6979
18 31 22 +62 32 31 HD 171549
18 32 56 +63 42 47 HIP 90928
18 33 47 +64 14 44 ADS 11481
18 34 04 +52 21 28 HR 6983
18 34 06 +50 58 33 HD 234676
18 35 11 +63 42 02 HD 172323
18 35 39 +82 24 18 SAO 3090
18 37 34 +64 04 59 ADS 11521
18 38 26 +63 32 15 HD 172923
18 38 28 +60 42 57 HD 172825
18 38 50 +52 43 45 HD 234686
18 38 58 +52 20 55 HIP 91436
18 42 44 +55 32 41 46 Dra
18 42 51 +59 38 08 Struve 2398
18 45 38 +64 04 23 SAO 18008
18 47 01 +59 20 12 HD 174455
18 49 22 +65 27 59 ADS 11759
18 51 16 +59 23 40 Omicron Dra
18 51 24 +65 14 01 SAO 18050
18 52 16 +51 20 06 HD 175308
18 53 23 +75 47 38 HIP 92717
18 55 05 +61 43 07 SAO 18068
18 55 53 +52 40 40 HD 234755
18 57 00 +56 45 23 HD 176409
18 57 20 +62 24 13 HR 7191
18 58 54 +53 07 25 HD 234767
19 02 14 +52 16 07 HR 7229
19 03 05 +51 35 49 HD 234786
19 03 42 +56 15 08 ADS 12012
19 03 45 +57 27 53 BH Dra
19 14 20 +67 55 01 HD 181179
19 15 01 +63 54 25 SAO 18239
19 14 28 +83 28 18 HR 7425
19 16 51 +67 42 06 HD 181798
19 16 56 +63 13 00 HD 181566
19 16 56 +62 00 26 HD 181520
19 19 48 +64 24 01 HR 7361
19 21 11 +64 33 01 ADS 12373
19 21 18 +55 49 57 HD 182334
19 26 21 +66 58 22 SAO 18345
19 26 54 +73 22 36 HIP 95625
19 29 16 +78 16 34 HD 185497
19 30 03 +66 31 01 HD 184481
19 30 24 +81 26 02 SAO 3246
19 31 15 +63 19 32 HD 184563
19 33 15 +60 10 11 HR 7448
19 34 03 +60 17 15 HD 185081
19 34 18 +62 50 18 SAO 18406
19 36 09 +67 55 32 PPM 21632
19 36 32 +65 03 34 HD 185800
19 37 03 +63 50 29 HD 185855
19 38 47 +64 56 39 SAO 18451
19 39 12 +72 20 22 SAO 9491
19 40 18 +60 31 08 HR 7500
19 41 53 +67 33 14 HD 186813
19 42 27 +81 26 25 SAO 3278
19 43 19 +69 30 05 HD 187177
19 47 58 +61 13 40 SAO 18535
19 48 09 +70 16 51 Epsilon Dra
19 50 56 +75 24 57 HD 189126
19 52 51 +64 11 21 HD 188772
19 54 40 +64 08 53 SAO 18591
19 55 49 +79 27 56 HD 190712
19 56 47 +59 59 42 HD 239263
19 59 28 +76 29 43 69 Dra
20 01 33 +70 28 07 HD 190833
20 02 23 +64 38 55 65 Dra
20 04 49 +63 54 17 HR 7695
20 05 17 +63 46 34 HD 191276
20 05 39 +63 43 11 HD 191310
20 07 02 +66 19 22 HD 191700
20 11 59 +64 31 27 HD 192618
20 14 08 +80 32 50 HD 194375
20 16 12 +81 09 43 HD 194860
20 22 58 +64 11 58 HD 194613
20 27 54 +81 26 22 75 Dra
20 28 09 +73 34 23 SAO 9781
20 28 28 +70 16 16 ADS 13925
20 29 08 +81 06 30 74 Dra
