01 26 20 -56 48 44 HD 8860
01 31 47 -53 20 38 HD 9438
01 39 01 -53 24 49 HR 479
01 39 58 -56 10 16 HIP 7751
01 43 12 -54 12 36 HD 10692
01 46 14 -56 56 02 HD 10950
01 47 22 -56 25 27 HD 11067
01 56 08 -51 35 04 Chi Eri
01 57 41 -52 10 31 HD 12108
01 59 01 -56 50 44 HD 12287
02 04 55 -50 26 44 HD 12878
02 09 18 -52 13 20 HD 13367
02 09 53 -51 56 43 HD 13425
02 11 40 -49 18 29 HD 13618
02 16 42 -51 29 21 Phi Eri
02 16 46 -49 32 54 HD 14227
02 21 45 -48 17 22 HD 14792
02 34 35 -42 57 15 HD 16169
02 35 18 -42 28 49 CCDM 2351-4230
02 36 09 -48 24 05 HD 16373
02 38 26 -40 00 17 HD 16571
02 39 49 -39 56 51 SAO 215993
02 43 32 -40 30 24 HIP 12708
02 45 50 -41 12 42 HD 17343
02 47 14 -09 50 48 HD 17386
02 47 23 -01 40 32 PPM 175191
02 47 23 -15 21 23 HD 17405
02 49 35 -10 31 48 HIP 13168
02 50 01 -20 13 32 HD 17700
02 50 36 -04 57 57 HD 17699
02 50 36 -48 05 11 HD 17866
02 51 02 -45 13 10 HIP 13273
02 51 25 -21 24 14 HD 17827
02 58 05 -18 24 57 HD 18499
02 58 16 -15 49 07 HD 18498
02 58 39 -01 33 41 HD 18497
02 58 27 -40 17 06 Acamar
02 59 52 -09 23 49 HD 18646
03 02 57 -07 39 58 Rho 2 Eri
03 03 17 -02 04 01 HD 18975
03 05 31 -08 55 32 HD 19220
03 06 18 -13 24 57 HD 19313
03 06 56 -13 17 59 HD 19383
03 08 20 -42 29 41 HIP 14573
03 08 31 -12 34 27 HD 19544
03 11 06 -11 06 23 HD 19810
03 12 37 -44 24 04 HR 968
03 12 59 -02 53 19 HD 19996
03 14 07 -14 27 54 ADS 2420
03 17 01 -22 03 15 HD 20461
03 17 23 -23 00 31 HD 20503
03 18 55 -18 32 30 HR 997
03 19 44 -21 44 23 Tau 4 Eri
03 20 13 -45 13 19 HD 20861
03 22 19 -41 30 21 HD 21035
03 23 30 -11 19 46 HD 21020
03 23 36 -10 13 34 HD 21040
03 23 46 -40 03 32 HD 21175
03 24 39 -13 58 32 HIP 15869
03 25 27 -45 01 37 HD 21386
03 28 24 -43 38 08 HD 21682
03 30 13 -11 07 47 HD 21735
03 32 30 -07 04 24 HD 21978
03 33 10 -09 26 30 Epsilon Eri
03 33 30 -10 02 36 HD 22096
03 33 45 -02 31 35 HD 22094
03 33 49 -19 03 00 HD 22163
03 36 19 -03 19 06 HD 22393
03 37 57 -20 27 05 HD 22631
03 38 10 -07 38 05 HD 22590
03 39 29 -22 18 23 HD 22822
03 39 56 -40 20 10 HD 22986
03 40 41 -22 54 02 HD 22971
03 41 06 -12 36 00 HD 22968
03 41 25 -05 16 19 HD 22980
03 42 18 -17 07 48 HD 23121
03 44 17 -40 38 41 HR 1157
03 44 57 -10 45 40 HD 23416
03 45 56 -13 19 04 HD 23558
03 45 54 -40 09 37 HD 23717
03 46 38 -08 09 11 HIP 17612
03 46 43 -16 29 56 CCDM 3465-1631
03 48 47 -37 36 19 HR 1190
03 50 31 -01 30 27 HD 24098
03 51 07 -00 09 00 HD 24170
03 51 20 -15 13 15 HD 24256
03 51 25 -18 53 45 HD 24280
03 51 37 -27 28 00 HD 24348
03 51 56 -22 55 01 HD 24359
03 52 24 -01 08 03 HD 24325
03 52 52 -08 28 37 HD 24402
03 52 57 -05 20 48 30 Eri
03 53 23 -01 49 22 HD 24435
03 53 27 -01 58 59 HD 24445
03 54 33 -02 56 25 32 Eri
03 54 46 -12 42 27 HD 24624
03 56 28 -06 55 49 HD 24781
03 57 44 -01 08 43 HD 24916
03 58 53 -02 38 14 HD 25040
04 00 47 -37 05 57 HD 25387
04 01 09 -10 26 09 HD 25298
04 02 14 -34 28 07 HD 25535
04 02 38 -06 59 29 HIP 18840
04 03 20 -11 48 33 HD 25561
04 03 17 -15 07 56 HD 25573
04 04 44 -32 27 54 HD 25858
04 05 04 -35 49 33 HD 25927
04 06 58 -32 26 36 HD 26121
04 07 16 -28 47 53 HD 26134
04 08 54 -02 40 28 HD 26215
04 09 42 -17 27 58 HD 26360
04 09 54 -16 52 22 SAO 149418
04 11 18 -18 24 50 HD 26529
04 12 10 -08 49 29 HD 26584
04 12 08 -33 45 19 HD 26698
04 12 44 -30 09 05 SAO 194828
04 12 42 -36 08 24 HD 26758
04 13 13 -28 31 41 HIP 19684
04 13 33 -09 27 30 HD 26723
04 14 25 -16 32 10 HD 26850
04 14 38 -10 14 38 39 Eri
04 15 18 -30 03 35 HD 27016
04 15 31 -07 38 26 Keid
04 16 16 -21 38 56 HD 27094
04 18 40 -23 46 46 SAO 169322
04 19 00 -02 41 06 HD 27340
04 19 05 -26 43 18 HD 27438
04 19 18 -07 24 40 HD 27388
04 19 14 -33 53 34 HR 1359
04 20 58 -14 12 36 SAO 149560
04 21 42 -20 54 12 HD 27701
04 21 43 -25 43 01 HR 1374
04 22 18 -09 56 25 HD 27708
04 22 25 -04 39 56 HIP 20407
04 23 24 -01 16 07 HD 27792
04 23 30 -04 59 40 HD 27810
04 23 53 -24 07 02 SAO 169400
04 24 51 -04 51 40 HD 27955
04 24 56 -08 44 32 HIP 20598
04 25 07 -34 44 47 HR 1398
04 25 55 -01 23 59 HD 28053
04 26 23 -34 41 31 HD 28275
04 28 08 -21 29 36 HD 28396
04 28 47 -29 44 46 HD 28508
04 29 06 -25 11 03 HIP 20909
04 29 57 -03 34 03 SAO 131246
04 29 55 -29 01 09 HD 28639
04 30 56 -16 26 33 HD 28680
04 31 40 -13 38 01 HR 1438
04 31 46 -35 53 42 HD 28884
04 32 11 -08 50 20 SAO 131273
04 32 53 -03 11 57 DZ Eri
04 33 20 -12 07 34 HD 28934
04 33 29 -21 07 30 HD 28995
04 34 10 -06 43 43 46 Eri
04 34 36 -00 44 25 PPM 175571
04 35 07 -25 01 44 HD 29198
04 35 28 -09 43 35 HR 1460
04 35 33 -00 28 08 PPM 175580
04 36 17 -03 36 06 HR 1462
04 37 08 -14 54 57 HIP 21488
04 38 14 -13 01 09 HD 29482
04 39 50 -21 14 17 HD 29674
04 43 30 -09 36 32 HD 29980
04 43 49 -08 47 07 55 Eri
04 46 05 -11 56 26 SAO 149867
04 46 48 -22 46 15 HD 30421
04 47 04 -21 40 45 HD 30430
04 47 27 -17 14 23 HD 30460
04 48 00 -20 48 04 HD 30537
04 48 47 -11 44 37 HD 30600
04 48 49 -20 25 16 HD 30627
04 54 02 -26 25 16 HD 31341
04 54 36 -09 19 20 CCDM 4544-0920
04 55 31 -03 51 27 HD 31375
04 56 39 -05 09 50 62 Eri
04 57 34 -05 44 34 SAO 131627
04 57 53 -05 44 28 HD 31682
05 00 55 -13 29 47 HD 32179
05 03 16 -08 39 22 HD 32468
05 07 01 -04 38 56 66 Eri
05 08 06 -05 04 48 Cursa
05 08 34 -08 39 33 HR 1671
05 10 09 -09 05 56 HD 33432
05 10 17 -07 03 56 HD 33449
