06 03 45 +27 38 29 HD 40959
06 04 20 +27 34 11 HD 41056
06 04 37 +22 09 59 HD 251014
06 09 34 +24 25 36 HD 41996
06 09 57 +24 03 18 CCDM 6096+2403
06 11 23 +24 52 51 HD 42332
06 13 08 +24 25 29 HD 42636
06 14 27 +23 59 05 HD 42871
06 15 11 +22 30 17 Propus
06 16 46 +23 18 44 ADS 4877
06 17 44 +22 25 29 HD 254477
06 18 07 +26 11 49 HD 254518
06 18 25 +21 50 26 HD 254657
06 19 41 +23 16 20 HD 43836
06 20 03 +21 28 18 HD 43928
06 20 05 +22 18 10 HD 255093
06 20 03 +22 06 30 HD 43907
06 20 10 +25 00 41 HD 43906
06 20 55 +25 11 11 HD 44050
06 20 52 +18 02 48 HD 44073
06 21 32 +21 07 48 HD 44171
06 22 13 +27 31 15 HD 255627
06 22 20 +22 01 38 CCDM 6220+2202
06 22 45 +26 39 58 HD 44328
06 22 41 +21 58 41 HD 44370
06 23 07 +17 34 17 HD 44496
06 23 16 +22 30 39 Mu Gem
06 23 49 +27 06 55 HD 44541
06 23 47 +23 02 12 ADS 4999
06 26 46 +20 10 23 BD +20 01419
06 26 55 +15 31 13 HD 45180
06 27 48 +24 31 46 HD 45276
06 28 05 +20 47 10 HD 45352
06 28 12 +15 41 29 HD 45430
06 28 18 +24 15 06 HD 257517
06 28 46 +13 53 39 HD 257905
06 29 16 +20 12 31 Nu Gem
06 30 19 +17 54 11 HD 45757
06 30 48 +13 47 35 HD 258549
06 31 27 +21 42 52 HD 45900
06 31 27 +16 56 05 HR 2366
06 31 35 +15 44 01 HD 45994
06 32 36 +17 46 50 HD 46136
06 32 38 +15 42 08 HD 46148
06 32 39 +13 11 34 HD 46163
06 33 28 +25 16 36 HD 46220
06 34 25 +22 07 12 HD 46401
06 34 39 +14 44 53 HIP 31345
06 36 21 +13 41 23 HD 46825
06 36 36 +26 40 50 BD +26 01291
06 37 51 +12 10 34 HD 47127
06 37 59 +23 38 38 HD 260686
06 38 00 +16 23 41 Alhena
06 38 05 +23 10 20 HD 260717
06 38 37 +24 26 45 HD 47176
06 38 38 +14 46 12 HD 261047
06 39 13 +27 47 59 HD 47256
06 40 15 +16 21 22 HD 261517
06 40 52 +17 38 08 HD 47681
06 41 40 +28 11 30 25 Gem
06 41 44 +23 35 42 HD 261831
06 42 26 +24 41 03 CCDM 6421+2441
06 42 28 +14 51 04 HD 262229
06 44 14 +25 07 33 Mebsuta
06 44 39 +28 21 49 HD 262665
06 44 56 +23 26 30 HD 48471
06 45 21 +30 05 20 HD 262880
06 45 14 +13 45 18 SAO 96066
06 45 29 +30 49 13 HD 48510
06 45 42 +24 40 01 HD 48640
06 47 16 +19 33 15 HD 263635
06 48 00 +23 42 37 ADS 5449
06 48 30 +26 42 02 HD 49141
06 51 40 +18 39 38 HD 49885
06 52 05 +32 44 36 CCDM 6518+3245
06 53 03 +24 57 43 HD 50106
06 52 51 +12 11 43 HD 265452
06 53 25 +28 42 18 HD 265379
06 53 59 +23 32 11 HD 265675
06 54 39 +21 09 17 HD 50482
06 54 44 +18 16 44 CCDM 6544+1817
06 54 49 +23 20 48 CCDM 6545+2321
06 54 56 +13 10 16 38 Gem
06 54 57 +13 48 55 HD 266089
06 55 47 +30 09 19 HD 50662
06 56 22 +20 04 40 PPM 96759
06 56 36 +32 26 17 HD 50841
06 56 53 +28 57 33 HD 266479
06 57 19 +24 57 03 HD 51127
06 58 24 +14 13 18 HD 51502
06 59 29 +18 42 47 HD 267347
06 59 39 +25 13 34 HD 51690
07 00 07 +15 56 02 HD 51911
07 00 32 +27 44 39 HD 267497
07 00 54 +12 42 58 HD 52155
07 01 04 +31 55 56 HD 267598
07 02 35 +12 34 27 HD 52586
07 02 46 +28 55 04 CCDM 7024+2856
07 03 17 +24 26 59 HD 268265
07 03 21 +12 33 27 HD 268393
07 04 25 +20 33 45 Mekbuda
07 05 13 +28 06 33 HD 268551
07 06 04 +26 07 58 SAO 79046
07 06 23 +19 02 44 HD 53506
07 06 30 +24 51 08 HD 53472
07 06 46 +15 47 51 ADS 5784
07 07 27 +16 49 53 HD 53818
07 07 58 +32 29 30 CCDM 7076+3230
07 08 17 +15 31 14 HD 54046
07 08 50 +24 58 57 SAO 79098
07 09 04 +16 54 02 HD 54244
07 09 53 +25 43 13 HD 54371
07 10 43 +30 21 02 HD 54535
07 10 55 +15 42 48 ADS 5841
07 11 27 +30 14 12 Tau Gem
07 11 35 +33 43 19 CCDM 7113+3344
07 12 19 +22 16 13 HD 55005
07 13 05 +15 10 11 HD 55283
07 13 23 +14 32 29 HD 55359
07 13 39 +16 09 00 51 Gem
07 14 11 +25 00 09 HD 55458
07 14 37 +15 45 01 HD 55625
07 14 45 +24 42 08 HR 2722
07 15 21 +25 59 45 HD 55705
07 15 39 +32 08 13 CCDM 7153+3209
07 15 52 +21 57 28 HD 55847
07 16 15 +31 30 56 CCDM 7159+3131
07 16 27 +14 37 37 HD 56078
07 17 07 +24 31 38 HD 56152
07 18 25 +34 56 33 HD 56327
07 18 23 +16 31 52 Lambda Gem
07 20 06 +13 21 49 HD 56988
07 20 25 +21 58 22 Wasat
07 21 05 +31 26 58 SAO 59990
07 21 42 +34 01 01 HD 57158
07 21 51 +25 13 19 HD 57289
07 24 27 +21 26 52 HD 57900
07 25 07 +26 37 03 SAO 79369
07 25 53 +20 29 06 HD 58246
07 26 19 +14 05 34 HD 58383
07 26 29 +14 49 48 HD 58430
07 26 44 +18 30 24 HD 58453
07 27 43 +15 18 22 HD 58729
07 27 59 +22 07 52 HD 58712
07 28 02 +21 26 06 63 Gem
07 28 59 +24 38 17 HD 58919
07 29 26 +31 46 26 Rho Gem
07 29 30 +14 20 52 HD 59150
07 30 43 +13 51 15 HD 59432
07 30 48 +25 45 58 PPM 97588
07 31 14 +24 40 07 CCDM 7309+2441
07 31 14 +30 33 47 HD 59372
07 31 17 +25 09 19 BD +25 01691
07 31 28 +18 58 12 HD 59536
07 31 38 +16 18 00 HD 59601
07 33 09 +22 52 36 HR 2879
07 33 34 +32 51 03 HD 59848
07 34 44 +33 06 41 HD 60106
07 34 49 +12 17 37 HD 60355
07 34 55 +31 52 38 Castor
07 35 02 +20 09 37 PPM 97699
07 35 17 +24 15 16 HD 60336
07 35 28 +30 56 59 HR 2896
07 36 20 +34 19 00 HIP 36974
07 38 29 +17 50 35 CCDM 7382+1751
07 38 49 +33 42 00 HD 60987
07 38 53 +35 02 13 70 Gem
07 41 16 +21 47 05 HD 61604
07 41 44 +23 10 57 PPM 97843
07 41 51 +33 23 52 HD 61629
07 42 00 +18 02 29 HD 61787
07 43 38 +28 52 17 Sigma Gem
07 44 45 +24 23 09 Kappa Gem
07 44 46 +31 09 29 CCDM 7445+3110
07 45 26 +30 13 20 PPM 73082
07 45 38 +28 00 50 Pollux
07 46 11 +26 42 47 HD 62615
07 46 33 +13 42 58 HD 62786
07 47 49 +33 24 12 Pi Gem
07 48 40 +18 19 26 HD 63210
07 48 40 +13 24 20 HD 63240
07 48 48 +28 45 05 HD 63138
07 49 06 +28 54 22 SAO 79706
07 49 04 +14 35 37 CCDM 7488+1436
07 49 20 +28 33 40 HD 63238
07 50 38 +24 31 10 SAO 79735
07 50 55 +19 59 46 PPM 98029
07 51 21 +33 13 14 HR 3040
07 51 19 +31 36 02 HD 63610
07 51 40 +26 36 12 CCDM 7513+2637
07 52 12 +22 14 39 SAO 79756
07 52 48 +33 55 53 CCDM 7525+3357
07 52 59 +20 01 51 SAO 79764
07 53 22 +31 37 15 PPM 73207
07 53 42 +20 49 25 SAO 79776
07 54 20 +14 56 06 HD 64352
07 54 32 +27 52 14 SAO 79780
07 55 11 +19 13 23 HD 64468
07 55 46 +29 08 43 HD 64510
07 56 20 +24 39 08 HD 64682
07 56 49 +21 51 40 HD 64813
08 03 03 +32 10 18 HD 65991
08 03 49 +27 46 49 Chi Gem
08 05 24 +28 26 31 PPM 98317
08 07 07 +33 01 45 SAO 60568
