08 13 43 -01 23 19 CCDM 8135-0122
08 13 56 +04 06 21 SAO 116496
08 15 09 -00 01 47 PPM 177359
08 15 48 +02 00 58 HD 69095
08 16 05 +02 47 09 HD 69178
08 16 41 -03 14 30 HD 69351
08 17 02 -09 01 48 HD 69460
08 21 09 +05 19 07 PPM 154311
08 21 50 -11 19 19 CCDM 8216-1118
08 22 23 -06 50 27 HD 70497
08 22 26 +01 43 16 CCDM 8222+0144
08 22 25 -03 49 36 CCDM 8222-0349
08 24 48 -01 09 53 HD 70923
08 25 46 -02 07 47 HD 71116
08 26 03 +05 56 07 PPM 154451
08 26 01 -00 25 42 HD 71137
08 26 27 +04 29 10 HD 71209
08 26 42 -04 00 15 2 Hya
08 30 53 -02 48 25 CCDM 8306-0247
08 31 04 -00 48 04 HD 72054
08 31 30 -02 13 02 PPM 177476
08 32 37 -00 57 19 HD 72362
08 33 10 -09 33 58 PPM 191445
08 33 56 -01 45 06 CCDM 8337-0144
08 34 02 -14 24 49 HD 72684
08 34 10 +01 34 06 HIP 42017
08 36 14 -00 07 37 CCDM 8360-0007
08 37 55 +05 41 10 Delta Hya
08 38 05 -06 49 29 HD 73350
08 39 28 +00 29 14 PPM 154804
08 39 38 -00 17 36 PPM 177540
08 40 00 +05 44 47 HD 73668
08 40 58 -11 56 43 HD 73940
08 40 55 -12 11 14 HD 73941
08 42 31 -08 25 03 HD 74188
08 42 46 -08 31 00 HD 74217
08 43 55 -07 15 07 HR 3459
08 44 04 -17 02 20 HD 74492
08 45 36 -02 37 10 HIP 42951
08 46 00 -12 40 55 HD 74798
08 46 12 -06 44 07 HD 74797
08 46 21 -11 01 30 HR 3480
08 46 35 +00 37 42 HD 74831
08 47 03 +06 24 01 Epsilon Hya
08 47 52 -00 00 03 SAO 117128
08 48 15 +03 06 33 SAO 117134
08 48 28 +02 33 41 HD 75121
08 48 33 +00 32 11 HD 75138
08 48 44 -18 03 42 HD 75283
08 49 18 -05 15 30 HD 75282
08 49 17 -12 45 14 HD 75340
08 49 19 -13 25 39 HD 75342
08 50 41 -00 03 10 SAO 117185
08 50 40 -04 12 59 HD 75529
08 50 46 +03 31 26 SAO 117186
08 51 17 +02 53 40 PPM 155089
08 51 49 -07 11 46 15 Hya
08 52 00 -06 48 11 HD 75770
08 52 19 +04 26 50 HD 75768
08 53 43 +05 11 38 HD 75977
08 54 01 -00 35 50 HD 76051
08 54 52 +01 25 51 SAO 117254
08 55 10 -07 50 16 HD 76274
08 55 26 -18 15 37 HR 3554
08 55 31 -11 23 27 HD 76352
08 55 45 -07 59 25 17 Hya
08 56 52 -13 44 05 HD 76578
08 57 04 -17 27 10 HIP 43920
08 58 05 -18 54 31 HD 76784
09 00 07 -01 35 51 HD 77040
09 00 37 +03 30 38 HD 77081
09 01 01 -09 12 40 HD 77196
09 01 29 +02 43 32 HD 77213
09 03 24 -17 40 51 HD 77608
09 03 52 -02 25 43 HD 77625
09 05 14 -04 00 27 HIP 44584
09 05 49 +01 01 22 PPM 155413
09 06 54 +02 47 53 HD 78126
09 08 08 -07 09 34 HD 78391
09 08 57 -08 36 35 19 Hya
09 09 24 -01 36 30 HD 78610
09 09 37 -15 36 34 HD 78733
09 09 47 +02 55 15 HD 78637
09 10 24 -16 52 59 HD 78891
09 11 44 +00 16 15 HD 79011
09 12 01 -16 49 59 HD 79132
09 12 36 -07 10 07 CCDM 9124-0709
09 14 34 -08 17 49 HD 79502
09 14 38 +02 17 36 Theta Hya
09 15 07 +04 11 23 HD 79556
09 15 08 -08 46 44 HD 79597
09 15 16 -20 08 28 HD 79709
09 15 35 +05 29 40 SAO 117539
09 15 58 -01 15 46 HD 79728
09 16 19 -08 22 17 HD 79825
09 16 33 -23 09 04 HD 79934
09 16 55 +00 42 29 HD 79873
09 16 57 -06 22 27 23 Hya
09 17 48 +00 32 02 HD 80046
09 18 20 -01 23 33 HD 80150
09 18 28 -00 37 44 HD 80164
09 18 39 -20 23 32 HD 80316
09 19 01 -10 26 04 HD 80314
09 19 22 -20 27 27 HD 80428
09 19 47 -15 51 22 HR 3704
09 20 14 +04 58 42 HD 80462
09 20 30 -01 37 32 CCDM 9202-0136
09 20 30 -23 30 04 HD 80618
09 20 38 +04 07 17 CCDM 9204+0409
09 20 44 -09 34 37 27 Hya
09 20 54 -07 43 13 HD 80615
09 22 47 -08 29 11 HD 80941
09 22 43 -17 54 55 HD 80971
09 23 11 -15 31 03 HD 81043
09 23 32 +03 28 47 HD 81029
09 24 02 -23 40 50 HIP 46078
09 24 45 +06 19 42 HIP 46134
09 27 22 -17 17 15 HD 81748
09 27 33 +06 12 39 HIP 46367
09 27 50 -08 40 50 Alphard
09 28 35 -08 06 37 HD 81901
09 28 36 -10 00 32 HD 81902
09 29 17 -01 16 44 HR 3758
09 29 24 -02 47 27 Tau 1 Hya
09 29 32 +03 04 25 HD 81979
09 29 57 +04 31 52 HD 82054
09 31 11 -15 45 40 HD 82339
09 31 46 +01 26 35 HD 82355
09 32 27 -10 51 57 HD 82508
09 33 09 -14 01 22 HD 82661
09 33 10 +04 13 45 HD 82571
09 34 58 -12 37 47 HD 82944
09 35 41 +03 52 58 HD 82994
09 35 48 -19 36 21 HR 3822
09 36 25 -17 16 20 HD 83164
09 40 16 -17 11 14 HD 83713
09 41 01 +01 00 07 HIP 47480
09 41 31 -23 36 51 HR 3858
09 41 44 -18 30 22 HD 83973
09 45 35 -20 21 48 HD 84517
09 49 57 -12 18 13 HD 85164
09 53 47 -19 30 31 HIP 48507
09 54 04 -22 33 15 HD 85800
09 54 50 -12 58 31 HD 85883
09 55 20 -26 33 46 HD 85994
09 57 01 -26 34 25 HR 3931
09 59 48 -14 58 48 HD 86650
10 01 30 -22 47 21 HD 86916
10 02 26 -19 47 27 HD 87052
10 04 17 -18 07 33 HR 3963
10 06 53 -19 20 07 HD 87743
10 06 54 -23 09 50 HIP 49521
10 07 04 -24 44 24 HIP 49533
10 08 35 -19 46 48 HD 87998
10 12 32 -16 06 40 HD 88536
10 17 00 -20 41 41 HR 4040
10 20 53 -16 44 35 HD 89676
10 20 52 -16 22 34 HD 89675
10 20 47 -23 39 57 SAO 178706
10 21 50 -22 33 14 HR 4073
10 23 33 -13 24 09 HD 90045
10 23 47 -29 35 49 HD 90097
10 32 14 -20 22 31 HD 91279
10 32 42 -12 04 31 CCDM 10324-1203
10 33 04 -13 08 38 HD 91378
10 33 27 -11 48 56 HD 91413
10 33 37 -12 29 15 HD 91443
10 34 06 -17 51 08 HD 91528
10 34 20 -11 50 03 BD -11 02910
10 34 51 -12 59 05 SAO 156072
10 34 56 -22 13 45 HD 91660
10 35 37 -12 53 07 HD 91728
10 35 54 -13 01 35 HD 91773
10 36 19 -26 42 06 HR 4157
10 36 47 -12 15 22 HR 4158
10 37 05 -13 33 51 HD 91952
10 37 42 -12 25 12 HD 92034
10 37 49 -19 22 56 HD 92070
10 38 11 -12 58 13 HD 92115
10 39 24 -17 36 09 HD 92296
10 39 25 -12 02 26 BD -11 02927
10 40 25 -16 23 55 HD 92440
10 42 03 -14 44 05 HD 92677
10 47 51 -15 39 11 HD 93527
10 47 53 -15 17 18 HR 4218
10 48 19 -14 59 13 HD 93588
10 48 28 -14 39 37 HD 93615
10 51 52 -21 16 36 V Hya
10 53 45 -20 09 55 HR 4251
10 55 19 -31 01 10 HD 94640
10 55 35 -31 18 45 HD 94676
10 56 20 -21 09 16 HD 94749
10 58 04 -35 40 05 HD 95041
10 58 28 -31 35 26 HD 95078
10 59 28 -33 45 52 HR 4282
10 59 51 -31 23 12 SAO 201987
11 02 39 -26 51 30 HR 4302
11 03 32 -27 32 42 HD 95855
11 10 14 -29 37 39 HD 97021
11 16 55 -30 08 29 SAO 179725
11 19 01 -31 23 04 HD 98380
11 21 24 -35 33 05 HD 98703
11 24 00 -28 32 04 HD 99043
11 27 31 -32 43 24 SAO 202456
11 28 24 -31 15 50 HD 99727
11 31 51 -33 39 29 HD 100189
11 32 31 -29 17 19 HD 100287
11 33 15 -31 53 07 Xi Hya
11 36 50 -33 35 52 HR 4469
11 40 12 -33 28 40 HD 101387
11 41 59 -32 31 38 HR 4503
11 45 46 -30 31 34 HD 102183
11 56 59 -32 17 43 HD 103743
11 59 09 -25 56 12 HR 4579
12 05 21 -35 03 27 SAO 203110
12 06 11 -27 19 04 HD 105077
12 06 20 -32 59 20 HD 105113
12 10 19 -34 43 57 HR 4628
12 10 54 -32 55 36 SAO 203198
12 13 53 -33 49 15 HR 4651
12 19 16 -33 19 12 HD 107106
12 22 53 -33 35 19 HIP 60362
12 25 40 -31 09 30 HD 108111
12 25 56 -28 26 47 HD 108164
12 36 16 -33 08 10 HD 109572
12 39 36 -30 49 08 HD 110001
12 43 43 -25 16 05 HD 110590
12 48 27 -24 50 02 HD 111261
12 51 03 -29 45 56 SAO 181149
12 54 09 -29 20 06 HD 112052
12 54 32 -27 59 11 HD 112086
12 56 40 -30 09 01 SAO 181241
13 00 30 -23 56 29 HD 112890
13 00 36 -27 09 16 HD 112904
13 03 02 -26 32 56 SAO 181338
13 13 16 -29 07 35 HIP 64480
13 15 00 -27 53 12 HD 115024
13 19 11 -23 11 51 Gamma Hya
13 19 18 -26 39 20 HD 115684
13 22 48 -22 58 44 HD 116219
13 25 08 -28 17 08 HD 116570
13 26 32 -23 16 02 HD 116769
13 26 56 -24 19 09 HD 116858
13 32 22 -22 59 40 HD 117640
13 35 14 -29 56 56 HD 118072
13 37 05 -26 31 14 HD 118349
13 41 04 -28 16 02 HD 118959
13 41 48 -23 28 30 HR 5146
13 43 34 -24 59 49 HD 119375
13 45 57 -25 19 07 HD 119774
13 49 19 -28 23 32 W Hya
13 50 11 -28 12 42 HD 120426
13 51 01 -29 53 56 HD 120546
13 56 15 -25 33 19 HD 121468
14 05 42 -23 11 20 HD 122960
14 12 21 -28 54 48 HD 124090
14 14 47 -29 15 44 HD 124464
14 17 51 -27 51 07 HD 125028
14 18 29 -27 32 39 HD 125131
14 19 18 -25 50 18 HR 5356
14 28 28 -29 30 50 52 Hya
14 30 07 -25 33 54 HD 127037
14 37 47 -29 42 15 HD 128407
14 39 59 -26 44 42 HD 128787
14 40 42 -26 16 38 HD 128928
14 46 17 -25 27 50 HD 129926
14 47 21 -28 47 16 HIP 72294
