09 24 13 +27 52 37 HD 81027
09 24 56 +26 09 38 Al Minliar al Asad
09 27 56 +15 43 11 HIP 46397
09 28 45 +08 09 59 3 Leo
09 30 52 +10 34 46 HD 82159
09 31 30 +24 34 45 CCDM 9312+2436
09 32 19 +20 01 29 HD 82372
09 32 14 +09 41 37 6 Leo
09 32 26 +30 25 32 HD 82330
09 33 36 +28 20 45 HR 3792
09 35 26 +14 03 11 HD 82906
09 36 09 +14 21 26 7 Leo
09 36 48 +28 19 02 HD 83037
09 37 58 +11 51 26 HD 83301
09 41 25 +09 52 10 Subra
09 41 35 +27 36 21 CCDM 9413+2738
09 42 44 +18 12 01 HD 83981
09 44 00 +13 59 55 Psi Leo
09 45 04 +19 38 48 BD +20 02372
09 47 40 +31 29 03 CCDM 9474+3130
09 48 02 +10 03 06 HD 84781
09 50 13 +16 18 31 SAO 98795
09 50 46 +26 01 05 ADS 7537
09 51 10 +19 18 00 HD 85216
09 52 25 +16 26 22 HIP 48406
09 52 43 +26 57 28 HD 85441
09 55 39 +10 05 17 HD 85916
09 55 50 +08 04 39 HD 85959
09 56 38 +10 38 29 HD 86059
09 57 19 +19 44 19 HD 86133
09 58 55 +10 56 12 HD 86419
10 05 47 +18 47 30 CCDM 10055+1849
10 08 27 +26 46 27 HD 87804
10 08 38 +11 56 33 Regulus
10 10 16 +16 21 38 PPM 127160
10 11 15 +18 32 30 SAO 98987
10 11 32 +09 59 11 PPM 127182
10 12 19 +20 05 38 HD 88403
10 12 35 +16 19 25 HD 88447
10 12 39 +11 37 33 CCDM 10124+1139
10 14 18 +23 12 14 CCDM 10140+2314
10 15 25 +19 05 57 HIP 50223
10 16 13 +27 44 50 PPM 100210
10 16 32 +17 42 55 HR 4028
10 16 58 +23 23 32 Adhafera
10 17 14 +25 50 09 HD 89055
10 17 19 +10 05 22 HD 89126
10 18 23 +27 29 58 HD 89223
10 20 14 +19 48 58 Algieba
10 20 42 +11 19 39 HD 89574
10 20 48 +06 24 16 HD 89619
10 23 00 +15 19 09 HD 89906
10 23 52 +26 15 54 SAO 81327
10 25 51 +08 45 03 HD 90303
10 27 24 +18 02 13 SAO 99130
10 27 55 +09 44 13 45 Leo
10 30 22 +20 46 31 HD 90915
10 30 42 +11 36 18 SAO 99162
10 32 15 +22 00 49 HD 91192
10 33 49 +15 11 17 SAO 99184
10 34 03 +23 19 29 HD 91427
10 34 40 +21 34 05 HD 91527
10 35 18 +08 37 29 49 Leo
10 35 42 +26 14 37 SAO 81428
10 36 23 +11 35 18 HD 91785
10 39 11 +07 19 52 HD 92212
10 40 19 +19 12 51 HD 92337
10 41 12 +17 05 53 PPM 127614
10 44 56 +20 40 44 HD 92991
10 47 16 +13 00 12 HD 93363
10 48 24 +13 10 58 SAO 99298
10 49 53 +12 54 09 SAO 99310
10 50 02 +18 03 34 HD 93766
10 50 35 +22 32 34 PPM 100680
10 51 53 +06 33 13 PPM 157279
10 52 27 +07 26 03 HD 94164
10 52 50 +04 58 33 HD 94220
10 53 40 -02 16 55 HR 4249
10 55 53 +24 43 23 54 Leo
10 58 35 +13 15 05 HD 95023
10 58 53 +09 06 36 SAO 118596
11 00 17 -03 29 54 HD 95280
11 00 47 +02 56 32 PPM 157414
11 01 29 +21 03 52 HD 95436
11 02 17 +14 35 38 HD 95577
11 02 27 +09 52 06 AM Leo
11 02 28 +09 43 22 PPM 157441
11 02 27 +07 23 24 PPM 157440
11 04 13 +23 07 14 HD 95867
11 04 14 +03 36 43 HD 95899
11 04 49 +12 38 24 HD 96003
11 04 56 -04 14 53 HD 96064
11 05 17 +07 18 33 Chi Leo
11 05 41 -06 28 07 HD 96183
11 06 23 +07 00 23 HD 96273
11 06 43 +23 53 05 PPM 100896
11 06 48 +14 14 08 HD 96345
11 07 09 +01 55 42 65 Leo
11 07 28 +10 53 10 HD 96478
11 07 41 -01 16 31 CCDM 11074-0115
11 08 15 +10 10 11 SAO 99463
11 08 42 +03 11 44 HD 96710
11 10 17 +10 52 36 PPM 128025
11 11 12 -06 21 09 HD 97157
11 13 04 +04 51 37 PPM 157624
11 14 22 +20 29 47 Zosma
11 14 44 +05 14 09 HD 97676
11 14 47 -02 25 25 CCDM 11145-0224
11 15 37 +27 32 38 HD 97799
11 15 37 +26 25 22 HD 97777
11 16 55 -03 40 44 Phi Leo
11 18 43 +00 23 14 PPM 157712
11 18 54 +02 48 08 SAO 118777
11 19 38 -01 40 57 HD 98427
11 21 00 +22 51 13 HD 98574
11 23 18 +20 05 42 PPM 101108
11 24 11 +10 30 07 Iota Leo
11 24 45 +20 35 38 HD 99121
11 24 46 -04 24 42 HD 99136
11 25 52 +16 25 45 81 Leo
11 26 06 +27 02 37 SAO 81821
11 26 15 +03 55 26 SAO 118853
11 27 00 +02 59 08 83 Leo
11 27 30 +19 06 04 ADS 8165
11 28 10 +08 26 10 ADS 8172
11 28 11 +02 49 44 Tau Leo
11 28 43 +07 29 23 HIP 55988
11 30 14 +03 10 39 HD 99949
11 32 01 +14 20 13 88 Leo
11 32 22 -03 33 32 HD 100245
11 32 40 +12 10 37 HD 100267
11 32 53 +24 17 44 HD 100302
11 34 37 +04 05 36 HD 100550
11 34 58 +16 46 09 HIP 56473
11 35 00 +01 28 05 HD 100618
11 36 34 +27 45 13 HR 4465
11 36 34 +12 06 16 ADS 8232
11 36 57 +21 26 33 HD 100869
11 39 54 +26 55 44 HIP 56878
11 39 53 +18 58 08 HD 101302
11 40 55 +21 00 31 HD 101469
11 41 21 +15 34 28 PPM 128462
11 43 57 +13 29 20 SAO 99757
11 44 04 +18 29 41 PPM 128503
11 44 29 +25 11 26 HR 4512
11 47 44 +20 00 22 HD 102428
11 48 15 +20 11 28 93 Leo
11 49 19 +14 32 39 Denebola
11 51 10 +12 15 05 HR 4543
11 52 13 +13 58 54 ADS 8326
11 53 01 +15 24 31 HD 103152
11 54 23 +24 39 23 SAO 82045
11 54 47 +19 23 00 HD 103432
11 55 48 +16 52 08 ADS 8351
11 56 16 +21 57 15 HD 103628
