18 15 42 +44 17 06 SAO 47341
18 17 17 +40 15 28 HD 168295
18 17 42 +34 02 59 SAO 66831
18 21 08 +36 30 28 SAO 66886
18 26 32 +46 48 44 HD 170313
18 28 13 +27 07 48 HD 336223
18 29 33 +41 57 49 SAO 47532
18 29 40 +29 55 40 HD 170669
18 29 45 +29 58 58 SAO 86120
18 30 11 +37 09 57 SAO 67033
18 31 05 +38 39 47 PPM 81424
18 31 05 +34 16 44 SAO 67051
18 31 11 +32 31 06 CCDM 18310+3231
18 31 18 +32 14 57 HD 171026
18 33 01 +38 50 14 HD 171384
18 33 12 +31 35 57 SAO 67094
18 33 25 +40 09 49 HD 171485
18 34 28 +45 11 35 SAO 47609
18 35 24 +26 15 47 CCDM 18350+2614
18 36 22 +41 16 57 HD 172068
18 36 48 +33 28 25 HR 6997
18 37 06 +38 46 01 PPM 81557
18 37 08 +34 52 15 HD 172131
18 38 16 +39 35 28 SAO 67192
18 38 32 +28 18 29 HD 172311
18 38 37 +36 03 28 HD 172394
18 38 46 +30 43 38 SAO 67199
18 38 49 +27 06 35 HD 336569
18 39 05 +40 42 13 SAO 47671
18 39 25 +32 42 18 PPM 81606
18 40 36 +46 06 02 HD 172898
18 40 41 +31 38 54 HD 172729
18 41 28 +30 17 59 HD 172865
18 41 57 +33 14 11 PPM 81663
18 42 06 +35 04 32 CCDM 18419+3504
18 42 19 +34 45 05 HR 7033
18 42 24 +27 38 51 HD 173053
18 43 04 +44 55 50 HD 173399
18 43 10 +34 45 25 CCDM 18430+3445
18 43 27 +39 18 19 HR 7041
18 43 33 +35 33 14 HD 173366
18 43 40 +27 43 14 HD 336775
18 43 46 +42 36 59 PPM 57417
18 43 54 +30 24 36 HD 173384
18 43 57 +34 33 01 CCDM 18438+3433
18 44 30 +39 40 31 Epsilon 1 Lyr
18 44 42 +34 00 05 HD 173548
18 44 49 +45 50 29 BD +45 02767
18 44 57 +44 57 57 SAO 47759
18 44 56 +37 36 37 Zeta 1 Lyr
18 45 13 +46 08 28 HD 173814
18 45 20 +39 13 53 SAO 67331
18 45 25 +35 32 41 SAO 67327
18 45 38 +42 02 27 BD +41 03134
18 45 43 +28 15 44 HD 173702
18 45 50 +39 42 20 SAO 67349
18 45 52 +32 18 26 SAO 67343
18 46 01 +34 31 26 HD 173815
18 46 49 +32 10 22 PPM 81794
18 46 51 +43 03 04 BD +42 03158
18 47 24 +31 24 41 HD 174022
18 47 27 +28 25 48 SAO 86437
18 48 53 +34 01 26 SAO 67413
18 49 00 +33 19 33 HD 174390
18 49 44 +35 12 08 BD +35 03368
18 49 45 +38 18 36 PPM 81868
18 49 57 +32 49 08 Nu 1 Lyr
18 50 18 +40 02 48 SAO 67455
18 51 53 +43 23 51 SAO 47868
18 52 25 +39 26 12 SAO 67502
18 53 10 +36 21 44 PPM 81961
18 53 39 +34 37 46 HD 175332
18 53 54 +36 58 41 Delta 1 Lyr
18 54 08 +37 23 13 HD 175491
18 54 26 +32 14 37 SAO 67547
18 55 04 +33 58 31 HR 7140
18 55 41 +29 14 00 HIP 92875
18 56 06 +44 14 06 HD 176003
18 56 13 +33 47 32 HD 175885
18 56 31 +45 30 49 HD 176071
18 57 12 +45 51 46 HD 176209
18 57 50 +43 24 33 HD 176317
18 58 08 +44 06 59 SAO 47954
18 58 11 +47 11 56 HD 176465
18 58 14 +38 13 45 SAO 67643
18 58 26 +30 11 17 PPM 82121
18 58 24 +29 24 53 PPM 108136
18 58 37 +36 25 58 HD 176375
18 58 57 +40 41 10 HR 7179
18 59 08 +32 41 47 Sulafat
18 59 34 +29 36 37 SAO 86669
19 00 38 +43 13 40 PPM 57742
19 00 46 +31 23 41 CCDM 19006+3123
19 01 34 +46 56 32 16 Lyr
19 02 06 +27 18 30 HD 337412
19 02 52 +31 24 25 HD 177279
19 03 38 +26 03 38 HD 177371
19 03 51 +35 45 03 HD 177543
19 04 00 +26 02 39 HD 337463
19 04 07 +34 09 32 HD 177593
19 04 25 +43 53 17 HD 177829
19 04 26 +32 45 47 HD 177646
19 05 13 +29 04 47 BD +28 03180
19 05 16 +40 08 01 HD 177982
19 05 32 +38 03 47 ADS 12031
19 05 56 +38 31 33 SAO 67806
19 06 10 +45 49 19 HD 178328
19 06 10 +35 53 19 HD 178160
19 06 12 +35 04 18 CCDM 19060+3504
19 06 21 +30 26 48 HD 178091
19 07 04 +27 45 38 HD 337517
19 07 38 +27 29 07 ADS 12062
19 07 34 +25 58 53 HD 178354
19 07 37 +32 30 35 17 Lyr
19 07 58 +38 56 11 HD 178661
19 08 06 +29 48 31 HD 178592
19 08 18 +30 48 03 SAO 67851
19 08 29 +25 55 54 HD 178618
19 08 44 +37 55 07 HD 178848
19 08 56 +34 46 07 HD 178849
19 09 14 +27 39 12 HD 337658
19 09 15 +34 36 32 HR 7272
19 10 44 +37 01 23 SAO 67916
19 10 57 +32 07 31 BD +31 03487
19 11 18 +38 47 19 HD 179484
19 11 57 +26 15 29 HD 179461
19 12 36 +30 21 23 HD 179709
19 13 08 +31 00 42 SAO 67982
19 13 07 +39 33 21 CCDM 19130+3933
19 13 34 +44 43 36 SAO 48216
19 13 39 +39 02 48 HD 180077
19 13 55 +39 09 17 Aladfar
19 14 25 +34 13 26 HD 180214
19 14 25 +26 27 01 HD 337968
19 14 40 +34 34 24 HD 180286
19 14 49 +31 30 43 CCDM 19146+3130
19 14 49 +28 54 20 ADS 12216
19 15 48 +32 09 08 CCDM 19156+3209
19 15 49 +29 25 23 PPM 108672
19 16 09 +27 27 54 HR 7305
19 16 24 +28 17 23 HD 180638
19 16 26 +37 23 28 SAO 68061
19 16 32 +38 08 34 Theta Lyr
19 16 54 +33 08 12 HD 180844
19 17 17 +27 13 00 CCDM 19171+2712
19 18 11 +30 03 36 SAO 87045
19 18 52 +35 13 37 HD 181329
19 19 08 +39 16 36 HD 181469
19 19 27 +42 17 37 HD 181599
19 20 04 +35 32 51 HD 181658
19 20 19 +26 39 16 HD 181602
19 21 02 +38 26 34 CCDM 19209+3826
19 21 24 +39 48 40 CCDM 19212+3948
19 22 33 +41 00 17 SAO 48371
19 22 35 +38 23 52 SAO 68216
19 22 43 +38 25 31 CCDM 19225+3825
19 22 53 +31 44 45 HD 182273
19 23 53 +39 37 50 CCDM 19237+3937
19 23 57 +39 42 44 ADS 12403
19 23 59 +31 18 59 BD +31 03577
19 24 14 +33 09 12 BD +32 03418
19 25 20 +37 08 01 HD 182863
19 25 35 +34 43 09 SAO 68287
19 26 09 +35 55 33 PPM 82889
19 26 14 +39 13 43 BD +38 03588
19 26 54 +40 19 59 SAO 48448
19 27 33 +43 05 40 BD +42 03348
19 27 55 +40 53 33 ADS 12487
