05 57 58 -07 39 37 HD 40336
05 58 37 -04 39 01 HD 40397
06 01 41 -04 49 13 CCDM 6014-0449
06 02 04 -10 35 54 3 Mon
06 05 11 -05 20 37 HD 41434
06 08 25 -07 21 33 HD 42039
06 09 46 -06 19 37 HD 42261
06 10 58 -09 51 13 HD 42514
06 13 06 -06 08 12 ADS 4821
06 13 32 -06 24 24 HD 42924
06 15 45 -04 55 00 HR 2234
06 22 12 +01 05 41 CCDM 6219+0106
06 22 16 -02 01 56 HD 44501
06 23 30 +03 53 05 CCDM 6232+0353
06 23 33 +02 44 53 HD 44715
06 23 42 +00 44 43 CCDM 6235+0045
06 24 02 +04 35 24 Epsilon Mon
06 24 04 +02 39 47 HD 44771
06 24 02 -01 07 52 BD -01 01224
06 25 29 -10 56 06 HIP 30543
06 26 46 -01 49 53 HD 291652
06 26 58 +00 27 03 HD 45317
06 26 59 -07 30 55 HR 2328
06 27 09 +04 03 59 HD 45315
06 27 15 +00 42 20 HD 291660
06 27 58 -05 57 11 HD 45518
06 28 13 -04 45 56 10 Mon
06 28 30 +05 16 08 HD 45530
06 28 38 -04 27 56 HD 45626
06 28 41 +08 33 21 HD 45544
06 29 04 -07 02 12 Beta Mon
06 29 31 +02 38 33 HR 2355
06 29 44 +03 07 22 CCDM 6295+0308
06 30 12 +07 06 30 HD 45789
06 30 15 +03 22 20 HD 258529
06 30 20 +06 57 07 CCDM 6301+0657
06 30 42 -03 01 33 HD 45974
06 30 45 +04 19 44 HD 45911
06 31 04 +10 03 33 HIP 31038
06 31 04 -09 39 28 HD 46060
06 31 27 +11 14 51 HR 2370
06 31 26 +09 56 09 HD 46005
06 31 37 +04 49 50 HD 46056
06 31 57 +05 45 55 HD 46105
06 32 12 +04 56 20 HD 46150
06 32 08 +04 55 43 HD 259105
06 32 23 +04 58 02 HD 46180
06 32 20 +01 29 46 HD 46203
06 32 18 -08 02 41 HD 46266
06 32 40 +11 40 11 HR 2378
06 32 38 +03 28 54 HD 259272
06 32 51 +04 44 14 HD 259332
06 33 06 +10 09 44 HD 46265
06 33 54 +10 31 36 HD 259592
06 34 25 +07 59 12 HD 259788
06 34 30 +04 19 50 HD 259867
06 34 36 +07 58 51 HD 259829
06 34 38 +03 18 08 HD 46597
06 34 37 -03 04 42 HD 46644
06 34 59 -06 08 54 HD 46715
06 35 02 +07 34 06 14 Mon
06 36 01 +04 55 58 CCDM 6358+0456
06 36 11 +05 18 19 HD 46867
06 36 11 +03 58 27 CCDM 6359+0359
06 36 09 -09 27 16 HD 46969
06 37 23 +03 11 55 HD 260799
06 37 30 +06 04 03 ADS 5259
06 38 05 -08 47 10 HD 47364
06 38 23 -01 28 39 CCDM 6381-0128
06 38 48 -09 45 58 HD 47492
06 39 23 +02 19 55 HD 47510
06 39 58 +02 50 57 CCDM 6397+0251
06 39 57 -05 23 23 HD 47685
06 40 33 +04 53 28 CCDM 6403+0454
06 40 48 +00 56 36 HD 47818
06 40 55 +09 46 58 V641 Mon
06 40 51 +04 02 24 CCDM 6406+0403
06 41 05 +09 21 42 HD 261842
06 41 16 +09 53 27 15 Mon
06 41 16 +05 42 09 HD 47889
06 41 16 +02 14 27 HD 47891
06 41 26 +09 27 40 V427 Mon
06 41 25 +08 58 47 HD 47888
06 41 24 -07 59 44 HD 48061
06 41 44 +09 50 56 HD 47961
06 41 48 +04 16 14 CCDM 6415+0417
06 42 04 -00 16 11 ADS 5344
06 42 21 +03 14 36 HD 48157
06 42 47 -09 34 17 HD 48311
06 42 49 -00 37 26 CCDM 6426-0037
06 42 57 +01 42 39 HD 48279
06 43 22 +04 16 09 CCDM 6431+0416
06 43 31 +06 06 42 HD 48347
06 43 51 +11 08 46 HD 262677
06 44 17 +00 20 31 CCDM 6440+0021
06 44 28 +03 30 59 CCDM 6442+0331
06 44 34 +07 25 25 HD 262938
06 45 06 +03 40 29 HD 48717
06 45 06 +01 57 25 CCDM 6448+0158
06 45 10 +07 27 29 HD 48689
06 45 49 +04 23 18 HD 263402
06 45 45 -10 47 41 BD -10 01679
06 45 54 +04 53 01 HD 263400
06 45 54 +02 19 00 HD 48866
06 46 08 +03 23 43 HD 263502
06 46 43 +03 51 04 CCDM 6465+0351
06 47 18 -02 09 11 CCDM 6470-0209
06 47 33 +10 54 38 HD 49101
06 48 11 -11 06 51 HIP 32585
06 48 50 +10 09 09 HD 264227
06 48 51 -04 04 54 HD 49503
06 49 08 +08 42 44 HD 264383
06 49 15 -09 35 10 HD 49624
06 50 11 +03 20 12 CCDM 6499+0321
06 50 15 +00 56 45 CCDM 6500+0057
06 50 13 +00 03 08 CCDM 6500+0003
06 50 22 +00 56 22 CCDM 6501+0057
06 50 27 +04 17 26 CCDM 6502+0418
06 50 46 +03 20 53 HD 264965
06 51 17 +01 51 03 HD 49953
06 51 26 -10 05 29 HD 50067
06 51 39 +05 32 49 HD 265181
06 51 36 -00 07 00 CCDM 6514-0007
06 52 01 +00 31 58 CCDM 6517+0032
06 52 01 +00 27 14 ADS 5528
06 52 33 -05 10 48 HD 50281
06 52 38 -01 58 31 CCDM 6524-0158
06 52 44 +02 18 07 CCDM 6525+0218
06 52 54 +03 13 56 HD 50278
06 53 09 -02 58 52 CCDM 6529-0258
06 53 56 -02 32 17 BD -02 01813
06 54 11 -00 44 20 HD 50584
06 54 11 -04 23 56 HD 50637
06 54 15 +00 33 41 HD 50582
06 54 13 -10 02 36 HD 50704
06 54 24 -05 51 31 HR 2570
06 54 22 +06 40 53 HD 50557
06 54 40 -01 39 12 HD 50748
06 54 46 -01 40 42 CCDM 6545-0140
06 54 51 +02 36 16 HD 50746
06 55 04 +03 33 08 HD 266283
06 55 10 +09 29 32 HD 50769
06 55 21 -08 30 20 HD 50981
06 55 35 -02 19 31 CCDM 6553-0219
06 55 43 +02 34 05 HD 50954
06 55 44 -00 18 23 CCDM 6555-0018
06 55 52 -09 29 47 HD 51081
06 55 48 -10 13 36 HD 51082
06 56 37 +11 01 19 HD 51073
06 56 40 -10 16 32 SAO 152133
06 57 00 +03 16 25 HD 266864
06 57 08 -05 29 10 HD 51359
06 57 21 -01 08 12 PPM 176553
06 57 33 -10 05 50 HD 51540
06 58 36 +02 24 40 CCDM 6583+0225
06 58 34 -04 38 49 HD 51697
06 58 38 -10 11 48 HD 51786
06 58 52 +06 40 47 HD 267332
06 58 49 -09 10 28 HD 51817
06 59 13 +03 35 43 HR 2610
06 59 53 -00 50 26 CCDM 6596-0050
07 00 05 +06 00 24 CCDM 6598+0601
07 00 01 +00 36 09 HD 292897
07 00 09 +01 41 11 HD 289483
07 00 11 -01 29 45 CCDM 6599-0129
07 00 09 -10 16 48 HD 52212
07 00 11 -00 03 07 HD 52110
07 00 24 -09 17 42 HD 52270
07 00 47 +02 38 59 ADS 5678
07 00 43 -00 31 50 HD 52262
07 00 51 +09 20 46 HD 52183
07 00 54 +02 29 00 CCDM 7006+0229
07 01 17 +03 23 57 HD 52339
07 01 42 -03 07 30 HD 52533
07 01 50 +02 32 14 HD 52503
07 02 08 -01 21 12 HR 2636
07 02 45 -10 03 04 BD -09 01808
07 03 12 -08 21 18 HD 52980
07 03 42 -08 28 05 HD 53120
07 04 07 +01 11 15 CCDM 7039+0112
07 04 36 +01 28 51 HR 2654
07 04 49 -07 17 16 HD 53366
07 04 58 +05 55 05 HD 53261
07 05 10 -05 47 02 HD 53453
07 05 28 +03 57 20 BD +04 01574
07 06 04 -10 40 04 V569 Mon
07 06 52 -01 37 39 CCDM 7066-0137
07 08 12 -04 41 09 HD 54250
07 08 26 -01 52 29 CCDM 7082-0152
07 08 40 -03 03 59 CCDM 7084-0304
07 09 03 -08 41 07 HD 54542
07 09 13 +01 13 15 HD 54463
07 09 26 -00 39 18 CCDM 7092-0039
07 10 02 -02 11 43 HD 293463
07 10 29 -04 14 44 20 Mon
07 10 28 -06 17 13 HD 54831
07 10 33 -00 51 55 CCDM 7103-0052
07 10 45 -03 05 49 CCDM 7105-0305
07 11 54 -00 56 50 CCDM 7116-0056
07 11 55 -02 06 24 CCDM 7117-0206
07 12 52 -00 41 17 SAO 134353
07 12 54 -00 41 41 CCDM 7127-0041
07 12 57 -03 11 12 HD 55415
07 13 04 -07 09 29 HIP 34862
07 13 56 -08 56 03 HD 55736
07 14 02 +00 52 48 CCDM 7138+0053
07 14 26 -03 54 38 HR 2731
07 14 47 -10 18 05 HD 55901
07 15 49 -01 52 09 HIP 35107
07 16 01 -00 38 00 HD 56128
07 16 21 -09 16 44 HD 56306
07 16 31 -06 35 32 HD 56304
07 18 04 -01 51 28 SAO 134477
07 19 07 -00 49 41 CCDM 7189-0049
07 19 48 -00 55 04 HD 57051
07 19 52 -04 27 21 HD 57075
07 21 15 -00 40 49 HD 57384
07 22 20 -04 02 10 SAO 134578
07 23 17 -10 02 00 HD 57934
07 24 16 -03 59 20 HD 58098
07 24 30 -02 36 08 SAO 134624
07 24 43 -04 37 05 HD 58208
07 25 24 -05 45 03 HD 58372
07 31 09 -02 09 04 CCDM 7309-0208
07 31 14 -02 10 33 HD 59690
07 32 09 -00 32 07 HD 59851
07 32 12 -08 41 53 HD 59933
07 32 20 -08 53 32 HR 2883
07 34 13 -01 42 20 CCDM 7340-0142
07 34 29 -01 35 44 CCDM 7342-0135
07 34 35 -03 13 02 BD -02 02181
07 35 42 -05 59 51 HD 60657
07 36 14 -01 47 48 BD -01 01772
07 36 22 -05 47 30 HD 60805
07 37 10 -08 46 04 HD 61041
07 37 32 -04 07 21 25 Mon
07 37 37 -11 09 46 HD 61132
07 37 47 -01 00 11 HD 61080
07 37 44 -02 02 54 HD 61095
07 38 04 -02 36 30 HD 61151
07 38 07 -05 21 49 CCDM 7379-0521
07 38 58 -01 27 50 HD 61343
07 39 04 -01 26 17 SAO 134935
07 39 33 -08 41 36 HD 61506
07 39 38 -02 19 16 CCDM 7394-0219
07 40 04 -06 15 21 HD 61583
07 40 14 -03 36 33 HD 61606
07 40 52 -02 18 10 CCDM 7406-0217
07 42 28 -03 31 53 HD 62125
07 42 49 -04 02 18 HD 62162
07 45 34 -00 27 02 HD 62697
07 50 13 -02 17 07 HD 63651
07 51 14 -03 08 02 HD 63876
07 52 23 -03 04 02 HD 64110
07 53 00 -03 56 05 CCDM 7527-0355
07 54 16 -02 22 34 SAO 135227
07 57 10 -03 28 12 HD 65082
07 57 36 -00 41 10 CCDM 7573-0040
07 58 59 -01 14 01 CCDM 7587-0113
07 59 38 -00 39 51 CCDM 7594-0039
07 59 38 -10 29 47 HD 65647
08 02 25 -00 58 41 HD 66142
08 04 29 -01 52 02 HD 66592
08 05 40 -03 51 05 CCDM 8054-0350
08 06 07 -01 46 30 HD 66980
08 06 41 -09 15 33 HR 3174
08 08 00 -02 59 39 HD 67427
08 08 11 -01 21 51 HD 67452
08 08 41 -01 02 46 HD 67548
08 08 51 -02 59 55 Zeta Mon
08 09 16 -01 48 33 HD 67666
