16 06 01 -06 18 16 HR 5989
16 11 21 -08 14 36 PPM 706404
16 14 02 -07 39 29 HD 145915
16 21 00 -03 56 27 HD 147219
16 22 49 -04 15 38 HD 147512
16 25 53 -23 27 30 Rho Oph
16 26 17 +03 11 38 PPM 162626
16 26 19 -14 08 02 HD 148054
16 27 07 +01 00 03 HD 148267
16 28 03 -01 04 47 HD 148408
16 29 05 -08 08 23 HR 6137
16 29 14 -01 04 59 PPM 179829
16 30 49 -14 33 24 HD 148700
16 31 05 -02 18 55 HD 148818
16 31 07 -13 08 37 HD 148759
16 31 10 +01 58 24 Marfic
16 32 33 +00 11 24 HD 149060
16 37 49 -05 30 51 ADS 10128
16 38 19 +01 38 08 HD 149974
16 39 40 -03 06 55 HD 150161
16 39 46 -17 44 29 BD -17 04611
16 40 57 -00 09 49 SAO 141306
16 43 18 +03 26 43 HD 150764
16 44 33 -00 33 57 HD 150935
16 46 32 -17 21 20 HD 151148
16 46 54 -03 12 16 HD 151307
16 47 08 +02 14 02 HD 151372
16 47 25 +02 03 21 19 Oph
16 48 35 +02 43 46 HD 151618
16 49 16 +03 14 34 PPM 163152
16 49 19 -19 36 59 HD 151576
16 52 43 -24 42 39 SAO 184738
16 55 06 -11 33 27 HD 152616
16 55 45 -08 20 39 HD 152751
16 55 52 -02 27 41 HD 152778
16 55 54 -05 10 25 HD 152779
16 57 22 -19 32 50 HIP 82951
16 58 13 -27 37 06 HD 152989
16 59 05 +03 57 35 HD 153332
16 59 34 -13 12 21 HIP 83126
16 59 44 +09 41 46 HD 153475
17 00 09 -13 00 58 BD -12 04634
17 00 15 -24 12 37 SAO 184893
17 01 13 -28 24 24 HIP 83246
17 01 20 -04 13 47 30 Oph
17 01 32 -29 41 29 HD 153515
17 02 13 +08 26 37 HR 6329
17 02 23 +07 12 24 HD 153930
17 02 40 -11 54 01 HD 153851
17 05 19 +01 48 21 HD 154399
17 05 19 -05 04 23 HD 154363
17 05 46 +10 32 23 HD 154517
17 06 46 -02 35 57 HD 154599
17 06 46 -13 56 29 HIP 83710
17 06 51 +00 38 45 HD 154621
17 07 09 -01 39 45 HR 6361
17 07 13 +06 47 40 HD 154734
17 07 19 -27 05 52 HD 154521
17 08 09 -28 35 11 HD 154641
17 08 18 -18 02 43 HD 154750
17 08 26 +01 42 47 HD 154907
17 08 35 -19 48 24 HD 154780
17 08 50 -20 13 25 HD 154831
17 09 26 -18 15 45 HD 154922
17 10 25 -23 35 10 SAO 185099
17 10 40 -15 43 52 Sabik
17 11 08 -24 57 10 HD 155143
17 11 56 -26 42 30 HD 155270
17 11 58 -29 23 53 HD 155253
17 12 28 +09 45 20 HD 155592
17 12 30 -27 02 53 HD 155363
17 13 01 -04 03 32 HD 155595
17 13 53 -09 17 22 HD 155718
17 15 40 -26 36 29 36 Oph
17 16 52 +03 24 11 HD 156287
17 16 59 -17 09 31 SAO 160417
17 18 19 -24 17 31 Omicron Oph
17 18 39 +04 50 13 HD 156594
17 19 14 -24 00 07 HD 156504
17 19 36 -02 21 18 PPM 706746
17 20 10 -17 45 41 HIP 84792
17 20 14 -06 26 02 HD 156827
17 20 16 -08 01 40 HD 156802
17 20 20 +04 45 12 CCDM 17201+0445
17 21 04 -09 02 32 HD 156970
17 21 14 -27 20 57 HD 156848
17 21 18 -21 07 04 Xi Oph
17 21 20 +01 31 33 ADS 10486
17 22 38 +04 45 09 HD 157310
17 22 42 +04 21 31 HD 157332
17 22 49 +04 09 37 CCDM 17226+0410
17 23 05 -27 40 50 HIP 85033
17 23 52 +13 23 35 HD 157606
17 24 12 -00 50 23 HD 157544
17 24 18 +03 03 47 HD 157583
17 24 42 -22 48 19 HD 157470
17 24 48 +03 11 21 CCDM 17246+0312
17 25 09 +13 19 28 HD 157789
17 25 20 +03 47 57 HD 157759
17 26 42 -19 31 19 HD 157828
17 27 10 -26 20 08 HD 157865
17 27 06 +02 19 09 HD 158050
17 28 06 +11 23 12 HD 158263
17 28 35 +02 12 00 HD 158283
17 28 58 +10 28 50 SAO 102845
17 28 59 -23 04 15 CCDM 17287-2304
17 29 34 -09 59 39 HD 158373
17 29 59 -17 48 37 HD 158376
17 30 03 -05 55 23 HR 6512
17 30 16 -08 25 05 HD 158494
17 30 57 -19 33 41 HD 158543
17 31 20 +10 26 45 SAO 102878
17 31 30 -17 08 45 HD 158661
17 31 37 -28 03 22 HD 158582
17 31 45 -21 34 05 HD 158680
17 31 55 +11 10 42 HD 158957
17 32 02 +10 39 21 SAO 102886
17 32 15 -23 00 10 HD 158758
17 32 31 +02 40 56 CCDM 17323+0241
17 33 10 -01 29 37 HD 159103
17 34 02 -26 45 27 CD -26 12154
17 34 44 +03 34 22 PPM 164221
17 34 51 +09 35 01 53 Oph
17 35 04 +06 01 15 HD 159481
17 35 12 -00 45 05 CCDM 17349-0045
17 35 46 -05 56 05 HD 159525
17 35 56 +04 08 39 HD 159645
17 36 05 +00 59 37 HIP 86106
17 36 30 +06 37 07 HD 159779
17 37 22 -16 36 21 SAO 160692
17 38 05 -23 23 32 HD 159843
17 38 59 +03 49 02 PPM 164344
17 39 24 +02 01 32 HR 6575
17 39 57 -23 41 06 HD 160201
17 40 03 -04 58 14 HD 160388
17 40 54 -00 43 15 HD 160559
17 42 12 +08 13 46 PPM 164440
17 42 42 -19 24 19 HD 160746
17 42 56 +05 19 36 HD 160967
17 42 59 -22 22 19 HD 160768
17 43 29 -29 56 25 HD 160809
17 44 07 +05 50 35 HD 161184
17 44 39 +02 57 55 HD 161262
17 44 49 +02 34 39 61 Oph
17 44 58 -01 44 32 HD 161271
17 45 41 -00 32 14 PPM 180149
17 46 42 +05 41 54 HD 161621
17 46 55 -01 12 58 HD 161623
17 47 09 +06 30 21 HD 161714
17 47 10 -02 31 22 CCDM 17469-0231
17 47 17 +05 41 25 HD 161733
17 48 59 +01 09 46 HD 162007
17 49 13 +04 57 58 HD 162056
17 49 28 +09 09 22 HD 162137
17 50 17 +05 19 57 SAO 122803
17 50 35 +04 14 35 SAO 122810
17 50 54 +07 55 15 HD 162429
17 51 37 +07 34 20 CCDM 17514+0734
17 52 08 -03 29 16 ADS 10839
17 52 08 +02 53 55 HD 162628
17 52 20 +01 06 37 HD 162652
17 53 00 -07 56 57 HD 162715
17 53 15 -02 15 30 SAO 141938
17 53 23 +14 00 32 HD 162951
17 53 38 +10 57 35 HD 162973
17 53 49 +05 15 45 SAO 122885
17 56 35 +08 34 22 HD 163549
17 58 01 +09 22 22 HD 163791
17 58 04 +04 41 35 Barnard's star
17 59 15 +12 26 18 HD 164080
17 59 17 +02 02 16 HD 164013
17 59 34 -06 51 21 HD 163998
18 00 27 +08 51 21 HD 164309
18 00 54 +02 55 54 67 Oph
18 01 23 +03 24 13 CCDM 18011+0324
18 01 47 +03 31 28 HD 164529
18 03 01 +01 36 45 PPM 165056
18 03 21 -08 10 48 Tau Oph
18 03 26 +07 54 35 HD 164926
18 04 20 +06 27 38 SAO 123080
18 04 37 +03 29 07 HD 165111
18 04 57 +13 33 36 CCDM 18047+1334
18 05 05 +03 32 03 HD 165221
18 05 42 +02 30 02 70 Oph
18 05 49 +12 42 22 PPM 134244
18 05 57 +12 00 16 HR 6758
18 06 11 +04 49 09 PPM 165160
18 06 16 +04 35 01 SAO 123117
18 06 45 +09 20 28 PPM 165183
18 06 58 +13 59 28 ADS 11068
18 06 57 +04 51 25 CCDM 18067+0451
18 07 05 +08 52 36 HD 165670
18 07 58 +03 17 18 HD 165779
18 08 02 +13 04 19 HR 6776
18 08 18 +03 43 17 CCDM 18081+0343
18 09 29 +13 29 10 HD 166256
18 10 09 +03 07 15 HR 6797
18 10 36 +02 35 15 BD +02 03516
18 10 38 +02 31 51 HD 166415
18 10 39 +00 32 41 HD 166384
18 10 49 +03 48 43 HD 166438
18 13 04 +05 49 27 HD 166958
18 13 25 +10 53 22 PPM 134414
18 16 29 +04 34 10 HD 167676
18 19 42 +03 19 59 PPM 165607
18 19 56 +02 07 14 HD 168458
18 22 28 +11 26 10 SAO 103645
18 23 06 +08 34 46 SAO 123411
18 23 58 +08 29 28 PPM 165731
18 24 31 +03 46 44 HD 169364
18 25 00 +07 14 04 HD 169512
18 26 24 +08 46 50 HD 169822
18 26 42 +07 41 23 HD 169890
18 26 49 +06 31 47 SAO 123480
18 27 08 +06 25 36 HD 169959
18 28 21 +07 09 20 HD 170245
18 30 56 +04 30 52 HD 170699
18 31 41 +06 27 51 HD 170881
18 33 02 +11 47 36 HD 171168
18 33 37 +08 16 21 HR 6967
18 33 42 +07 26 04 PPM 166080
18 35 12 +11 26 47 HD 171535
18 35 28 +07 45 22 PPM 166129
18 36 54 +06 40 34 HR 6987
18 37 30 +07 31 59 HD 171951
18 38 04 +11 27 06 HD 172100
18 39 06 +09 08 55 HD 172247
18 39 48 +11 46 18 HD 172398
18 40 35 +09 42 09 HD 172521
18 42 37 +11 13 27 PPM 135108
18 42 54 +11 51 38 SAO 104006
18 43 20 +07 42 23 HD 173055
