04 44 23 +02 05 27 HD 30036
04 45 04 +05 17 54 HIP 22067
04 45 44 +03 31 17 PPM 147921
04 46 05 +07 08 16 SAO 112048
04 47 47 -00 57 31 PPM 175634
04 47 56 +14 36 54 SAO 94123
04 48 47 +10 56 19 HD 30485
04 49 24 +05 13 01 SAO 112101
04 50 06 +06 58 11 Tabit
04 50 33 +06 57 30 HD 30714
04 51 54 +04 23 03 SAO 112152
04 52 06 +01 15 25 HD 30926
04 53 20 -01 16 04 HD 31125
04 54 33 +07 22 51 HD 31208
04 54 32 -01 54 19 CCDM 4543-0155
04 55 11 +10 09 31 Pi 1 Ori
04 55 12 +08 36 28 HIP 22848
04 55 19 -00 32 14 HD 31356
04 55 29 +00 58 31 HD 31364
04 55 46 +05 03 03 CCDM 4555+0503
04 58 22 +01 40 59 HD 31698
04 58 26 -02 12 19 HR 1596
04 58 36 +13 57 38 HD 31665
04 58 34 +04 25 09 CCDM 4583+0425
04 59 16 +14 33 02 HR 1600
04 59 25 -01 34 06 CCDM 4592-0135
05 00 06 +00 31 05 PPM 148280
05 00 19 +10 23 53 HD 31918
05 00 50 +03 37 23 HR 1610
05 00 56 +03 16 21 HD 32056
05 02 05 +11 22 56 HD 32202
05 02 16 +01 36 57 HR 1619
05 02 41 +04 19 49 HD 32319
05 03 07 +13 21 25 HD 32302
05 03 58 -02 32 00 HD 32526
05 04 16 -02 51 04 HIP 23567
05 04 36 +02 36 46 CCDM 5043+0236
05 06 35 +02 57 37 HD 32866
05 07 12 +11 00 16 HD 240779
05 07 36 +02 40 58 HD 287509
05 07 54 +09 28 41 13 Ori
05 08 11 +08 24 32 HD 33055
05 08 24 +04 31 43 CCDM 5081+0431
05 09 31 +03 39 32 CCDM 5092+0339
05 09 37 +09 50 08 16 Ori
05 10 13 +06 05 50 SAO 112484
05 10 16 +10 53 55 HD 33337
05 10 14 +08 10 45 HD 33340
05 10 32 +14 00 05 HD 33335
05 11 20 -02 41 20 CCDM 5111-0242
05 12 00 +01 02 34 HR 1691
05 12 08 -09 06 26 HD 33725
05 12 17 +06 50 38 HD 33645
05 12 35 -02 11 58 HD 33754
05 12 42 -03 01 53 HD 33766
05 13 33 +02 52 01 Rho Ori
05 13 39 +07 28 23 HD 33830
05 14 46 -08 11 46 Rigel
05 14 56 -07 03 58 HD 34121
05 15 17 +02 38 00 ADS 3828
05 15 27 +08 26 16 HD 34081
05 16 01 +02 59 17 HD 34212
05 16 19 -05 34 56 HD 34281
05 17 41 +03 53 32 CCDM 5174+0353
05 17 55 +04 41 20 HD 34456
05 17 51 -06 50 22 Tau Ori
05 17 58 -10 40 59 HD 34525
05 18 57 +03 59 12 HD 34581
05 19 28 -03 04 08 HD 34673
05 19 36 -10 44 33 HD 34750
05 20 41 -05 21 46 HR 1759
05 20 38 -08 01 31 HD 34892
05 21 37 -06 52 15 BD -07 01050
05 21 47 -00 24 42 HR 1764
05 21 55 -02 02 48 HD 35019
05 22 24 +03 18 44 HD 243051
05 22 27 +05 23 59 HD 35066
05 23 06 +03 32 56 23 Ori
05 23 14 +14 21 56 HD 35110
05 23 06 -07 53 03 HD 35224
05 23 22 +01 17 38 HD 35191
05 23 21 +01 03 41 HD 35192
05 23 33 -08 24 40 HR 1778
05 23 49 +16 02 42 HD 35173
05 24 06 -00 51 44 HR 1782
05 24 34 +02 22 20 HD 35350
05 24 44 -02 23 35 Eta Ori
05 25 01 +01 51 02 Psi 1 Ori
05 24 59 -07 41 54 HD 35486
05 25 08 +03 10 59 CCDM 5249+0311
05 25 16 -02 48 41 HD 35502
05 25 27 +01 55 39 HD 35501
05 25 25 -09 56 12 HIP 25338
05 26 24 -02 16 04 HD 294101
05 26 47 +02 56 24 HD 35673
05 26 57 +15 12 45 HD 243716
05 27 04 +14 40 56 HD 243735
05 27 06 +03 05 58 Psi 2 Ori
05 27 29 +06 58 13 HD 35747
05 27 50 -00 37 44 HD 290440
05 28 28 -01 56 15 HD 35957
05 28 56 -08 22 22 HD 36059
05 29 10 -01 45 25 HD 36057
05 29 19 +05 50 23 HD 36029
05 29 23 -02 00 26 HD 290546
05 29 27 +03 34 11 HD 244219
05 29 33 +02 27 32 CCDM 5293+0227
05 29 40 -07 15 26 HD 36151
05 29 50 +03 09 06 HD 36133
05 29 56 +02 50 29 ADS 4091
05 29 59 -01 05 19 31 Ori
05 30 35 +11 01 30 HD 244315
05 31 09 +01 36 54 HD 36311
05 31 15 -06 11 16 HD 36366
05 31 31 +03 17 45 33 Ori
05 31 36 -02 05 45 HD 36394
05 31 42 -03 40 26 HD 36395
05 31 48 +04 37 28 CCDM 5315+0437
05 31 57 +02 50 10 HD 36429
05 32 15 -00 17 45 Mintaka
05 32 34 -06 23 21 HD 36560
05 32 40 +14 52 43 HIP 25966
05 32 56 -01 35 19 HR 1861
05 33 07 -06 30 24 SAO 132243
05 33 21 +02 28 22 HD 288012
05 33 22 -01 42 50 HR 1863
05 34 20 +02 38 18 CCDM 5341+0238
05 34 19 -01 01 58 HR 1873
05 34 28 -04 50 14 BT Ori
05 34 58 -04 23 21 HD 36883
05 35 04 -06 00 12 HD 36918
05 35 11 -00 07 11 HD 36898
05 35 18 -05 59 56 HR 1887
05 35 25 +09 56 14 Meissa
05 35 30 +10 14 35 HR 1883
05 35 33 -04 40 44 CCDM 5353-0441
05 35 31 -05 23 12 Theta 1 Ori
05 35 38 -04 50 07 42 Ori
05 35 41 -08 38 33 HD 37079
05 35 48 +07 23 30 HD 36951
05 35 46 -04 21 40 HR 1898
05 35 41 -05 54 25 Nair al Saif
05 36 03 -00 59 02 HD 37076
05 36 28 -01 11 57 Alnilam
05 36 51 -06 03 43 HR 1911
05 37 15 +00 06 10 ADS 4230
05 37 54 +02 19 27 HD 37293
05 38 08 +00 58 17 HD 37330
05 38 22 -00 10 53 HD 37370
05 38 32 +12 50 40 HD 245757
05 38 52 -02 33 04 HD 294271
05 39 00 -02 35 51 Sigma Ori
05 39 34 +10 15 44 HD 37478
05 40 12 +13 01 31 HD 37560
05 40 36 +15 21 09 HD 37603
05 40 33 +01 56 40 CCDM 5403+0157
05 41 01 -01 56 25 Alnitak
05 43 11 +00 01 36 HD 38050
05 43 09 -06 47 39 HR 1967
05 44 24 -02 30 02 HD 294334
05 44 47 -07 44 28 HD 38324
05 44 59 +03 50 00 HD 38270
05 45 18 +04 00 36 HR 1978
05 46 18 -04 16 01 HR 1986
05 47 02 +11 03 07 HD 38505
05 46 58 +00 04 42 SAO 113125
05 47 02 -03 15 30 HD 294369
05 47 45 +12 15 33 HD 38587
05 48 19 +12 25 11 HD 38672
05 48 24 -08 22 56 HD 38824
05 48 31 +03 54 01 HD 38767
05 48 44 +04 42 19 HD 38798
05 48 54 -08 55 47 HD 38881
05 49 09 -09 42 49 SAO 132565
05 49 54 -04 27 19 HD 39022
05 50 03 +06 05 28 HD 38983
05 50 37 +04 17 02 HD 248340
05 50 53 -01 25 42 HD 39169
05 51 26 +20 08 26 HD 248345
05 51 30 -06 33 59 PPM 188524
05 52 05 +10 26 16 HD 39263
05 52 05 -03 38 25 HD 294421
05 52 17 -07 14 52 CCDM 5520-0715
05 52 12 -07 18 32 HD 39376
05 53 32 +14 23 42 HD 248826
05 54 27 +10 14 43 HD 39612
05 54 41 +20 16 36 Chi 1 Ori
05 54 40 +18 54 04 HIP 27911
05 54 52 +05 21 15 HD 39731
05 55 02 +13 51 19 HD 39680
05 55 08 +07 01 56 HD 39758
05 55 11 +05 51 41 HD 39773
05 55 14 -07 00 38 HD 39870
05 55 19 -00 56 12 HD 39834
05 55 26 +07 24 27 Betelgeuse
05 55 35 +04 42 51 HD 39832
05 55 59 +08 58 58 HD 39883
05 56 20 +13 55 32 HR 2067
05 56 54 +10 33 07 HD 40007
05 57 08 +18 22 13 HD 39971
05 57 26 +10 13 47 HD 40086
05 57 40 +00 01 40 HD 40210
05 57 43 +00 24 00 HD 40208
05 58 40 +01 50 15 59 Ori
05 58 56 +21 32 36 CCDM 5586+2133
05 59 09 -01 19 31 HD 40473
05 59 42 +17 48 53 HD 40412
05 59 53 +13 12 28 CCDM 5596+1312
06 00 00 +22 28 15 HD 40423
06 00 37 +09 42 07 HD 40601
06 00 58 -02 03 31 HD 40743
06 01 21 +20 14 05 HD 250310
06 02 30 +12 09 38 HD 250653
06 02 46 -02 21 39 HD 41030
06 02 53 +00 13 12 CCDM 6026+0013
06 03 39 +08 11 22 HD 41103
06 03 55 +04 18 48 HD 41191
06 04 06 +18 15 51 HD 41101
06 05 08 -02 23 54 CCDM 6049-0224
06 05 08 -02 43 04 HD 41421
06 05 17 +18 18 38 HD 41284
06 05 24 +00 51 57 HD 41433
06 05 44 +14 34 35 HD 41401
06 05 43 -02 38 10 CCDM 6055-0238
06 06 18 +12 28 43 HD 41481
06 06 45 +10 44 58 HD 41580
06 07 00 +20 06 15 HD 41565
06 07 00 +04 58 56 HD 251870
06 06 58 -03 56 12 HD 41716
06 07 28 +00 28 30 CCDM 6072+0029
06 07 25 +00 19 37 HD 291201
06 07 41 +02 08 29 HD 41809
06 07 55 +13 51 54 HD 252091
06 07 53 -01 00 30 CCDM 6076-0100
06 08 02 +00 20 17 ADS 4720
06 08 20 +03 17 19 HD 41948
06 08 47 +13 58 12 HD 41943
06 08 48 +05 47 57 HD 41999
06 09 14 +02 29 55 HR 2174
06 09 24 +07 03 15 HD 42090
06 09 27 +11 39 15 HD 42071
06 09 52 +05 40 04 HD 42182
06 10 03 +04 22 36 CCDM 6098+0423
06 10 10 +20 32 20 HD 252559
06 10 32 +15 54 19 HD 42233
06 10 46 +13 28 52 HD 42295
06 11 24 +19 13 19 HD 252899
06 11 56 +17 22 34 HD 42476
06 11 49 -00 46 07 HD 42602
06 11 57 +01 45 51 HD 42601
06 12 02 +02 28 11 HD 42600
06 12 11 +07 05 26 HD 42598
06 12 19 +19 47 21 68 Ori
06 12 32 +08 26 48 HD 42671
06 12 50 -03 42 53 HD 294756
06 13 30 +04 56 04 HD 253613
06 13 39 -00 50 19 BD -00 01218
06 13 56 -00 18 38 HD 42957
06 14 07 +18 22 04 CCDM 6138+1822
06 14 35 +14 29 31 HD 42955
06 14 48 +11 47 43 HD 43020
06 14 53 +17 24 58 HD 42997
06 14 49 +00 51 32 CCDM 6146+0052
06 15 00 +14 35 05 HD 43044
06 15 09 +19 09 17 71 Ori
06 15 04 +07 54 14 HD 43099
06 15 03 -01 43 12 HD 43192
06 15 15 +16 49 04 HD 253926
06 15 23 +13 00 30 CCDM 6151+1301
06 15 34 +13 03 56 ADS 4855
06 15 37 -01 52 01 CCDM 6154-0152
06 15 46 +10 34 36 HD 43231
06 15 46 +03 57 23 HD 43286
06 16 39 +00 41 36 CCDM 6164+0042
06 16 44 +12 16 13 74 Ori
06 17 08 +05 59 39 HD 43511
06 17 23 +15 50 55 HD 43496
06 17 24 +09 56 26 75 Ori
06 17 32 +05 05 52 HR 2251
06 17 48 +20 12 56 CCDM 6175+2013
06 17 58 +20 15 31 BD +20 01351
06 18 17 -00 12 32 CCDM 6180-0012
06 18 39 +07 45 04 HD 43755
06 18 43 -00 42 08 CCDM 6185-0042
06 19 11 +13 46 31 HD 43820
06 19 42 +13 25 54 HD 43931
06 19 58 +12 17 25 HD 43983
06 20 58 +01 06 27 CCDM 6207+0107
06 21 05 +08 48 42 HD 255605
06 21 04 +05 44 17 V1056 Ori
06 21 18 +09 43 37 HD 44212
06 21 32 +13 39 10 CCDM 6212+1339
06 22 14 +10 58 07 HD 44373
06 23 10 +14 30 28 HD 256149
06 23 26 +16 30 45 HD 44584
06 23 42 +14 31 38 FI Ori
06 25 18 +10 30 52 HD 44944
