01 33 27 +54 17 52 SAO 22384
01 35 06 +52 10 47 HD 232467
01 39 39 +52 58 51 PPM 26578
01 43 51 +53 19 01 HD 232512
01 47 16 +51 08 56 HD 232528
01 49 22 +48 27 49 ADS 1434
01 49 35 +47 55 18 HR 526
01 51 55 +51 49 29 HD 11222
01 51 54 +52 52 42 BD +52 00448
01 53 01 +57 18 45 HD 11307
01 58 54 +55 47 05 ADS 1565
01 59 09 +55 18 54 BD +54 00428
01 59 43 +50 37 26 SAO 22814
01 59 58 +56 24 18 HD 12015
01 59 56 +50 37 34 HD 12048
02 01 10 +52 59 24 HD 12162
02 01 29 +53 32 51 HD 12185
02 03 29 +55 15 23 XX Per
02 04 33 +52 58 55 HD 12511
02 05 11 +57 02 08 HD 12544
02 06 50 +57 04 12 HD 12727
02 08 44 +55 15 29 HD 232602
02 09 10 +58 33 22 HD 12964
02 09 29 +51 05 49 HD 13053
02 11 07 +56 25 51 HD 13187
02 13 17 +57 13 40 HD 13403
02 13 32 +54 14 32 HD 13452
02 15 18 +58 30 49 HD 13633
02 17 13 +57 04 42 HR 654
02 17 32 +55 56 17 HD 13901
02 17 40 +52 29 32 HIP 10674
02 17 57 +55 46 49 HD 13953
02 18 26 +57 32 22 7 Per
02 23 14 +58 36 32 S Per
02 25 13 +51 54 14 HD 232645
02 25 32 +52 24 38 HD 232648
02 25 48 +58 13 30 HD 14825
02 26 49 +54 18 18 HD 14958
02 28 34 +54 24 14 HD 232657
02 29 35 +53 52 42 HD 15267
02 29 46 +55 33 30 HR 716
02 31 12 +55 34 13 HD 15407
02 32 35 +54 16 18 HD 15572
02 33 31 +58 29 03 HD 15641
02 33 40 +52 19 51 HD 15703
02 33 55 +57 33 34 HD 15690
02 39 16 +37 28 41 ADS 2001
02 40 48 +55 19 52 HD 16442
02 40 52 +45 36 43 SAO 38210
02 41 47 +40 16 41 PPM 45350
02 42 17 +42 48 47 HD 16705
02 42 32 +42 43 13 HD 16728
02 42 40 +38 38 23 HD 16760
02 42 48 +40 16 56 HD 16772
02 43 05 +42 50 29 HD 16782
02 43 05 +37 10 06 PPM 67653
02 43 11 +38 27 13 HD 16800
02 43 22 +48 17 11 HR 792
02 44 32 +49 14 58 Theta Per
02 44 29 +35 08 10 HD 16968
02 44 40 +57 04 50 HD 236992
02 45 47 +56 35 04 HD 16965
02 47 21 +50 08 44 HD 17159
02 47 22 +49 06 51 HD 17174
02 47 20 +47 06 18 HD 17180
02 48 01 +53 57 51 HD 17198
02 48 22 +37 34 36 SAO 55889
02 49 11 +49 12 16 HD 17359
02 50 19 +48 49 22 HD 17479
02 50 19 +42 22 59 PPM 45553
02 50 49 +41 19 04 HD 17571
02 51 04 +55 54 58 Miram
02 50 54 +38 20 21 16 Per
02 52 01 +38 55 18 HD 17708
02 52 24 +37 18 58 HD 17757
02 53 13 +53 01 03 HR 846
02 53 21 +39 56 26 SAO 55968
02 53 42 +48 35 25 HR 849
02 54 02 +38 21 28 20 Per
02 54 21 +47 10 52 HD 17891
02 54 26 +36 03 43 HD 17939
02 56 06 +34 29 52 SAO 56010
02 58 06 +44 32 39 SAO 38468
02 59 09 +43 23 03 HD 18392
03 00 05 +56 53 53 HD 237044
03 00 50 +33 40 26 PPM 68008
03 01 14 +52 22 17 HR 890
03 01 28 +44 54 29 HD 18613
03 01 47 +32 25 56 HD 18715
03 02 37 +41 24 56 HD 18751
03 03 32 +45 53 50 PPM 45794
03 03 41 +40 57 00 PPM 45796
03 03 55 +36 27 41 HD 18900
03 04 25 +52 31 50 HD 18856
03 06 04 +32 03 00 HD 19132
03 06 28 +53 04 19 HD 19055
03 06 39 +51 01 13 SAO 23807
03 07 05 +43 32 51 HD 19196
03 07 12 +55 45 29 CCDM 3068+5544
03 07 08 +45 46 12 HIP 14472
03 07 34 +43 07 08 ADS 2351
03 07 58 +36 38 11 HD 19308
03 08 30 +40 58 28 Algol
03 08 53 +56 40 11 HD 19278
03 08 46 +39 10 47 PPM 68137
03 09 05 +35 28 39 HD 19444
03 09 23 +44 16 14 HD 19426
03 11 16 +56 06 22 BD +55 00746
03 11 28 +55 45 06 HD 19537
03 11 36 +39 37 49 Gorgonea Quarta
03 12 29 +37 14 11 HD 19771
03 12 47 +47 44 40 HR 949
03 13 30 +44 40 31 BD +44 00638
03 13 54 +39 09 48 HD 19923
03 14 04 +37 33 03 ADS 2411
03 14 25 +54 46 03 HD 19863
03 14 38 +48 35 46 HD 19954
03 14 54 +35 54 29 CCDM 3146+3553
03 15 35 +44 52 19 PPM 45972
03 15 52 +38 41 30 HD 275114
03 15 59 +52 46 05 HD 20054
03 16 11 +50 58 27 HD 20096
03 16 55 +32 39 20 HD 278491
03 17 31 +40 30 04 HR 979
03 18 07 +54 58 22 CCDM 3177+5457
03 18 31 +49 16 12 HD 20325
03 19 02 +47 02 37 HD 20400
03 19 22 +55 24 57 HD 20364
03 19 37 +46 00 16 HD 20467
03 19 40 +45 58 10 PPM 46027
03 21 26 +43 22 42 HD 20652
03 22 13 +49 05 19 HR 1001
03 24 10 +54 36 35 HD 20824
03 24 49 +33 33 12 HR 1019
03 25 04 +44 17 48 SAO 38795
03 25 59 +47 02 17 HD 21046
03 25 59 +45 31 59 HD 21060
03 26 22 +45 37 03 SAO 38820
03 28 04 +34 28 03 HD 278665
03 28 25 +55 11 31 HD 21225
03 29 02 +50 27 12 HD 21332
03 29 16 +40 39 47 HD 275363
03 29 17 +40 12 12 HD 21449
03 29 35 +45 03 59 HD 21448
03 29 47 +46 57 17 HR 1047
03 30 09 +50 02 06 PPM 28509
03 30 34 +40 07 10 HD 275370
03 30 40 +52 54 42 HD 21488
03 30 57 +49 48 22 HD 21539
03 31 28 +37 23 46 CCDM 3311+3723
03 31 54 +47 52 45 HD 21641
03 32 37 +44 51 26 HD 21771
03 33 01 +45 34 56 SAO 38926
03 33 37 +35 23 13 HD 278801
03 33 54 +45 46 12 HD 21886
03 34 13 +43 52 02 HD 21924
03 34 19 +40 49 18 ADS 2608
03 34 34 +48 38 03 HD 21931
03 35 20 +32 01 59 IX Per
03 35 34 +42 36 26 HD 22089
03 35 42 +33 41 34 HD 22160
03 35 56 +42 54 14 HD 22122
03 38 04 +48 08 00 HD 22326
03 38 40 +44 49 04 HD 22428
03 39 21 +44 46 16 PPM 46411
03 40 26 +34 07 56 HD 22692
03 41 02 +46 02 21 HD 22679
03 41 10 +39 07 59 HD 22733
03 42 16 +43 31 49 HD 22846
03 42 38 +37 17 00 HD 275772
03 42 42 +33 58 51 40 Per
03 42 47 +32 57 18 HD 22963
03 43 16 +47 48 11 Delta Per
03 44 08 +42 37 08 HD 23050
03 44 19 +38 23 22 HD 23107
03 44 27 +32 08 12 HD 281160
03 44 35 +42 29 38 ADS 2720
03 44 53 +32 10 42 HD 281159
03 45 24 +40 05 42 HD 23231
03 45 28 +34 25 52 HD 278979
03 45 43 +40 32 42 HD 275785
03 46 17 +50 26 04 HD 23255
03 46 33 +48 01 34 HD 23299
03 47 08 +51 10 07 BD +50 00818
03 47 22 +41 26 33 HIP 17666
03 48 12 +33 36 55 HR 1163
03 48 21 +38 21 34 HD 23605
03 49 26 +32 16 45 HD 23802
03 49 35 +50 24 11 HD 23676
03 49 51 +52 40 13 HD 23675
03 49 44 +52 15 01 BD +51 00780
03 49 56 +38 59 49 XY Per
03 50 32 +34 50 06 HD 23922
03 50 43 +34 41 04 HD 279039
03 52 00 +49 47 58 HD 23984
03 53 23 +45 58 18 HD 24177
03 54 27 +31 53 53 Zeta Per
03 54 56 +35 19 41 HD 279166
03 55 32 +42 54 41 HD 24453
03 56 09 +52 24 59 HD 232859
03 56 14 +32 10 10 HD 24601
03 56 40 +51 08 51 PPM 28797
03 56 58 +50 42 34 43 Per
03 57 03 +47 29 51 HD 24582
03 57 30 +32 01 46 HD 281382
03 57 37 +41 53 41 HD 24689
03 58 12 +49 32 37 PPM 46660
03 58 11 +40 01 28 Epsilon Per
03 58 39 +32 46 14 HD 24856
04 00 07 +48 09 54 IQ Per
04 00 00 +38 50 03 HR 1229
04 01 19 +34 16 04 HD 279312
04 01 55 +38 40 46 HD 25184
04 02 26 +41 51 43 HD 25227
04 03 06 +47 00 38 HD 25246
04 03 52 +42 11 44 HD 25367
04 04 30 +49 49 42 HD 25363
04 04 27 +39 31 24 HD 25444
04 05 18 +37 06 03 HD 25538
04 06 11 +34 38 43 HD 279397
04 07 54 +38 05 15 HD 25893
04 08 23 +43 11 32 HD 25907
04 08 40 +41 30 13 HD 25949
04 09 04 +50 17 10 HD 25915
04 09 30 +40 10 27 HD 26051
04 10 44 +36 19 00 HD 279504
04 12 02 +40 16 41 HD 26344
04 13 51 +32 01 33 CCDM 4135+3201
04 14 33 +51 50 26 HD 26513
04 14 38 +41 03 11 HD 276132
04 15 40 +50 52 08 HD 232925
04 16 06 +45 24 22 HD 26735
04 16 15 +31 42 19 HD 26842
04 16 19 +32 19 58 CCDM 4160+3219
04 17 42 +46 13 47 HD 26907
04 20 09 +31 45 27 ADS 3126
04 20 25 +40 30 40 HD 276288
04 21 17 +50 23 21 HD 27276
04 21 21 +50 15 59 HD 27292
04 22 08 +50 02 49 HD 27395
04 22 50 +51 49 14 HD 232942
04 22 53 +51 37 03 HD 27447
04 23 28 +49 34 54 BD +49 01172
04 24 45 +34 19 34 HD 27770
04 24 56 +33 58 16 56 Per
04 25 08 +33 53 48 ADS 3190
04 26 09 +46 33 21 SAO 39522
04 26 15 +51 20 51 HD 232949
04 26 24 +45 15 17 BD +44 00945
04 27 00 +43 29 18 HD 27960
04 27 56 +32 04 18 CCDM 4276+3204
04 28 03 +46 16 08 SAO 39543
04 28 43 +38 26 56 HD 28179
04 29 01 +39 23 33 CCDM 4287+3923
04 30 42 +32 34 48 CCDM 4304+3234
04 31 45 +40 01 15 HR 1424
04 32 36 +52 12 41 HD 28496
04 32 30 +36 30 14 HD 279951
04 33 39 +51 03 28 HD 28618
04 33 46 +43 04 27 57 Per
04 35 02 +51 00 47 HD 28771
04 36 37 +47 22 52 HD 28986
04 37 02 +41 16 29 58 Per
04 37 00 +41 05 13 HD 29096
04 37 30 +48 24 33 HD 29093
04 38 28 +42 07 38 HD 29235
04 40 28 +42 20 29 HD 276679
04 44 24 +42 25 41 HD 29833
04 47 50 +43 24 33 HD 30196
04 48 14 +40 18 52 HD 276919
04 49 54 +39 14 44 HD 276956
