00 02 25 +27 06 36 85 Peg
00 02 40 +10 48 15 HD 224994
00 04 08 +28 00 29 PPM 89370
00 04 15 +12 10 25 HD 225161
00 04 27 +27 02 19 SAO 73722
00 05 24 +30 21 25 HD 4
00 05 39 +16 21 24 HD 42
00 05 59 +17 52 05 HD 85
00 06 10 +18 06 13 HD 113
00 08 38 +18 44 49 HD 376
00 15 12 +21 34 12 HD 1059
21 10 44 +19 58 48 HD 201672
21 11 49 +12 51 48 PPM 139733
21 12 40 +14 33 11 HD 201940
21 13 13 +18 02 45 PPM 139761
21 13 31 +16 56 23 HD 202091
21 16 11 +16 01 29 PPM 139853
21 16 22 +16 07 28 HD 202531
21 18 09 +16 45 42 CCDM 21179+1644
21 18 57 +14 18 37 PPM 139913
21 20 52 +15 38 46 HD 203234
21 21 24 +16 46 06 SAO 107060
21 21 48 +15 14 17 HD 203402
21 22 11 +23 50 48 HD 203484
21 22 19 +19 49 33 1 Peg
21 22 54 +15 34 43 PPM 140033
21 24 12 +22 37 20 PPM 112920
21 26 55 +13 42 37 HD 204215
21 28 28 +22 16 35 CCDM 21282+2215
21 29 08 +11 06 24 HIP 106053
21 29 14 +22 12 05 HR 8223
21 33 12 +20 44 01 HD 205160
21 33 50 +04 48 34 BD +04 04699
21 34 42 +24 44 04 CCDM 21345+2443
21 34 45 +09 31 20 HD 205356
21 36 09 +26 23 32 HD 205626
21 36 19 +27 17 37 SAO 89832
21 36 42 +03 52 21 CCDM 21365+0351
21 37 38 +23 40 51 HD 205823
21 37 52 +06 43 57 SAO 126937
21 37 59 +06 38 28 3 Peg
21 39 48 +23 22 57 BD +22 04455
21 40 09 +14 28 27 PPM 140457
21 40 31 +03 45 36 HD 206186
21 42 07 +07 08 57 PPM 172128
21 42 14 +18 57 43 HD 206485
21 42 30 +07 16 39 PPM 172140
21 43 09 +21 53 29 PPM 113460
21 43 45 +27 22 01 SAO 89929
21 44 23 +26 32 32 HD 206828
21 44 26 +09 53 53 Enif
21 44 23 +07 10 53 HD 206751
21 44 53 +25 40 05 Kappa Peg
21 45 41 +21 58 49 ADS 15292
21 45 45 +21 57 47 PPM 113533
21 45 59 +17 46 41 HD 207022
21 46 02 +15 46 52 HD 207032
21 46 18 +21 12 35 HD 207072
21 46 43 +22 11 52 HD 207147
21 46 46 +06 33 31 HD 207090
21 47 08 +07 23 24 PPM 172238
21 49 09 +05 24 14 HD 207447
21 49 47 +03 24 44 HD 207534
21 49 55 +34 16 16 SAO 71746
21 50 18 +31 52 17 HD 207703
21 50 51 +22 16 56 HD 207731
21 51 08 +32 40 56 HD 207805
21 51 48 +19 51 01 HR 8348
21 51 54 +19 19 50 HD 207859
21 52 12 +09 06 11 HD 207862
21 53 17 +05 19 53 PPM 172380
21 54 31 +13 34 52 HD 208175
21 54 31 +19 44 31 HR 8364
21 55 19 +25 24 09 PPM 113748
21 55 25 +29 45 01 ADS 15450
21 55 51 +35 06 11 HD 208473
21 55 52 +33 03 38 ADS 15453
21 55 52 +28 24 56 PPM 113769
21 56 06 +31 42 55 CCDM 21559+3141
21 56 12 +19 49 12 SAO 107517
21 56 19 +24 21 50 HD 208503
21 56 49 +34 22 20 HD 208596
21 56 54 +16 08 51 HD 208552
21 57 28 +08 20 52 CCDM 21572+0819
21 57 46 +04 10 54 HD 208632
21 57 52 +11 58 16 HD 208668
21 57 57 +20 15 56 SAO 90132
21 58 16 +05 57 51 HD 208718
21 58 50 +35 35 55 CCDM 21586+3534
21 58 52 +06 02 16 HD 208800
22 00 01 +35 14 21 CCDM 21598+3513
22 00 04 +23 57 54 HD 209026
22 01 36 +32 44 29 SAO 71953
22 02 09 +04 47 41 HD 209262
22 03 05 +03 46 19 PPM 172582
22 04 02 +24 08 28 ADS 15591
22 04 23 +35 08 46 RT Peg
22 04 31 +23 59 27 ADS 15595
22 04 37 +13 40 21 HD 209601
22 04 44 +15 52 56 HD 209622
22 05 06 +21 59 41 CCDM 22049+2158
22 05 59 +29 55 51 HD 209844
22 06 15 +20 49 40 HD 209859
22 06 13 +20 37 53 BD +19 04853
22 06 26 +10 07 04 HD 209845
22 06 41 +28 06 56 CCDM 22064+2806
22 07 09 +33 36 17 SAO 72038
22 09 27 +33 11 49 Pi 1 Peg
22 09 48 +05 43 16 PPM 172718
22 10 15 +33 44 53 CCDM 22100+3343
22 10 18 +07 58 42 HD 210390
22 10 38 +31 41 59 BD +30 04622
22 10 41 +19 26 04 SAO 107710
22 12 10 +06 55 16 HD 210686
22 12 52 +30 14 03 HD 210842
22 13 24 +21 49 10 PPM 114167
22 13 59 +07 44 24 HD 210945
22 14 20 +31 25 37 HD 211060
22 14 32 +17 12 52 HD 211076
22 14 44 +08 00 04 HD 211048
22 14 49 +29 35 50 HD 211139
22 15 03 +22 32 54 HD 211153
22 15 04 +21 58 29 PPM 114205
22 15 30 +23 55 25 CCDM 22153+2354
22 16 09 +31 26 39 PPM 87594
22 16 18 +12 30 17 CCDM 22160+1229
22 16 34 +26 17 46 HIP 109965
22 20 36 +11 03 52 HD 211905
22 20 44 +35 08 24 HD 212003
22 20 43 +05 48 53 30 Peg
22 20 52 +25 06 12 BD +24 04578
22 20 59 +24 58 56 HD 212005
22 21 33 +28 21 21 32 Peg
22 22 04 +15 16 41 SAO 107857
22 22 33 +11 06 20 HD 212187
22 22 53 +33 29 39 PPM 87703
22 22 49 +09 57 56 HD 212224
22 22 56 +28 50 56 PPM 114348
22 23 35 +23 01 07 SAO 90459
22 23 39 +17 34 33 PPM 141398
22 23 45 +03 52 49 HD 212335
22 23 54 +20 52 25 33 Peg
22 23 54 +28 02 51 SAO 90464
22 24 26 +27 13 26 SAO 90476
22 24 42 +03 50 38 HD 212472
22 24 59 +28 38 10 CCDM 22248+2837
22 27 28 +15 10 46 HD 212873
22 28 07 +04 43 16 35 Peg
22 28 20 +29 43 39 HD 213024
22 28 27 +23 33 29 HD 213013
22 28 27 +17 17 20 HD 213014
22 29 12 +34 33 48 HD 213160
22 29 50 +05 40 03 HD 213194
22 32 50 +34 15 17 HD 213661
22 32 49 +07 26 38 HD 213609
22 33 05 +33 25 45 HD 213686
22 32 59 +26 26 06 HD 213662
22 34 47 +04 14 54 HD 213892
22 34 51 +29 45 40 HD 213959
22 35 54 +17 20 56 SAO 108022
22 36 30 +29 46 17 HD 214202
22 37 49 +27 27 57 HD 214422
22 38 10 +11 32 38 PPM 141660
22 38 08 +05 56 00 HD 214423
22 39 34 +10 34 22 HD 214611
22 39 43 +07 11 58 HD 214641
22 40 14 +17 12 01 SAO 108079
22 40 20 +32 44 19 BD +31 04756
22 40 57 +30 01 06 HD 214860
22 41 33 +13 12 05 HD 214893
22 41 42 +30 04 25 SAO 90711
22 43 46 +31 15 13 HD 215273
22 45 45 +34 00 45 SAO 72690
22 45 48 +30 28 08 HD 215549
22 46 13 +34 00 19 BD +33 04583
22 46 13 +19 16 36 HD 215578
22 49 55 +31 20 17 HIP 112723
22 51 00 +34 28 59 SAO 72774
22 51 18 +30 03 12 CCDM 22511+3002
22 51 41 +26 25 04 HD 216285
22 51 41 +13 59 48 HD 216259
22 52 10 +30 03 17 SAO 90839
22 52 12 +22 20 57 PPM 114890
22 53 16 +31 41 16 SAO 72808
22 53 49 +30 47 22 HD 216562
22 54 03 +13 37 35 HD 216563
22 54 25 +28 02 35 HD 216632
22 54 52 +20 21 35 HD 216671
22 55 00 +18 13 10 ADS 16360
22 55 03 +15 12 59 SAO 108249
22 55 14 +33 05 57 PPM 88330
22 55 24 +23 33 01 CCDM 22552+2331
22 56 39 +17 28 45 HD 216863
22 57 06 +11 52 30 HR 8724
22 58 03 +23 46 19 CCDM 22578+2345
22 58 27 +30 23 32 SAO 72890
22 58 49 +12 04 41 HD 217163
22 58 50 +09 23 02 HR 8737
22 59 13 +27 46 22 HD 217229
22 59 18 +26 58 15 CCDM 22591+2657
23 00 02 +30 06 15 HD 217351
23 00 56 +31 06 36 HR 8753
23 01 21 +26 48 30 HD 217544
23 03 56 +29 55 35 HD 217923
23 04 01 +28 06 35 Scheat
23 04 03 +23 10 54 HD 217907
23 05 15 +33 24 46 HD 218097
23 06 56 +33 03 23 PPM 88531
23 07 02 +30 42 12 HD 218327
23 07 41 +20 36 32 HD 218381
23 07 42 +32 51 09 HR 8798
23 08 30 +22 08 50 HD 218486
23 09 46 +08 42 16 57 Peg
23 10 12 +14 27 14 HD 218687
23 10 31 +32 30 51 HD 218767
23 10 57 +26 33 01 HD 218806
23 11 12 +16 50 01 HD 218832
23 11 24 +29 20 26 PPM 115217
23 12 04 +26 52 28 60 Peg
23 13 09 +12 35 05 CCDM 23129+1233
23 13 24 +10 41 55 HD 219092
23 13 25 +20 00 36 HD 219099
23 13 33 +22 06 40 HD 219111
23 13 42 +11 05 32 HR 8833
23 14 39 +31 48 19 SAO 73106
23 14 37 +29 47 57 HR 8838
23 16 07 +27 30 37 SAO 91132
23 17 16 +21 26 17 HD 219614
23 17 46 +16 53 15 HD 219669
23 18 13 +10 33 46 HD 219714
23 19 00 +25 14 22 HD 219827
23 19 45 +13 25 31 CCDM 23195+1324
23 21 04 +21 59 25 HD 220076
23 23 04 +20 35 11 HD 220334
23 23 00 +18 44 25 PPM 142451
23 24 39 +14 30 24 HD 220541
23 25 54 +33 27 56 BD +32 04642
23 26 15 +27 44 05 HD 220723
23 27 52 +16 39 23 HD 220923
23 28 11 +11 09 49 HD 220953
23 28 18 +33 35 10 HD 220987
23 28 13 +23 36 51 HD 220952
23 28 30 +25 57 19 SAO 91285
23 28 56 +11 58 22 HD 221041
23 29 52 +26 18 32 SAO 91301
23 30 27 +14 00 18 PPM 142572
23 30 41 +30 51 33 HD 221264
23 31 11 +09 30 34 HD 221305
23 31 20 +18 48 23 HD 221327
23 31 40 +16 14 46 HD 221355
23 32 40 +17 25 54 HD 221479
23 32 48 +31 28 29 HD 221492
23 34 02 +12 18 25 CCDM 23338+1217
23 34 04 +12 00 40 PPM 142623
23 34 48 +27 04 29 SAO 91355
23 35 44 +08 52 01 PPM 174238
23 36 34 +28 55 36 HD 221949
23 37 55 +16 51 12 74 Peg
23 38 17 +12 54 28 HD 222145
23 40 31 +19 46 56 HD 222418
23 41 06 +20 23 37 HD 222474
23 42 17 +15 24 55 PPM 142765
23 42 46 +18 41 39 HD 222659
23 45 44 +20 26 36 HD 222978
23 45 48 +12 24 18 HD 222979
23 47 07 +28 26 51 HD 223138
23 47 29 +30 45 17 SAO 73507
23 47 37 +09 30 09 SAO 128381
23 48 07 +17 05 01 HD 223249
23 48 22 +10 10 30 PPM 142865
23 49 34 +25 22 26 HD 223415
23 49 54 +15 26 02 CCDM 23497+1524
23 52 29 +28 36 16 PPM 115903
23 52 44 +12 54 02 HD 223769
23 52 57 +29 21 19 PPM 115911
23 53 15 +11 57 07 HD 223839
23 53 24 +29 02 45 HIP 117779
23 54 34 +31 55 39 HD 224001
23 55 11 +29 30 12 HD 224083
23 56 18 +28 16 19 PPM 115965
23 58 01 +11 30 08 HD 224429
23 58 19 +24 22 08 HD 224459
