00 00 27 +01 47 57 HD 224725
00 00 40 +08 31 48 SAO 128525
00 01 35 +07 43 46 HD 224858
00 03 02 +02 09 29 HD 225028
00 03 19 +08 17 54 HD 225057
00 06 43 +01 57 03 PPM 143138
00 08 55 -04 48 59 HD 401
00 10 07 +11 26 38 HD 530
00 10 07 +08 28 51 PPM 143204
00 10 17 +11 10 25 34 Psc
00 10 32 +04 55 13 SAO 109045
00 11 50 -03 03 01 HD 717
00 13 55 +06 36 29 HD 921
00 15 14 +08 50 55 35 Psc
00 16 07 -05 34 24 HD 1153
00 17 38 +16 32 17 HD 1309
00 17 40 +08 54 15 HIP 1392
00 17 44 +00 20 56 HD 1329
00 18 16 +09 32 33 SAO 109125
00 19 24 +00 07 47 ADS 266
00 20 18 +14 21 09 ADS 280
00 22 04 +13 31 02 SAO 91862
00 22 41 +13 30 37 42 Psc
00 22 54 +21 41 40 HD 1812
00 24 15 -03 26 51 HD 1978
00 26 13 +04 08 21 PPM 143491
00 26 31 +03 51 13 HD 2235
00 27 27 +21 17 09 HD 2316
00 27 47 +16 03 11 HD 2358
00 29 04 +02 50 57 CCDM 0288+0250
00 29 59 +20 19 44 HIP 2327
00 31 03 +16 03 54 HD 2714
00 32 38 +15 40 57 PPM 116555
00 32 39 +06 58 59 51 Psc
00 35 09 +18 55 39 SAO 91979
00 35 45 +11 52 04 HD 3213
00 35 52 +03 20 57 HD 3242
00 36 32 +17 02 19 PPM 116616
00 38 07 +03 02 07 PPM 143698
00 39 38 +21 16 41 54 Psc
00 39 43 +03 20 31 PPM 143745
00 40 12 +21 27 58 55 Psc
00 41 37 +14 40 39 PPM 116690
00 42 38 +04 11 39 HD 3972
00 42 58 +04 54 34 CCDM 0427+0453
00 43 49 +17 22 59 HD 4107
00 45 20 +05 34 49 SAO 109430
00 45 36 +10 20 23 SAO 92064
00 47 57 +12 54 23 HD 4552
00 48 39 +05 18 28 HR 222
00 50 09 +30 28 39 HD 4744
00 50 09 +27 44 15 65 Psc
00 52 24 +10 37 41 HD 4936
00 53 35 +05 01 56 HD 5130
00 53 44 +03 19 47 HIP 4186
00 53 50 +27 57 53 CCDM 0536+2756
00 53 50 +18 47 14 CCDM 0536+1846
00 55 01 +09 27 21 HD 5280
00 55 13 +19 30 02 HD 5297
00 55 24 +28 11 44 HD 5293
00 55 33 +18 57 52 SAO 92154
00 58 17 +09 18 20 PPM 144104
00 58 23 +26 57 00 PPM 90344
00 59 00 +24 42 37 HD 5681
00 59 21 +05 24 32 PPM 144126
01 00 58 +09 30 50 HD 5901
01 01 18 +12 25 56 HD 5957
01 02 07 +23 49 13 BD +23 00139
01 02 12 +10 07 00 HD 6051
01 04 03 +06 47 29 HD 6277
01 05 25 +26 16 05 SAO 74477
01 05 28 +12 51 32 HD 6421
01 05 46 +15 25 00 HD 6440
01 05 57 +21 29 59 Psi 1 Psc
01 06 05 +04 56 06 77 Psc
01 06 28 +32 12 29 HD 6476
01 07 20 +11 34 44 HD 6614
01 08 38 +05 40 35 80 Psc
01 10 35 +16 37 11 HD 6965
01 10 38 +29 53 46 HD 6951
01 12 10 +04 54 18 HD 7146
01 13 10 +32 06 07 HD 7215
01 13 16 +30 05 26 HR 356
01 13 26 +29 43 34 HD 7255
01 14 01 +24 36 36 Phi Psc
01 14 00 +07 36 06 Zeta Psc
01 14 38 +30 34 06 HD 7384
01 14 43 +20 13 48 BD +19 00205
01 17 44 +21 06 42 HD 7745
01 18 31 +15 30 21 BD +14 00197
01 18 53 +13 17 59 CCDM 1186+1316
01 20 31 +13 47 32 HD 8067
01 21 05 +18 14 27 HD 8118
01 21 05 +11 29 03 HD 8127
01 21 47 +03 47 53 CCDM 1215+0346
01 22 59 +17 13 23 HD 8321
01 25 48 +28 34 03 PPM 90771
01 25 51 +31 34 34 HD 8610
01 25 57 +02 59 52 HD 8686
01 27 10 +03 33 41 HR 419
01 28 35 +14 30 08 HD 8942
01 28 39 +07 59 14 HR 426
01 29 21 +21 44 56 HD 8997
01 29 34 +25 03 00 SAO 74745
01 29 45 +30 55 13 HD 9023
01 29 52 +21 57 58 PPM 90830
01 30 08 +31 01 59 HD 9070
01 30 09 +14 14 08 SAO 92464
01 30 27 +06 10 11 Mu Psc
01 30 33 +12 40 31 HD 9148
01 30 42 +07 49 59 HD 9157
01 32 19 +16 58 22 HD 9312
01 32 21 +12 19 04 HD 9333
01 33 34 +08 14 03 HD 9496
01 33 47 +17 40 20 HD 9494
01 35 08 +12 35 03 HD 9656
01 35 44 +26 42 35 HD 9701
01 36 19 +07 40 15 HD 9817
01 37 11 +11 50 43 CCDM 1369+1149
01 37 56 +22 34 57 HD 9956
01 37 55 +18 37 04 PPM 117511
01 37 56 +07 10 27 SAO 110018
01 38 12 +25 55 45 HD 9984
01 40 11 +15 16 55 SAO 92560
01 41 35 +25 46 16 HR 484
01 41 35 +10 08 21 HD 10352
01 44 31 +09 30 33 HIP 8110
01 46 08 +15 01 43 PPM 117649
01 48 57 +07 42 31 HD 11049
01 51 44 +04 58 26 HD 11322
01 52 08 +03 42 22 CCDM 1519+0341
01 55 52 +03 36 08 HD 11775
01 56 29 +04 38 38 CCDM 1562+0437
02 00 26 +06 42 55 HD 12234
02 01 01 +04 57 54 SAO 110275
02 02 19 +02 47 16 Alrisha
02 02 55 +07 42 02 SAO 110296
00 00 15 +00 01 40 ADS 4351
00 00 15 +00 01 40 ADS 9556
00 00 15 +00 01 40 ADS 11563
00 00 15 +00 01 40 ADS 12707
00 00 15 +00 01 40 ADS 14266
22 53 27 +04 41 56 HD 216481
22 55 40 +04 50 36 HD 216759
22 57 14 -00 28 16 HD 216904
22 57 22 -03 13 07 HD 216931
22 58 17 +01 34 26 CCDM 22580+0133
22 58 36 -00 32 39 HD 217120
22 58 51 +03 43 54 CCDM 22586+0342
23 07 58 +06 37 55 HD 218408
23 09 48 +00 44 19 CCDM 23096+0043
23 10 02 -00 47 57 PPM 181586
23 11 29 +05 01 54 HD 218853
23 13 46 +04 00 48 CCDM 23135+0359
23 13 56 +02 13 51 HD 219150
23 14 15 +03 28 24 HD 219189
23 16 48 -00 42 20 SAO 146604
23 16 50 -01 33 33 HIP 114914
23 17 49 -00 48 22 PPM 181604
23 17 53 -01 29 39 HD 219657
23 19 03 +05 11 43 SAO 128106
23 19 09 +05 25 59 HD 219829
23 21 05 +02 29 02 HD 220062
23 21 36 +03 52 23 PPM 174013
23 23 47 +00 19 08 HR 8897
23 24 31 +03 44 35 HD 220512
23 24 36 +06 04 23 PPM 174055
23 26 05 +04 59 03 CCDM 23258+0457
23 28 31 +06 06 07 HD 220990
23 28 45 +03 35 32 HD 221014
23 30 56 +05 16 37 HD 221272
23 33 15 -01 02 47 SAO 146768
23 39 59 +03 32 26 PPM 174310
23 40 58 -00 21 19 HD 222456
23 41 26 +06 17 26 HD 222502
23 44 12 +07 16 38 HIP 117063
23 45 14 +03 47 55 SAO 128360
23 45 33 +05 08 38 HD 222948
23 46 15 +00 17 23 HD 223029
23 48 12 -02 44 02 20 Psc
23 53 56 -01 37 59 HD 223928
23 54 26 +02 20 30 PPM 174538
23 54 40 +02 29 30 HD 224004
23 56 42 -00 33 34 HD 224264
23 57 05 -00 28 55 HD 224316
23 58 55 -03 31 42 27 Psc
