06 04 49 -45 04 46 HR 2158
06 04 55 -48 27 32 HIP 28796
06 14 30 -49 06 51 HIP 29608
06 14 40 -45 20 50 PPM 310540
06 17 00 -47 02 46 HD 44011
06 20 56 -44 47 30 HD 44665
06 23 04 -45 37 54 HD 45056
06 24 14 -50 31 58 HD 45347
06 28 45 -44 21 05 HD 46002
06 28 57 -48 31 59 PPM 754119
06 29 56 -50 14 34 HR 2384
06 36 01 -48 17 04 HD 47408
06 38 46 -48 13 30 HR 2462
06 38 53 -45 04 09 HD 47924
06 39 05 -45 03 29 SAO 218098
06 41 24 -40 21 17 HR 2475
06 42 16 -38 00 31 HD 48524
06 42 26 -38 24 14 HR 2482
06 42 56 -50 27 25 HD 48857
06 46 53 -47 48 36 HD 49614
06 47 31 -48 34 10 HD 49758
06 49 38 -33 25 09 HIP 32709
06 49 55 -39 09 32 SAO 197259
06 50 07 -45 27 23 HR 2546
06 51 42 -47 45 23 HD 50599
06 51 50 -44 18 44 HD 50568
06 52 31 -35 17 49 HD 50597
06 53 19 -37 02 08 HD 50832
06 53 39 -38 56 28 HD 50921
06 54 26 -34 13 46 HD 51042
06 54 47 -41 34 47 SAO 218300
06 54 46 -45 53 57 HD 51317
06 55 07 -33 40 44 SAO 197352
06 58 10 -47 25 51 HD 52248
06 58 28 -35 25 34 HIP 33544
06 59 40 -34 21 31 HD 52358
07 02 18 -49 00 05 HD 53325
07 03 02 -45 45 33 HD 53442
07 03 37 -35 19 37 HD 53404
07 04 06 -43 36 57 HR 2667
07 05 43 -34 47 08 HIP 34200
07 06 08 -42 20 07 HD 54208
07 07 29 -34 26 49 HD 54414
07 09 26 -49 59 15 HD 55195
07 12 37 -36 33 11 HR 2726
07 13 41 -44 38 55 HR 2748
07 14 31 -44 40 17 SAO 218562
07 14 49 -37 20 30 HD 56260
07 16 15 -41 42 28 HD 56660
07 16 45 -46 14 50 HD 56857
07 17 20 -37 06 24 Pi Pup
07 18 29 -36 44 36 NV Pup
07 20 37 -33 33 31 HD 57575
07 21 02 -43 50 05 HD 57832
07 21 00 -48 31 26 HD 57897
07 21 30 -48 32 12 HD 58017
07 22 27 -35 55 33 HD 58038
07 23 09 -43 46 53 CD -43 03173
07 24 00 -33 29 44 HD 58326
07 24 28 -42 42 58 HIP 35924
07 24 58 -37 18 04 HR 2843
07 25 07 -38 21 43 HD 58676
07 25 25 -46 15 29 HD 58871
07 27 10 -34 19 21 HD 59099
07 27 39 -23 57 33 CCDM 7274-2357
07 27 41 -20 47 35 BD -20 01950
07 27 47 -18 30 08 HD 59074
07 28 01 -28 22 53 HD 59215
07 28 14 -21 59 30 CCDM 7280-2159
07 28 14 -26 50 58 HD 59235
07 28 58 -13 49 34 HD 59277
07 29 03 -31 51 32 HR 2870
07 29 11 -48 27 51 SAO 218756
07 29 24 -43 18 43 Sigma Pup
07 29 36 -15 00 33 HR 2868
07 29 49 -32 10 04 HD 59654
07 30 04 -23 02 05 HR 2874
07 30 24 -28 16 31 SAO 173881
07 31 54 -35 53 55 PS Pup
07 31 54 -43 18 02 HD 60287
07 32 04 -20 56 28 HD 60054
07 32 41 -38 59 00 HD 60397
07 32 48 -12 53 16 HD 60116
07 32 54 -49 13 22 HD 60575
07 33 37 -28 11 41 SAO 173999
07 34 04 -36 23 19 SAO 198131
07 34 17 -50 51 06 HD 60907
07 34 32 -23 29 05 HR 2910
07 34 33 -42 05 06 HD 60791
07 34 43 -13 52 53 HD 60552
07 35 35 -28 22 51 HR 2922
07 35 57 -12 47 14 SAO 153111
07 36 16 -22 18 18 HD 60921
07 36 18 -14 30 15 HR 2921
07 36 28 -23 50 59 HD 61024
07 36 20 -48 51 30 SAO 218833
07 36 55 -14 27 18 HD 61017
07 36 49 -35 45 20 HD 61212
07 37 08 -15 27 15 HD 61081
07 37 12 -24 01 28 HD 61159
07 37 22 -13 52 52 HD 61098
07 37 53 -14 27 08 HR 2932
07 37 49 -30 38 26 HD 61353
07 38 30 -25 22 35 PU Pup
07 38 36 -47 43 22 HD 61714
07 39 02 -26 48 56 HR 2949
07 39 10 -20 16 53 HIP 37244
07 39 33 -16 41 18 HD 61567
07 39 25 -49 03 47 HD 61947
07 39 33 -43 59 12 HD 61880
07 39 55 -38 09 03 HR 2963
07 41 05 -31 42 02 SAO 198287
07 41 16 -16 30 02 HD 61938
07 41 23 -21 15 33 HD 62027
07 41 25 -27 00 20 HD 62084
07 41 50 -17 26 56 HD 62080
07 42 08 -23 37 54 HD 62207
07 42 20 -24 07 37 HD 62244
07 42 19 -30 11 54 HD 62315
07 42 30 -15 08 55 CCDM 7423-1508
07 42 34 -18 16 51 HD 62240
07 42 47 -18 24 17 CCDM 7426-1824
07 42 46 -18 27 24 CCDM 7426-1827
07 43 39 -22 07 55 HD 62496
07 43 42 -27 27 25 SAO 174387
07 43 56 -39 53 13 HD 62752
07 44 19 -24 56 44 CD -24 05867
07 44 23 -24 57 56 HD 62637
07 44 21 -50 28 08 HD 63008
07 44 31 -49 50 52 CD -49 03031
07 44 42 -23 54 06 CP -23 02753
07 44 51 -17 18 11 HD 62676
07 44 50 -23 53 32 CCDM 7446-2353
07 44 58 -14 08 27 SAO 153336
07 44 56 -24 15 01 HD 62775
07 44 58 -33 44 38 HD 62911
07 45 43 -14 42 11 2 Pup
07 45 45 -32 11 56 HD 63031
07 45 59 -17 20 50 ADS 6352
07 45 56 -38 59 01 HD 63152
07 46 10 -49 32 40 HD 63345
07 46 26 -43 03 07 HD 63293
07 47 03 -38 28 47 HD 63341
07 47 17 -41 30 58 HD 63425
07 47 36 -38 31 25 HR 3035
07 47 59 -16 01 37 HR 3027
07 48 11 -12 12 19 5 Pup
07 48 06 -24 11 59 HD 63417
07 48 12 -19 24 58 HD 63395
07 48 11 -44 33 27 HD 63663
07 48 21 -37 41 26 HD 63602
07 48 37 -25 47 01 HD 63524
07 48 33 -45 16 16 HD 63741
07 48 50 -30 16 38 SAO 198464
07 49 06 -46 38 05 HD 63869
07 49 23 -46 23 10 HR 3055
07 49 36 -30 34 15 HD 63785
07 49 57 -28 15 38 HD 63824
07 50 34 -32 10 47 HD 63986
07 50 43 -33 49 53 SAO 198508
07 51 16 -24 15 01 SAO 174660
07 51 56 -29 40 41 HD 64221
07 52 02 -15 16 16 HD 64117
07 52 09 -31 38 58 HD 64301
07 52 15 -28 18 57 HD 64284
07 52 27 -34 43 07 HR 3079
07 52 42 -13 52 33 HD 64259
07 52 51 -30 29 19 HD 64421
07 53 05 -31 07 00 HD 64481
07 53 21 -25 14 45 HD 64454
07 53 58 -21 56 12 HD 64564
07 53 50 -50 55 39 HD 64908
07 54 20 -18 20 40 HD 64611
07 55 28 -41 50 38 HD 65089
07 55 49 -43 47 37 HD 65186
07 56 10 -35 55 38 HD 65162
07 58 23 -49 15 31 V Pup
07 58 47 -21 30 06 HD 65566
07 58 59 -47 41 49 HD 65905
07 59 13 -29 35 40 HD 65742
07 59 20 -49 59 27 HR 3142
07 59 51 -44 29 47 HD 66002
08 00 02 -13 51 50 HD 65783
07 59 55 -47 19 03 HD 66079
08 00 07 -23 02 34 BD -22 02109
08 00 19 -29 31 43 HD 65945
08 00 59 -42 19 44 HD 66233
08 00 58 -47 49 30 HD 66338
08 01 06 -36 47 45 HIP 39190
08 01 16 -40 13 59 HD 66280
08 01 32 -22 21 04 HD 66097
08 02 09 -27 13 44 HD 66306
08 02 12 -42 47 04 HD 66503
08 02 16 -27 15 57 HD 66329
08 02 38 -34 34 51 HIP 39332
08 02 37 -44 40 52 QQ Pup
08 02 49 -27 33 30 HD 66454
08 02 55 -41 19 26 HR 3162
08 03 16 -32 28 40 HR 3160
08 03 21 -38 12 39 HIP 39390
08 03 19 -43 20 45 HD 66745
08 03 32 -36 26 43 CD -36 04145
08 03 38 -13 13 04 HD 66491
08 03 37 -30 44 47 HD 66648
08 03 47 -22 13 29 HD 66618
08 03 52 -46 34 53 SAO 219364
08 04 02 -35 31 34 HD 66810
08 04 06 -31 33 31 HD 66791
08 04 21 -24 40 18 HD 66757
08 04 27 -42 41 33 HD 67024
08 04 36 -36 02 53 HD 66934
08 04 46 -25 42 51 HD 66885
08 05 13 -41 24 07 HD 67193
08 05 40 -12 35 30 CCDM 8054-1235
08 05 52 -30 00 23 HD 67162
08 05 57 -33 35 02 HR 3177
08 06 26 -40 21 29 SAO 219416
08 06 28 -22 52 35 HD 67238
08 06 42 -17 12 48 HD 67237
08 07 04 -27 07 44 HD 67409
08 08 23 -22 08 48 HIP 39820
08 08 38 -29 53 34 HD 67775
08 08 43 -19 52 30 HD 67670
08 08 52 -42 12 15 HD 67979
08 09 14 -39 31 42 HD 68005
08 09 21 -26 14 50 HD 67884
08 09 16 -26 18 09 SAO 175267
08 09 58 -42 39 21 HR 3205
08 10 03 -38 22 28 CD -37 04311
08 10 13 -41 10 17 HD 68302
08 11 00 -32 37 08 HD 68364
08 11 13 -15 55 48 HD 68234
08 11 20 -21 08 04 BD -20 02424
08 11 30 -12 56 31 19 Pup
08 11 36 -43 00 08 HR 3226
08 11 54 -32 10 08 HD 68552
08 12 20 -15 40 27 HD 68487
08 12 34 -40 25 32 CD -40 03964
08 12 51 -15 19 23 SAO 153972
08 13 29 -24 18 28 HIP 40252
08 13 30 -41 16 26 HD 69019
08 13 43 -36 25 21 HD 68981
08 13 47 -31 45 02 HD 68978
08 13 58 -34 45 14 HD 69042
08 13 57 -41 28 52 HD 69126
08 14 07 -37 41 37 HD 69083
08 14 09 -36 20 15 OS Pup
08 14 14 -40 21 47 HR 3243
08 14 36 -29 49 23 HD 69103
08 15 39 -37 23 15 HD 69402
08 16 05 -30 56 29 HR 3251
08 16 16 -28 48 19 HD 69441
08 16 24 -35 53 52 HD 69565
08 16 34 -11 34 47 HD 69368
08 16 42 -16 20 11 HD 69438
08 17 07 -16 15 11 HD 69531
08 17 07 -34 52 31 HD 69726
08 17 51 -23 47 04 HD 69774
08 18 24 -37 23 26 HIP 40673
08 18 34 -20 17 17 HD 69876
08 18 40 -25 35 41 HD 69946
08 18 33 -40 44 33 HD 70062
08 18 45 -21 57 08 SAO 175559
08 20 12 -34 26 11 HIP 40831
08 20 54 -24 06 47 HD 70361
08 22 03 -23 00 41 BD -22 02241
08 22 19 -41 00 27 HIP 41006
08 23 03 -26 21 52 HR 3291
08 23 11 -31 27 26 HD 70837
08 23 33 -18 05 15 SAO 154190
08 23 36 -42 26 07 HD 71018
08 23 35 -42 49 25 HD 71019
08 24 28 -33 29 42 HD 71103
08 24 44 -30 40 28 SAO 199186
08 25 00 -14 05 15 HD 71034
08 25 17 -24 03 45 HR 3315
08 26 00 -41 57 26 HD 71441
08 26 07 -22 43 55 HD 71314
08 26 10 -43 18 39 HD 71490
08 26 29 -39 04 32 NO Pup
08 26 38 -30 23 30 HD 71438
08 26 54 -35 31 58 HD 71543
08 26 58 -22 53 19 SAO 175836
08 27 05 -21 38 34 BD -21 02439
