15 53 55 -25 20 31 2 Sco
16 00 17 -20 25 48 HD 143244
16 02 11 -28 23 15 HIP 78523
16 03 10 -25 01 41 HD 143715
16 04 39 -11 23 11 Grafias
16 05 43 -19 49 08 Graffias
16 05 44 -20 30 24 HD 144219
16 07 16 -27 43 57 HD 144432
16 07 53 -12 45 30 11 Sco
16 08 22 -27 39 13 PPM 732575
16 08 55 -39 06 21 HR 6000
16 09 51 -32 39 42 SAO 207397
16 10 00 -27 54 27 HD 144985
16 10 05 -28 07 59 CD -27 10818
16 10 11 -31 37 01 HD 145010
16 10 31 -40 08 30 HD 144965
16 12 09 -27 33 56 HD 145408
16 12 17 -19 28 24 Jabbah
16 12 35 -28 25 47 12 Sco
16 12 44 -14 00 07 HD 145608
16 14 04 -24 26 05 HR 6042
16 14 33 -10 25 37 HD 145996
16 15 03 -38 39 28 HD 145839
16 15 03 -39 08 35 HD 145840
16 17 47 -34 49 52 HD 146368
16 18 08 -12 27 32 HD 146661
16 19 52 -30 55 07 HR 6077
16 19 52 -29 57 38 HD 146852
16 20 23 -20 04 05 HD 147010
16 20 30 -18 25 27 ADS 10002
16 20 48 -20 07 46 SAO 159864
16 20 53 -39 26 31 HR 6080
16 21 29 -25 36 16 Alniyat
16 21 28 -29 58 45 HD 147138
16 22 37 -22 38 56 HD 147356
16 23 14 -31 05 08 HD 147386
16 24 06 -41 15 31 HD 147435
16 24 16 -33 12 39 HD 147553
16 24 59 -29 42 57 HR 6106
16 25 16 -37 55 34 HD 147704
16 26 21 -31 14 50 HIP 80504
16 26 29 -34 59 41 HD 147938
16 27 16 -35 50 43 HD 148042
16 29 10 -30 17 34 HD 148396
16 29 42 -26 26 34 Antares
16 31 05 -28 20 50 HD 148671
16 31 50 -39 01 22 HD 148704
16 32 03 -41 49 40 HR 6142
16 33 19 -33 32 34 HD 148950
16 34 59 -28 22 28 HD 149254
16 35 11 -26 12 05 HD 149289
16 38 42 -25 14 11 HD 149867
16 38 47 -43 24 29 HR 6174
16 39 25 -37 13 38 HR 6178
16 39 51 -34 12 56 HD 149982
16 40 31 -28 00 25 HIP 81619
16 40 44 -39 55 58 HD 150070
16 40 52 -34 18 46 HD 150150
16 42 21 -43 24 58 HD 325957
16 43 02 -42 53 39 HD 150399
16 44 15 -41 07 21 HR 6209
16 44 36 -27 27 55 HR 6216
16 44 47 -42 24 07 HD 150674
16 44 58 -44 58 19 HD 328736
16 45 14 -39 12 58 HD 150771
16 48 08 -33 11 48 HD 151273
16 48 14 -40 58 54 HD 151211
16 48 31 -36 53 33 HD 151315
16 48 35 -28 45 25 HD 151394
16 51 10 -45 32 12 HD 151644
16 51 20 -37 31 22 HR 6244
16 51 59 -32 32 52 HD 151906
16 52 35 -36 02 01 HD 151983
16 52 34 -25 36 31 HD 152071
16 54 23 -41 48 51 HR 6260
16 54 28 -41 51 35 CCDM 16541-4151
16 54 31 -41 49 58 HD 152248
16 54 47 -41 50 24 HD 326331
16 55 11 -42 01 53 CD -41 11062
16 55 16 -41 04 25 HD 152385
16 55 28 -31 24 37 HD 152521
16 55 53 -45 20 26 HD 152438
16 56 29 -37 11 45 HD 152637
16 56 33 -31 31 36 HD 152700
16 57 16 -40 31 11 HD 152723
16 57 20 -38 26 27 HD 152767
16 58 26 -30 13 25 HD 153002
16 59 15 -39 33 57 HD 153026
17 00 05 -41 30 38 HD 153175
17 00 12 -37 34 12 HD 153246
17 01 39 -39 51 12 HD 153427
17 02 37 -31 09 45 CD -30 13721
17 02 47 -36 03 19 HD 153692
17 03 07 -42 15 26 HD 326647
17 03 14 -33 49 02 HD 153787
17 03 14 -36 52 06 HD 153766
17 04 57 -38 00 53 CCDM 17046-3800
17 05 42 -33 46 37 HD 154195
17 06 50 -32 44 28 CCDM 17065-3244
17 07 08 -35 53 38 HD 154407
17 07 43 -44 26 56 HD 154410
17 08 14 -41 57 18 HD 154537
17 09 43 -31 41 09 HD 154871
17 13 11 -32 18 39 CD -32 12457
17 13 07 -33 22 01 HD 155402
17 13 09 -37 28 09 HD 155364
17 13 23 -32 16 12 HD 155449
17 14 16 -37 48 47 HD 155535
17 14 15 -38 18 02 HD 155536
17 14 49 -39 46 20 V915 Sco
17 14 58 -45 28 25 HD 155570
17 16 05 -34 12 10 HD 155871
17 16 39 -42 20 40 HD 155896
17 16 46 -38 39 32 HD 155943
17 16 54 -40 30 30 HD 155944
17 19 17 -34 59 41 HR 6426
17 20 48 -33 05 36 HD 156686
17 21 10 -42 39 47 HD 156661
17 23 39 -39 46 22 HD 157128
17 24 36 -37 22 01 HD 157340
17 24 47 -30 31 59 HD 157417
17 25 31 -45 11 58 HD 157388
17 26 09 -33 52 20 CCDM 17258-3352
17 26 41 -38 53 13 HD 157660
17 28 43 -40 32 48 HD 157958
17 29 23 -43 58 40 HD 158042
17 29 49 -40 18 59 HD 158143
17 30 26 -33 43 12 HD 158320
17 30 37 -44 12 00 HD 158239
17 31 01 -43 03 55 HD 158323
17 31 21 -34 14 18 CCDM 17310-3414
17 31 41 -39 01 18 HD 158468
17 31 49 -41 55 53 HD 158470
17 31 55 -30 17 46 HD 315957
17 32 29 -44 19 31 HD 158547
17 32 37 -30 27 51 HD 158759
17 35 02 -32 35 05 HIP 86011
17 35 43 -31 49 12 HD 159310
17 37 02 -41 55 51 HD 159434
17 37 41 -40 19 22 HD 159574
17 37 41 -43 00 02 Sargas
17 37 51 -37 47 05 HD 159632
17 38 16 -41 40 00 HD 159668
17 38 54 -37 54 42 HD 159848
17 39 19 -35 59 38 HD 159953
17 39 51 -32 21 12 HD 160094
17 39 56 -42 46 28 HD 159984
17 40 40 -32 10 55 HD 160259
17 40 51 -32 45 25 HD 160281
17 40 49 -43 51 52 HD 160150
17 41 32 -41 41 38 HD 160323
17 42 53 -38 01 22 HD 160594
17 44 02 -32 56 08 HD 160854
17 44 04 -38 11 52 HIP 86762
17 45 20 -45 11 20 HD 160942
17 47 20 -43 29 42 HD 161312
17 48 19 -40 08 26 HD 161530
17 48 35 -36 43 55 HD 161629
17 48 38 -35 25 49 CCDM 17483-3526
17 48 59 -45 01 44 HD 161579
17 49 28 -36 31 29 HD 161791
17 49 49 -32 00 34 HD 161889
17 50 10 -36 23 04 HD 161910
17 50 18 -37 31 59 HD 161911
17 50 32 -40 05 30 Iota 2 Sco
17 51 12 -33 42 24 RY Sco
17 51 32 -30 33 29 HR 6645
17 51 38 -34 10 16 CCDM 17513-3410
17 52 15 -35 05 02 HD 162306
17 54 12 -32 28 44 HD 162722
17 54 18 -38 56 59 HD 162657
17 56 04 -30 34 20 HD 163106
17 57 12 -39 55 59 HD 163195
17 57 24 -40 07 17 HD 163233
17 58 17 -36 00 30 HD 163482
17 58 44 -40 09 05 HD 324755
17 58 50 -44 58 41 HD 163457
