17 44 33 -27 27 35 HD 161004
17 45 51 -28 04 01 HD 161229
17 46 32 -22 41 42 HD 161375
17 48 08 -22 11 16 SAO 185767
17 49 54 -20 00 29 PPM 733503
17 51 00 -29 16 48 HD 162120
17 52 33 -28 28 49 HD 162438
17 52 49 -27 01 49 HD 162511
17 53 34 -22 20 44 HD 162694
17 53 43 -26 39 58 CD -26 12489
17 54 51 -19 11 31 BD -19 04737
17 58 34 -23 58 56 ADS 10917
17 59 16 -36 51 30 HR 6691
17 59 24 -30 15 11 HR 6694
17 59 28 -24 25 41 HD 163812
17 59 33 -36 56 20 V1647 Sgr
18 00 46 -22 35 24 PPM 733608
18 00 49 -23 41 16 CCDM 18005-2341
18 01 24 -20 48 10 PPM 267671
18 01 37 -30 09 50 HD 164199
18 02 22 -27 30 53 HD 164404
18 02 42 -23 01 50 HD 164492
18 02 57 -24 15 18 HD 164536
18 04 10 -19 13 05 HD 312561
18 04 35 -22 29 38 HD 164883
18 04 37 -22 38 53 CCDM 18043-2239
18 04 58 -19 36 21 BD -19 04825
18 05 00 -24 20 55 HD 164947
18 05 10 -35 54 03 HR 6739
18 05 44 -23 00 18 HD 313846
18 05 45 -29 29 47 CCDM 18054-2930
18 06 01 -34 36 54 HD 165085
18 06 05 -36 34 43 HD 165063
18 06 34 -19 40 33 CCDM 18063-1941
18 06 41 -34 18 51 HD 165210
18 07 01 -22 03 27 CCDM 18067-2204
18 07 23 -22 23 39 CCDM 18071-2224
18 07 31 -18 54 18 HIP 88762
18 07 49 -22 05 50 HD 313810
18 08 27 -22 16 24 HD 165689
18 08 39 -18 55 47 HD 165744
18 08 54 -27 51 47 HIP 88864
18 09 13 -25 28 19 V3792 Sgr
18 09 34 -26 06 56 HD 165896
18 10 16 -21 57 11 BD -21 04877
18 10 21 -35 34 58 HD 165956
18 10 25 -30 43 39 HR 6780
18 10 51 -16 44 52 HD 166286
18 11 02 -17 08 33 HD 166305
18 11 33 -19 50 26 HR 6798
18 12 00 -16 04 41 SAO 161161
18 12 01 -23 41 59 11 Sgr
18 11 58 -24 03 29 HD 166445
18 12 12 -26 19 38 CCDM 18119-2620
18 12 33 -32 16 49 HD 166484
18 12 48 -18 51 36 HD 166668
18 13 06 -16 17 39 HD 166763
18 13 13 -35 12 33 HD 166593
18 13 24 -20 24 21 CCDM 18131-2024
18 13 54 -21 01 44 BD -21 04905
18 13 59 -18 49 30 HD 166934
18 14 04 -21 03 26 Mu Sgr
18 14 18 -20 52 16 CCDM 18140-2052
18 14 35 -35 24 41 HD 166905
18 15 34 -36 23 12 HD 167073
18 15 35 -18 59 27 HD 167287
18 15 42 -16 22 50 CCDM 18154-1623
18 15 42 -16 47 38 HD 167334
18 16 30 -31 09 26 HD 167363
18 16 51 -26 01 41 CCDM 18165-2602
18 16 52 -23 54 02 HD 167503
18 17 08 -25 00 12 HD 167550
18 17 56 -34 06 18 RS Sgr
18 17 58 -36 45 34 Eta Sgr
18 18 09 -18 47 47 HD 167863
18 18 16 -18 42 01 HD 167884
18 18 34 -32 27 23 HD 167798
18 18 52 -35 02 53 HIP 89710
18 19 01 -18 37 03 HR 6848
18 19 25 -26 44 11 HD 168085
18 22 44 -22 01 19 CCDM 18224-2201
18 23 07 -17 26 39 HD 168897
18 24 46 -29 32 29 HD 317501
18 25 08 -36 42 13 HD 169122
18 25 40 -16 30 19 HD 169457
18 25 39 -20 32 19 21 Sgr
18 25 57 -21 02 07 HD 169475
18 25 59 -27 23 35 HD 169424
18 26 32 -18 46 45 CCDM 18262-1847
18 27 38 -21 39 22 HD 169806
18 28 04 -32 06 44 HD 169788
18 28 18 -21 35 11 HD 169965
18 28 26 -20 47 55 HD 170015
18 28 28 -21 14 07 HD 170016
18 29 09 -21 21 49 HD 170163
18 29 15 -25 02 21 HIP 90574
18 29 16 -26 34 42 HR 6926
18 30 56 -36 24 11 HIP 90724
18 31 25 -32 59 07 HR 6936
18 32 11 -19 07 16 U Sgr
18 33 21 -19 17 22 CP -19 06927
18 34 17 -19 28 30 HD 171172
18 34 43 -31 09 09 HD 171136
18 34 47 -34 48 42 HIP 91054
18 35 28 -21 40 08 HD 171334
18 36 11 -28 48 44 HD 171396
18 36 57 -20 18 34 HD 171611
18 38 34 -25 25 00 HD 171878
18 38 54 -21 48 51 CCDM 18386-2149
18 39 47 -21 00 59 HD 172157
18 40 11 -25 30 00 HD 172193
18 40 50 -29 52 34 HD 172258
18 41 17 -35 06 23 HD 172300
18 44 15 -19 53 11 HD 172987
18 45 03 -25 47 33 HIP 91967
18 49 01 -17 01 48 HD 173927
18 49 13 -26 02 28 HIP 92314
18 49 45 -29 04 19 HIP 92363
18 50 06 -16 54 49 HD 174144
18 50 12 -31 19 54 HD 174035
18 50 32 -26 47 29 HD 174149
18 51 18 -17 46 59 HD 174400
18 51 37 -22 00 45 HD 174424
18 52 51 -31 40 11 CD -31 16073
18 54 28 -22 44 18 Nu 1 Sgr
18 54 30 -22 58 21 HD 174975
18 55 35 -26 17 24 Nunki
18 56 10 -17 34 27 HD 175413
18 57 17 -33 19 21 HD 175478
18 57 27 -23 51 33 HIP 93039
19 00 41 -36 15 28 HD 176150
19 00 52 -29 07 01 CD -29 15602
19 01 16 -24 38 48 HD 176365
19 02 16 -34 47 47 HD 176496
19 02 51 -28 38 14 HIP 93500
19 02 56 -29 52 21 Ascella
19 03 03 -36 05 20 HD 176616
19 03 22 -19 14 17 HR 7203
19 04 19 -33 41 44 CCDM 19040-3342
19 04 27 -35 05 16 HD 176960
19 04 30 -22 33 07 HD 177118
19 04 32 -22 53 19 HD 177120
19 05 45 -36 09 49 HD 177244
19 06 23 -27 20 10 SAO 187665
19 06 27 -20 55 39 CCDM 19062-2056
19 07 09 -16 13 16 HR 7239
19 07 47 -36 21 56 SAO 210945
19 08 27 -26 49 36 HD 178049
19 08 51 -30 57 52 HD 178076
19 09 05 -33 47 09 HD 178078
19 09 03 -35 25 00 HD 178080
19 10 25 -29 06 08 HD 178528
19 11 08 -12 08 06 HD 178881
19 11 33 -17 25 24 SAO 162285
19 12 57 -20 01 43 HD 179268
19 13 04 -33 50 15 HD 179117
19 13 33 -30 55 00 SAO 211057
19 13 43 -14 26 17 HD 179518
19 14 59 -27 18 43 HD 179725
19 15 08 -17 20 17 HD 179853
19 15 37 -34 16 43 HD 179771
19 16 42 -25 19 59 HD 180132
19 17 57 -15 57 29 HD 180562
19 18 23 -15 56 40 HIP 94855
19 18 29 -18 51 16 HD 180699
19 19 26 -33 08 56 HIP 94938
19 21 13 -33 02 36 HD 181199
19 21 25 -39 20 22 HD 181157
19 21 55 -19 13 29 HR 7339
19 23 00 -44 26 57 Beta 1 Sgr
19 23 12 -17 58 46 HD 181891
19 23 43 -17 59 22 SAO 162554
19 23 50 -34 31 01 HD 181842
19 24 42 -13 59 27 HD 182260
19 24 56 -32 52 44 HD 182138
19 25 07 -14 37 31 HD 182363
19 25 23 -29 17 58 HR 7360
19 25 26 -32 13 36 HD 182265
19 26 34 -15 11 33 HD 182660
19 26 39 -27 40 38 HD 182579
19 26 44 -13 07 18 HD 182703
19 27 31 -39 52 15 HD 182604
19 27 52 -31 22 25 HD 182798
19 28 11 -29 29 18 HD 182878
19 28 43 -43 52 28 HD 182821
19 29 00 -31 59 18 HD 183002
19 29 43 -29 41 49 HD 183175
19 30 11 -26 58 30 HR 7398
19 30 26 -15 17 51 HD 183447
19 31 50 -20 52 18 HD 183696
19 34 08 -27 02 06 HD 184080
19 34 15 -16 15 46 HD 184223
19 35 31 -41 24 44 HIP 96336
19 35 57 -23 17 52 HD 184494
19 37 00 -24 52 20 52 Sgr
19 38 10 -23 50 56 HD 184968
19 38 15 -26 57 07 HD 184953
19 38 45 -36 01 30 HD 184988
19 39 10 -43 01 42 HD 184972
19 39 30 -16 53 46 HD 185344
19 40 01 -39 44 05 HIP 96719
19 41 00 -16 16 53 54 Sgr
19 41 17 -29 22 33 HD 185593
19 42 21 -30 18 51 HD 185791
19 42 48 -16 06 43 55 Sgr
19 43 02 -16 13 45 SAO 162918
19 44 06 -44 17 32 HD 185994
19 45 00 -20 27 32 HD 186388
19 45 36 -13 13 30 HD 186509
19 45 46 -23 18 05 HD 186480
19 46 16 -25 31 01 HD 186524
19 46 48 -21 30 38 HD 186666
19 47 49 -21 48 55 HIP 97383
19 48 19 -14 33 17 HD 186967
19 50 05 -34 14 39 HD 187155
19 50 14 -23 42 20 HD 187248
19 50 56 -24 26 19 HD 187382
19 51 01 -41 50 47 HD 187211
19 51 30 -36 53 01 HD 187387
19 51 36 -27 09 46 HD 187495
19 52 14 -36 31 15 HD 187560
19 53 26 -21 24 49 SAO 188674
19 53 45 -30 15 22 HD 187887
19 54 36 -23 55 40 HR 7578
19 55 16 -23 50 57 HD 188223
19 56 33 -13 19 54 SAO 163117
19 57 01 -36 04 53 PPM 299559
19 57 33 -40 33 51 HD 188518
19 57 44 -34 48 43 CCDM 19574-3450
19 58 06 -21 30 47 PPM 735778
19 59 14 -13 17 07 SAO 163154
19 59 51 -17 36 38 HD 189219
19 59 57 -38 11 59 HD 189056
20 00 10 -34 41 02 Theta 2 Sgr
20 01 11 -27 10 03 HD 189400
20 01 45 -44 21 38 HD 189342
20 02 09 -17 32 09 HD 189679
20 06 29 -33 39 10 SAO 211805
20 06 39 -43 12 05 HD 190333
20 06 42 -13 21 13 HD 190640
20 07 03 -12 54 44 HD 190723
20 07 43 -29 42 22 HD 190727
20 09 21 -38 42 32 HD 190981
20 09 23 -44 50 53 HD 190897
20 13 09 -34 53 28 HD 191756
20 14 01 -34 06 11 HD 191957
20 14 16 -28 06 47 SAO 189047
20 17 14 -32 35 31 HIP 99966
20 17 38 -36 36 49 HD 192653
20 18 10 -40 10 08 HD 192724
20 20 33 -29 06 54 HD 193244
20 20 46 -29 10 52 HR 7764
20 22 07 -36 53 07 HD 193465
20 22 35 -36 30 24 HD 193569
20 23 14 -30 06 52 HD 193748
20 23 24 -33 01 55 HD 193749
20 23 46 -28 25 47 HD 193848
20 24 59 -34 43 41 CD -35 14097
20 27 00 -39 54 26 HD 194367
20 27 12 -37 23 10 HR 7808
20 28 20 -42 36 11 HD 194570
