08 16 16 +60 21 54 HR 3221
08 17 17 +61 22 26 SAO 14485
08 17 31 +69 16 54 ADS 6685
08 21 13 +72 23 28 HR 3236
08 23 49 +68 25 00 HD 69804
08 25 08 +65 27 22 SAO 14533
08 25 16 +64 08 14 SAO 14536
08 25 29 +67 23 53 SAO 14535
08 28 04 +62 34 14 HD 70822
08 30 41 +60 42 04 Muscida
08 35 50 +66 15 12 HD 72167
08 36 22 +47 06 27 SAO 42440
08 36 54 +67 16 39 PPM 16691
08 40 37 +51 46 23 SAO 26952
08 42 24 +62 00 19 SAO 14630
08 43 23 +49 17 03 HD 73932
08 43 46 +48 50 36 HD 74010
08 47 13 +57 40 47 HD 237747
08 47 43 +64 21 13 SAO 14661
08 49 25 +72 00 07 HD 74358
08 49 37 +63 10 41 SAO 14669
08 51 04 +49 19 41 HD 75214
08 51 49 +57 30 30 HIP 43485
08 52 20 +63 06 19 BD +63 00804
08 52 27 +47 32 42 HD 75488
08 55 00 +49 53 04 HD 233581
08 55 37 +46 55 20 SAO 42596
08 56 17 +64 57 12 AC UMa
08 59 26 +63 24 32 HD 76362
08 59 34 +48 01 20 Talitha
08 59 46 +53 57 07 HD 76594
09 02 20 +47 20 36 HD 77078
09 06 00 +50 16 29 HD 77636
09 08 06 +64 57 53 HD 77725
09 10 39 +52 21 52 HD 78449
09 10 50 +67 06 48 Sigma 2 UMa
09 11 19 +63 29 35 Tau UMa
09 13 04 +61 55 14 SAO 14805
09 13 10 +61 39 18 HD 78767
09 13 59 +46 58 10 HD 79107
09 14 44 +52 39 57 HD 79210
09 18 55 +52 29 45 CCDM 9186+5231
09 19 17 +44 37 43 HD 80043
09 21 09 +61 19 41 HD 80142
09 21 05 +51 14 41 HR 3697
09 23 00 +62 49 19 HD 80460
09 23 01 +50 34 56 HD 80607
09 22 52 +49 31 24 HD 80608
09 24 33 +47 54 48 HD 80939
09 25 17 +51 33 08 HR 3725
09 25 59 +53 59 39 HD 81104
09 27 21 +64 19 17 HD 81161
09 29 00 +45 34 46 HR 3743
09 29 31 +43 16 21 SAO 42884
09 30 21 +42 14 29 HD 81939
09 31 01 +45 00 34 HD 82009
09 31 16 +44 39 42 HD 82040
09 31 35 +67 31 08 HD 81787
09 31 55 +63 02 23 23 UMa
09 33 19 +56 13 39 HD 237815
09 34 45 +66 46 21 HD 82285
09 35 36 +60 52 10 HD 82569
09 36 03 +53 16 19 HD 82740
09 36 00 +50 03 04 HD 233652
09 37 11 +57 53 20 HD 237822
09 38 31 +62 47 30 SAO 14944
09 45 20 +43 12 20 HD 84237
09 47 49 +45 50 37 ADS 7515
09 47 56 +50 55 53 HIP 48041
09 51 15 +58 10 41 HD 84981
09 53 37 +50 35 51 HD 85439
09 55 27 +68 54 56 SAO 15018
09 55 28 +68 52 40 HD 85458
09 56 17 +51 10 01 HD 85830
09 57 34 +45 52 44 HD 86057
09 58 09 +58 13 13 HD 237851
10 00 13 +59 37 35 PPM 32418
10 02 11 +42 46 35 HD 86792
10 02 28 +58 08 26 CCDM 10021+5810
10 03 20 +68 45 42 HD 86677
10 05 15 +55 27 48 HD 87194
10 06 48 +43 31 39 HD 87499
10 07 39 +59 06 07 HD 87511
10 08 56 +68 24 46 HD 87598
10 09 24 +64 25 12 HIP 49716
10 11 42 +49 25 46 HD 88230
10 17 00 +57 35 15 HD 88880
10 18 15 +71 02 09 HR 4021
10 19 10 +44 01 23 HD 89269
10 21 07 +58 34 52 HD 89413
10 21 52 +46 07 37 HIP 50733
10 22 19 +43 52 48 HD 89686
10 23 31 +61 35 15 BD +62 01122
10 24 23 +40 32 16 HD 90007
10 24 48 +40 06 24 SAO 43325
10 25 59 +40 53 07 HD 90224
10 26 18 +52 35 46 HIP 51062
10 28 39 +40 11 06 SAO 43354
10 28 49 +47 31 30 BD +48 01868
10 30 30 +50 58 03 HD 90806
10 30 42 +56 19 47 HD 90804
10 30 57 +55 57 17 36 UMa
10 37 20 +42 06 16 HD 91841
10 38 15 +44 05 55 SAO 43412
10 38 39 +60 05 54 HD 91948
10 40 52 +42 07 38 HD 92370
10 42 17 +46 37 26 HD 92539
10 43 12 +46 39 51 HD 92684
10 43 10 +50 46 22 HD 92668
10 43 31 +44 36 07 SAO 43440
10 43 51 +46 10 39 HR 4191
10 45 34 +44 56 36 HD 93013
10 48 04 +65 26 01 HD 93270
10 53 30 +43 57 04 SAO 43505
10 53 52 +69 49 38 HR 4243
10 53 55 +47 12 15 SAO 43508
10 54 48 +47 27 59 HD 94399
10 54 55 +43 33 23 HD 94424
10 55 19 +52 05 42 HD 94435
10 56 27 +48 00 06 HD 94632
10 58 43 +37 00 06 HD 94979
11 00 07 +58 52 46 HD 95098
11 00 59 +42 42 16 HD 95296
11 01 55 +66 25 22 HD 95294
11 03 13 +35 39 00 HD 95658
11 03 37 +35 56 35 Lalande 21185
11 03 56 +44 18 10 HD 95768
11 04 48 +38 12 52 51 UMa
11 05 59 +62 35 24 HD 96027
11 08 17 +52 47 40 HD 96527
11 08 54 +68 22 24 CCDM 11086+6824
11 09 31 +62 28 13 HD 96676
11 11 03 +64 41 07 HD 96949
11 11 21 +30 25 08 HIP 54646
11 11 39 +65 59 10 HD 97033
11 12 06 +42 48 18 HD 97194
11 12 48 +35 47 13 HR 4345
11 13 31 +38 09 06 PPM 75741
11 13 57 +41 03 42 HR 4351
11 15 55 +59 45 05 HD 97772
11 16 01 +45 49 40 HD 97812
11 16 21 +52 44 45 HR 4363
11 17 51 +58 58 18 ADS 8116
11 18 27 +31 30 07 HD 98231
11 18 45 +33 04 01 Alula Borealis
11 19 05 +66 39 24 HD 98196
11 19 02 +35 04 19 CCDM 11188+3506
11 19 15 +51 16 34 HD 98295
11 19 46 +47 26 35 HD 98375
11 21 52 +36 45 33 PPM 75820
11 22 23 +37 03 36 HD 98744
11 23 20 +64 41 16 SAO 15487
11 26 48 +59 22 07 BD +60 01328
11 27 55 +46 15 54 HD 99559
11 28 12 +44 32 18 HD 99607
11 29 20 +39 18 34 57 UMa
11 30 20 +29 56 14 AW UMa
11 31 36 +59 40 24 HD 100054
11 32 37 +56 04 04 HD 100214
11 32 37 +33 21 28 SAO 62592
11 33 08 +60 02 21 ADS 8203
11 33 10 +55 23 27 HD 100284
11 33 36 +57 46 41 HD 238013
11 35 29 +35 22 41 HD 100654
11 36 52 +56 06 27 HD 100831
11 37 24 +40 38 36 HD 100919
11 39 01 +45 04 50 HR 4486
11 39 06 +64 19 09 HR 4481
11 39 13 +41 06 55 HD 101207
11 39 40 +52 09 35 HD 101254
11 41 19 +34 10 26 61 UMa
11 41 42 +58 53 46 HD 101548
11 41 50 +31 43 06 62 UMa
11 42 30 +39 37 55 HD 101675
11 43 15 +64 19 39 HD 101739
11 44 34 +38 58 45 HD 101977
11 45 48 +45 34 33 HD 102130
11 47 02 +59 48 11 HIP 57465
11 47 17 +53 15 27 HD 102342
11 48 06 +49 47 43 HD 102481
11 49 12 +33 40 26 HIP 57624
11 51 26 +33 20 50 HR 4545
11 51 59 +44 46 13 HIP 57845
11 53 08 +30 47 58 SAO 62741
11 55 22 +46 26 57 65 UMa
11 56 21 +45 31 05 HD 103626
11 56 32 +35 25 13 HD 103659
11 57 09 +40 19 42 HD 103739
11 58 22 +32 14 46 HR 4574
12 00 25 +36 42 07 HD 104204
12 00 51 +43 35 37 HD 104278
12 02 22 +43 01 04 67 UMa
12 03 51 +33 02 29 HD 104726
12 04 14 +64 27 29 PPM 18104
12 05 50 +52 50 52 HD 105030
12 05 49 +51 54 12 HD 105031
12 05 55 +62 54 19 HR 4610
12 06 24 +38 48 02 SAO 62837
12 08 22 +55 26 11 HD 105421
12 10 20 +46 33 54 BD +47 01933
12 11 43 +53 23 37 HD 105963
12 15 41 +57 00 17 Megrez
12 19 09 +56 20 27 HIP 60047
12 22 27 +58 03 19 HD 238107
12 36 03 +56 33 03 HD 109654
12 38 43 +57 53 28 CCDM 12385+5755
12 55 13 +58 08 00 HD 112311
12 56 31 +54 04 21 HR 4917
12 58 40 +58 20 48 HD 112798
13 00 57 +56 20 22 78 UMa
13 02 51 +56 23 35 HD 238185
13 10 02 +62 12 09 HR 4974
13 12 50 +58 25 22 HD 114913
13 13 49 +56 40 55 HD 115043
13 18 35 +54 18 28 HD 238213
13 21 30 +53 19 44 HD 234031
13 24 07 +54 53 57 Mizar
13 28 38 +59 55 12 HR 5085
13 29 15 +56 12 27 HD 117417
13 30 10 +60 19 39 HD 117587
13 35 14 +56 19 57 HD 238256
13 35 36 +59 53 27 BD +60 01474
13 35 51 +49 37 50 HD 118376
13 37 55 +50 41 22 HR 5133
13 40 35 +50 29 39 HR 5148
13 40 55 +59 42 12 HD 119273
13 43 11 +50 00 06 HD 119583
13 57 51 +51 58 10 HD 121995
13 59 06 +53 04 56 HD 122200
14 00 27 +58 41 46 HD 238309
14 02 11 +57 12 03 HD 122740
14 06 55 +59 44 52 SAO 16279
14 13 11 +55 18 07 HIP 69442
14 14 21 +59 13 10 HD 124913
14 16 10 +56 39 58 HD 125193
14 22 02 +62 14 08 HD 126243
