08 03 38 -50 27 34 HD 66972
08 04 29 -47 47 45 HD 67128
08 05 21 -45 25 17 SAO 219391
08 09 26 -51 01 38 HD 68276
08 09 41 -47 21 06 Suhail al Muhlif
08 12 13 -46 13 32 HD 68807
08 13 46 -45 58 33 HD 69130
08 13 45 -47 00 25 HR 3244
08 14 02 -52 23 50 HD 69306
08 14 28 -43 42 35 HD 69238
08 14 34 -45 50 59 HR 3250
08 17 33 -50 15 52 HD 70008
08 18 29 -47 08 58 HD 70142
08 19 04 -45 03 07 HD 70218
08 19 15 -48 12 49 HD 70309
08 19 16 -50 17 16 HD 70332
08 22 51 -44 52 10 SAO 219850
08 22 51 -48 12 51 CCDM 8227-4812
08 24 58 -47 28 18 HD 71316
08 25 06 -44 19 02 HD 71304
08 25 40 -51 44 38 HR 3330
08 26 44 -43 57 48 HD 71585
08 27 42 -50 20 56 HD 71861
08 29 02 -42 36 16 HD 72014
08 29 14 -47 56 45 HIP 41616
08 29 37 -44 44 30 HR 3359
08 30 17 -52 06 55 HD 72373
08 30 45 -40 31 43 HD 72318
08 30 49 -44 45 15 HR 3371
08 30 57 -41 31 55 HD 72348
08 31 36 -39 04 52 HR 3373
08 31 59 -42 03 02 HD 72535
08 32 25 -50 59 19 HD 72736
08 33 12 -45 46 12 HD 72798
08 33 07 -49 17 55 HD 72839
08 33 58 -49 57 27 HD 73012
08 34 19 -46 33 24 HD 73011
08 34 40 -37 37 43 HR 3399
08 34 46 -44 27 21 HD 73076
08 34 55 -48 50 27 HD 73140
08 35 17 -45 14 47 HD 73153
08 35 28 -46 14 48 HD 73203
08 35 46 -48 33 57 HD 73286
08 36 08 -53 37 55 HD 73423
08 36 51 -47 31 02 HD 73461
08 37 10 -45 18 26 SAO 220187
08 37 19 -49 26 34 HD 73609
08 37 38 -53 36 34 HD 73740
08 38 37 -46 47 39 HD 73813
08 38 31 -51 09 22 HD 73850
08 39 14 -46 14 41 HD 73919
08 40 07 -53 04 21 HR 3442
08 40 30 -40 16 55 HR 3439
08 40 32 -42 24 26 HD 74105
08 40 48 -46 40 00 HR 3445
08 40 45 -47 15 14 SAO 220263
08 41 06 -48 43 47 HD 74253
08 41 45 -44 16 07 HD 74318
08 42 34 -53 07 55 HY Vel
08 42 58 -48 14 37 HD 74581
08 43 30 -38 42 49 HD 74555
08 44 35 -42 40 03 HR 3477
08 44 51 -41 17 44 HD 74804
08 44 50 -54 43 38 Delta Vel
08 45 59 -42 38 16 CD -42 04593
08 46 19 -47 24 49 HD 75103
08 46 44 -42 35 06 HIP 43085
08 47 12 -47 09 25 HD 75242
08 47 28 -42 37 13 HD 75240
08 47 55 -38 57 36 HD 75271
08 48 48 -39 02 22 HD 75424
08 48 54 -46 02 26 CD -45 04572
08 49 31 -46 09 43 SAO 220528
08 49 51 -42 50 32 SAO 220537
08 49 54 -54 02 26 HD 75792
08 50 06 -40 23 58 HD 75674
08 50 43 -46 32 53 HR 3527
08 50 56 -54 07 55 HD 75948
08 51 04 -43 46 13 HD 75860
08 52 50 -52 08 53 HR 3542
08 53 03 -38 13 10 HD 76127
08 52 59 -41 26 58 HD 76128
08 54 08 -41 50 46 SAO 220634
08 54 30 -48 56 47 CD -48 04225
08 55 20 -43 29 09 HD 76534
08 55 19 -46 22 48 HD 76567
08 55 33 -46 54 37 HD 76589
08 56 19 -55 32 52 HD 76824
08 56 28 -52 44 35 HR 3574
08 56 34 -53 49 15 HD 76822
08 56 42 -50 32 27 HD 76821
08 57 19 -43 16 32 HD 76838
08 57 54 -43 33 56 HD 76940
09 00 11 -49 34 40 HD 77321
09 00 47 -49 00 39 HD 77434
09 01 40 -44 16 09 HD 77521
09 03 55 -38 12 14 HD 77864
09 04 41 -56 21 40 HD 78190
09 04 57 -45 52 54 HD 78116
09 06 18 -38 54 21 HD 78287
09 06 30 -48 12 02 HD 78400
09 07 34 -43 58 31 HD 78547
09 07 45 -39 51 09 HD 78564
09 08 46 -48 42 24 HD 78837
09 09 32 -47 45 11 HD 78962
09 10 07 -44 11 47 HD 79021
09 10 10 -37 32 10 HD 78974
09 10 38 -53 54 18 HD 299878
09 10 45 -42 22 36 HD 79088
09 11 01 -45 19 45 HIP 45072
09 12 12 -53 58 58 HD 79446
09 12 42 -43 38 03 HR 3661
09 14 21 -50 22 10 HD 79774
09 14 35 -43 14 54 HR 3674
09 14 34 -55 00 46 HD 299935
09 15 16 -46 23 19 HD 79882
09 16 45 -55 06 48 HD 299939
09 18 04 -51 59 57 HD 80434
09 23 19 -56 01 06 HD 300007
09 23 43 -54 54 48 HD 299994
09 25 31 -48 17 44 HD 81651
09 25 46 -53 16 25 HD 81734
09 26 03 -53 55 14 CP -53 02397
09 26 10 -44 00 17 HD 81717
09 28 38 -49 30 34 HD 82123
09 28 45 -45 31 11 HD 82109
09 29 30 -44 33 39 HD 82207
09 31 06 -55 39 30 HD 82597
09 32 03 -56 02 50 HD 300133
09 32 22 -56 01 38 HIP 46803
09 33 10 -42 48 24 HD 82786
09 33 27 -53 28 37 HD 82933
09 33 56 -49 01 38 HIP 46914
09 33 50 -49 46 49 HD 82965
09 35 33 -49 01 34 HD 83233
09 36 37 -46 47 54 HD 83357
09 36 36 -48 46 25 IM Vel
09 36 46 -48 02 55 HD 83386
09 37 40 -50 00 48 HD 83529
09 38 15 -56 59 01 HD 83678
09 39 34 -45 47 56 HD 83779
09 39 53 -41 40 49 HD 83797
09 40 56 -52 19 01 HD 84057
09 41 04 -49 14 49 HD 84045
09 41 25 -51 10 51 HIP 47520
09 42 02 -54 14 24 HD 84227
09 42 51 -55 51 18 HIP 47625
09 44 21 -47 45 16 HD 84479
09 45 03 -55 06 52 HD 84645
09 45 13 -49 30 37 HD 84612
09 45 56 -41 41 25 HIP 47898
09 46 21 -45 56 29 HD 84774
09 47 13 -52 03 47 SAO 237337
09 48 55 -44 55 33 HD 85151
09 50 09 -45 45 23 HR 3898
09 50 22 -49 38 37 HD 85409
09 50 37 -50 12 09 HD 297620
09 51 27 -53 12 09 HD 85595
09 51 50 -42 32 32 HD 85579
09 53 35 -51 31 39 HD 85889
09 54 30 -45 18 27 HR 3925
09 54 59 -52 06 46 SAO 237481
09 55 32 -54 04 15 HD 86212
09 57 24 -49 53 39 HD 86439
09 57 55 -48 26 17 HR 3943
09 59 38 -44 58 47 HD 86754
09 59 38 -50 02 23 HD 86785
10 01 22 -56 07 15 HD 87122
10 02 17 -55 00 21 HD 87254
10 03 21 -52 04 14 HD 87364
10 04 22 -42 42 03 HIP 49332
10 04 39 -51 49 22 HD 87580
10 05 18 -45 55 14 HD 87640
10 07 19 -54 35 18 HD 87986
10 08 27 -54 47 47 HIP 49659
10 08 41 -45 01 44 HD 88101
10 08 43 -52 51 06 HD 88157
10 10 22 -45 48 51 HD 88349
10 12 18 -55 08 45 HD 88672
10 13 08 -47 30 00 HD 88746
10 13 33 -50 55 57 HD 88813
10 16 08 -44 15 52 HD 89120
10 17 26 -41 32 23 HD 89301
10 19 13 -56 02 46 HIP 50518
10 20 04 -51 35 35 HD 89713
10 21 06 -56 04 07 HR 4074
10 21 30 -54 05 12 HD 89923
10 21 32 -51 46 00 HD 89915
10 22 03 -44 32 11 HIP 50754
10 22 32 -47 59 51 HD 90034
10 25 11 -45 05 44 HD 90351
10 26 23 -50 07 36 HD 90550
10 26 31 -55 30 09 HD 90613
10 27 20 -49 48 47 HD 90692
10 27 26 -47 25 48 HD 90671
10 28 31 -52 35 14 HD 90885
10 29 11 -49 00 51 HD 90941
10 30 18 -47 22 48 HD 91099
10 30 56 -54 30 26 HD 91242
10 31 26 -42 15 19 HD 91239
10 31 34 -53 44 29 HR 4134
10 32 04 -52 15 28 HD 91370
10 32 10 -45 05 33 HR 4135
10 33 10 -47 01 45 HR 4143
10 33 27 -55 24 46 HD 300791
10 33 45 -47 00 06 HD 91590
10 37 34 -51 50 18 HD 92162
10 38 51 -54 09 25 HD 92348
10 39 30 -55 37 46 HR 4180
10 40 08 -56 18 14 HD 92552
10 40 25 -47 00 06 HD 92531
10 41 04 -53 17 29 HD 92661
10 41 38 -54 07 58 HD 92738
10 42 45 -45 17 12 HIP 52393
10 43 39 -49 28 48 HD 92999
10 45 38 -43 43 45 HD 93264
10 45 42 -55 49 04 HD 93339
10 46 59 -49 26 48 Mu Vel
10 47 05 -41 57 46 HD 93476
10 49 06 -41 28 04 HD 93772
10 49 15 -43 49 38 HD 93804
10 49 14 -54 44 25 HD 93855
10 49 45 -41 36 40 HD 93866
10 50 48 -41 13 28 CP -40 04776
10 52 02 -48 05 51 HD 94241
10 52 07 -48 33 01 HD 94242
10 52 20 -56 11 11 HD 94314
10 52 30 -52 12 55 HD 94328
10 53 34 -43 17 37 HD 94417
10 53 56 -55 17 56 HD 94521
10 54 37 -57 08 31 HD 94626
10 56 06 -47 36 05 HD 94785
10 59 38 -43 09 32 HD 95262
11 00 44 -49 21 52 HD 95472
11 01 21 -52 14 05 HD 95582
11 03 18 -41 04 22 HD 95858
11 03 55 -53 57 40 HD 96023
11 05 20 -52 54 21 HD 96242
