11 38 39 -02 27 49 HR 4484
11 39 36 +06 08 18 SAO 118973
11 41 11 -02 48 26 HD 101515
11 42 37 +00 00 30 CCDM 11424+0002
11 43 32 +00 44 07 PPM 158140
11 48 24 -03 08 38 CCDM 11482-0307
11 50 57 +01 44 13 Zavijah
11 52 13 +08 48 08 HD 103047
11 52 39 +07 31 02 HD 103113
11 54 54 +09 42 12 PPM 158318
11 55 45 +03 30 56 HD 103561
11 56 52 -04 38 11 HD 103708
11 59 45 -11 37 58 HD 104115
12 01 37 +11 17 49 PPM 128722
12 01 43 -00 24 24 HD 104409
12 02 12 +00 04 28 HD 104484
12 03 47 -02 28 29 HD 104711
12 04 12 +03 19 49 HD 104770
12 04 33 +07 22 17 HD 104830
12 05 09 +09 08 40 HD 104924
12 05 50 -05 52 25 HD 105036
12 07 28 -06 06 42 HD 105265
12 10 35 -06 29 34 BD -05 03439
12 10 43 -02 16 10 HD 105757
12 10 56 -04 46 29 HD 105795
12 12 50 +10 44 38 HD 106115
12 14 42 +08 45 17 HD 106423
12 15 18 +09 57 47 SAO 100008
12 15 15 -01 21 16 HD 106498
12 15 19 +07 30 10 HD 106496
12 15 22 -07 17 06 HD 106515
12 16 04 +09 00 25 HD 106621
12 16 26 +04 40 59 HD 106693
12 16 42 +05 20 52 SAO 119301
12 18 25 -03 58 36 HR 4678
12 18 58 +11 46 06 HD 107068
12 21 23 -11 30 13 HD 107452
12 21 40 +03 08 00 CCDM 12214+0310
12 21 57 +03 31 22 HD 107552
12 22 47 +05 16 40 17 Vir
12 24 57 +02 23 44 HD 108025
12 27 16 -03 33 46 HD 108361
12 27 34 +07 12 50 HD 108424
12 27 40 +07 21 20 HD 108423
12 30 46 +11 39 50 PPM 129108
12 30 49 +09 41 18 HD 108875
12 30 49 +03 28 51 HD 108877
12 31 18 +02 04 54 HD 108930
12 31 30 +01 17 58 HD 108959
12 31 52 -11 05 59 HD 109005
12 33 44 +10 10 01 PPM 129143
12 34 48 +05 56 18 HD 109427
12 35 23 +07 24 55 HD 109499
12 36 13 +11 22 41 HD 109628
12 38 32 +03 28 30 PPM 159028
12 38 36 -11 32 40 HD 109875
12 38 58 -04 24 04 HD 109944
12 38 59 -05 21 19 HD 109930
12 39 03 +12 49 54 SAO 100188
12 39 31 -08 01 23 Chi Vir
12 41 09 +08 48 07 HD 110280
12 41 49 +10 23 56 27 Vir
12 41 55 -01 28 37 Porrima
12 42 03 +09 51 31 HD 110412
12 43 11 -02 16 42 HD 110536
12 43 25 -00 01 46 SAO 119551
12 44 03 +07 31 53 HIP 62112
12 44 14 +03 54 18 HD 110704
12 45 32 -03 54 55 HD 110886
12 46 09 +10 07 13 SAO 100242
12 46 34 +08 45 32 HD 111029
12 46 38 +09 30 45 33 Vir
12 47 29 +11 55 51 34 Vir
12 48 13 +12 15 33 SAO 100266
12 49 07 +12 04 09 HD 111398
12 49 25 +07 36 38 PPM 159200
12 49 50 +03 47 28 HD 111484
12 50 00 +01 09 39 HD 111515
12 51 39 -10 21 56 HR 4877
12 51 56 -06 09 37 HD 111767
12 52 44 +07 10 51 HD 111908
12 55 32 -03 38 05 HD 112237
12 55 45 +11 28 08 HD 112278
12 55 51 +03 22 14 Auva
12 56 31 -04 53 27 HD 112372
12 56 55 +06 59 35 HD 112448
12 57 45 -09 47 18 HD 112517
12 58 05 -13 09 41 HD 112574
12 59 35 +06 28 44 HD 112815
13 00 20 +00 16 50 HD 112915
13 00 54 -06 35 27 PPM 196051
13 02 23 +07 15 10 HD 113214
13 02 24 -22 26 02 HD 113185
13 03 12 +10 24 41 HD 113350
13 03 39 -06 27 34 HD 113383
13 03 47 +09 26 32 SAO 119745
13 04 46 +08 37 35 HD 113563
13 05 14 +13 02 11 HD 113639
13 06 45 -04 22 04 HD 113830
13 07 02 -21 12 22 HD 113850
13 07 35 +00 33 30 HD 113984
13 07 49 +12 14 48 HD 114016
13 08 11 +01 18 41 PPM 159500
13 08 08 -19 03 44 HD 114020
13 08 48 +01 05 11 SAO 119785
13 08 46 -00 54 35 PPM 178973
13 08 45 -02 42 20 HD 114125
13 09 27 +08 46 21 PPM 159524
13 10 13 -05 33 56 Theta Vir
13 12 20 -16 13 30 53 Vir
13 13 10 -02 14 42 PPM 178989
13 13 29 -02 34 56 HD 114842
13 13 32 -15 29 13 HD 114827
13 13 43 -18 51 10 54 Vir
13 14 25 -16 35 06 HD 114944
13 14 46 +11 18 19 HR 4998
13 15 12 -11 23 45 HD 115080
13 15 30 -18 56 47 HIP 64660
13 16 43 -00 29 51 CCDM 13165-0028
13 17 08 +02 09 39 PPM 159622
13 17 14 -13 11 07 HD 115368
13 17 40 -21 33 52 HD 115428
13 18 40 -18 20 14 61 Vir
13 22 02 +05 47 59 PPM 159695
13 23 02 -13 12 45 HD 116275
13 23 32 -14 57 11 HIP 65319
13 23 54 +02 41 50 HD 116442
13 24 13 -20 57 03 HD 116429
13 24 26 -02 00 46 PPM 179037
13 24 30 -02 08 01 HD 116532
13 25 20 -15 39 29 HD 116622
13 25 33 +10 31 19 SAO 100558
13 25 31 +00 49 26 HD 116695
13 25 37 -07 36 36 HD 116681
13 27 24 -22 23 27 HD 116898
13 27 48 +06 53 05 SAO 119933
13 28 25 +09 26 07 HD 117114
13 28 41 +13 45 11 70 Vir
13 29 21 +11 26 37 SAO 100590
13 30 54 +09 17 29 HD 117498
13 32 41 -12 41 19 HD 117733
13 34 31 -00 20 22 HD 118036
13 34 34 -08 38 38 HD 118024
13 34 46 -13 27 38 HD 118039
13 35 44 -16 52 10 HD 118185
13 35 48 +10 10 46 HR 5114
13 37 51 -07 53 50 HIP 66465
13 37 52 -10 49 43 HD 118512
13 37 59 +02 21 25 HD 118578
13 42 45 +00 18 00 CCDM 13425+0020
13 43 00 -05 18 34 HD 119316
13 43 19 +03 30 46 84 Vir
13 43 46 -04 17 58 HD 119461
13 45 26 -03 20 25 HD 119750
13 45 36 -10 32 58 HD 119772
13 45 47 +03 28 59 HD 119843
13 49 13 -01 37 04 HD 120352
13 49 29 -03 01 45 HD 120384
13 49 54 +00 52 48 PPM 160086
13 55 14 -08 05 00 HR 5233
13 55 48 -09 32 54 HD 121444
13 56 23 -04 38 26 HD 121537
13 57 26 -12 34 04 SAO 158253
14 01 30 -10 24 05 HD 122289
14 01 54 +01 31 14 Tau Vir
14 03 24 -17 37 54 HD 122579
14 03 58 +02 41 13 PPM 160301
14 05 05 -06 34 35 HD 122911
14 05 56 -18 05 46 HD 123037
14 06 13 -13 05 50 HD 123103
14 08 20 -12 57 07 HD 123453
14 08 53 +06 00 16 HD 123615
14 09 26 +07 21 41 HD 123712
14 09 35 +04 37 55 HD 123726
14 09 57 -11 05 44 HD 123729
14 10 12 +03 59 31 HD 123861
14 10 44 -02 41 29 HD 123917
14 11 05 -14 49 28 HD 123932
14 11 37 -03 21 43 HD 124054
14 13 39 +05 22 39 SAO 120349
14 13 45 -09 01 17 HD 124389
14 14 25 -08 32 31 HD 124497
14 16 35 +06 03 29 HD 124929
14 16 42 +01 43 53 CCDM 14165+0145
14 17 22 +01 01 50 HD 125057
14 17 55 -20 46 52 HD 125063
14 18 17 -07 33 56 HR 5353
14 19 43 -18 32 47 HD 125379
14 19 48 -13 44 01 HIP 70011
14 22 55 -07 47 26 HIP 70269
14 27 13 +03 39 55 HD 126698
14 28 28 -02 15 01 Phi Vir
14 29 30 -01 44 15 SAO 139964
14 30 17 -03 44 34 PPM 197608
14 30 16 -04 16 10 HD 127168
14 30 21 +06 15 54 HD 127228
14 31 00 +04 45 01 HR 5424
14 31 59 +01 48 59 HD 127508
14 33 18 -02 54 25 CCDM 14330-0253
14 36 14 +00 11 53 HD 128272
14 37 43 +02 15 21 HD 128563
14 42 56 -05 59 08 HD 129431
14 43 03 +06 34 10 HD 129517
14 46 38 -07 24 05 HD 130089
14 47 20 +00 57 00 HD 130256
14 50 48 -00 02 41 HD 130850
14 54 05 -00 25 33 HD 131479
14 55 38 +06 45 53 HD 131786
14 57 48 -00 11 15 HR 5573
15 04 21 +05 28 24 HR 5610
15 06 10 +03 48 52 CCDM 15059+0350
15 08 54 +00 51 22 HD 134229
15 09 12 +01 40 13 HD 134285
15 09 18 +05 11 04 HD 134325
