00 07 33 +27 44 40 N0001 Gx 1.9 13p
00 07 33 +27 42 40 N0002 Gx 1.4 15p
00 07 33 +08 18 40 N0003 Gx 14p
00 07 39 +08 23 40 N0004 Gx
00 08 04 +35 22 40 N0005 Gx 14p
00 08 34 +32 31 40 N0006 -
00 08 39 -29 53 20 N0007 Gx 2.5
00 09 03 +23 51 40 N0008 D*
00 09 09 +23 50 40 N0009 Gx 1.5 15p
00 08 51 -33 50 20 N0010 Gx 2.7
00 08 58 +37 27 40 N0011 Gx 14p
00 08 57 +04 38 40 N0012 Gx 1.9 15p
00 09 04 +33 27 40 N0013 Gx 2.7 14p
00 09 03 +15 50 40 N0014 Gx 3.0 12p
00 09 21 +21 37 40 N0015 Gx 15p
00 09 22 +27 45 40 N0016 Gx 2.1 12.0
00 11 15 -12 04 20 N0017
00 09 40 +27 44 40 N0018 D*
00 09 40 +32 51 40 N0019 -
00 09 46 +33 20 40 N0020 Gx 2.0 15p
00 10 58 +33 00 40 N0021 Gx 1.4 14p
00 10 04 +27 51 40 N0022 Gx 15p
00 10 10 +25 56 40 N0023 Gx 2.3 12.0
00 10 09 -24 56 20 N0024 Gx 5.5 11.5
00 10 09 -57 01 20 N0025 Gx
00 10 40 +25 51 40 N0026 Gx 2.2 14p
00 10 46 +29 01 40 N0027 Gx 14p
00 10 33 -56 59 20 N0028 Gx
00 11 04 +33 22 40 N0029 Gx 1.8 14p
00 11 04 +21 58 40 N0030 D*
00 10 45 -56 58 20 N0031 Gx
00 11 09 +18 48 40 N0032 At
00 11 09 +03 41 40 N0033 D*
00 11 21 -12 04 20 N0034 Gx 13p
00 11 27 -11 58 20 N0035 Gx 14p
00 11 39 +06 24 40 N0036 Gx 2.4 15p
00 11 33 -56 56 20 N0037 Gx
00 12 09 -05 34 20 N0038 Gx 13p
00 12 34 +31 04 40 N0039 Gx 14p
00 13 17 +72 33 40 N0040 Pl 0.6 11p
00 13 04 +22 03 40 N0041 Gx 14p
00 13 10 +22 07 40 N0042 Gx 15p
00 13 16 +30 55 40 N0043 Gx 14p
00 13 22 +31 18 40 N0044 -
00 14 21 -23 09 20 N0045 Gx 8.1 10.4
00 14 21 +06 00 40 N0046 S*
00 14 45 -07 09 20 N0047 Gx 13p
00 14 16 +48 15 40 N0048 Gx 1.7 15p
00 14 34 +48 15 40 N0049 Gx 15p
00 14 57 -07 18 20 N0050 Gx
00 14 52 +48 16 40 N0051 Gx 1.8 15p
00 14 52 +18 34 40 N0052 Gx 14p
00 14 57 -60 18 20 N0053 Gx 2.1
00 15 21 -07 06 20 N0054 Gx 14p
00 15 09 -39 09 20 N0055 Gx 32.4 8p
00 15 39 +12 27 40 N0056 -
00 15 40 +17 19 40 N0057 Gx 13p
00 14 45 -07 08 20 N0058
00 15 45 -21 25 20 N0059 Gx 13p
00 16 15 -00 16 20 N0060 Gx 15p
00 16 45 -06 12 20 N0061 Gx 15p
00 17 21 -13 26 20 N0062 Gx 14p
00 17 57 +11 28 40 N0063 Gx 1.9 13p
00 17 45 -06 49 20 N0064 Gx 14p
00 19 21 -22 52 20 N0065 Gx 15p
00 19 27 -22 55 20 N0066 Gx 14p
00 18 28 +30 05 40 N0067 Gx 0.4 16p
00 18 34 +30 05 40 N0068 Gx 1.5 13.0
00 18 34 +30 03 40 N0069 Gx 0.4 14.8
00 18 40 +30 06 40 N0070 Gx 1.7 15p
00 18 40 +30 05 40 N0071 Gx 1.8 13.0
00 18 46 +30 03 40 N0072 Gx 1.4 13.4
00 19 03 -15 19 20 N0073 Gx 13p
00 19 10 +30 04 40 N0074 Gx 16p
00 19 45 +06 26 40 N0075 Gx 15p
00 19 52 +29 57 40 N0076 Gx 14p
00 20 15 -22 29 20 N0077
00 20 39 +00 50 40 N0078 Gx 14p
00 21 16 +22 35 40 N0079 Gx 15p
00 21 28 +22 22 40 N0080 Gx 2.5 12.1
00 21 28 +22 23 40 N0081 Gx
00 21 40 +22 27 40 N0082 Gx 1.3 14p
00 21 40 +22 27 40 N0083 Gx 1.6 12.6
00 21 46 +22 37 40 N0084 Gx 17p
00 21 40 +22 31 40 N0085 Gx 15p
00 21 46 +22 34 40 N0086 Gx 15p
00 21 27 -48 36 20 N0087 Gx
00 21 33 -48 37 20 N0088 Gx
00 21 33 -48 39 20 N0089 Gx
00 22 10 +22 26 40 N0090 S*
00 22 04 +22 26 40 N0091 Gx 2.5 15p
00 21 45 -48 36 20 N0092 Gx
00 22 16 +22 26 40 N0093 Gx 14p
00 22 28 +22 29 40 N0094 Gx 15p
00 22 27 +10 31 40 N0095 Gx 1.9 12.6
00 22 34 +22 34 40 N0096 Gx 17p
00 22 40 +29 45 40 N0097 Gx 13p
00 23 03 -45 14 20 N0098 Gx 1.8
00 24 16 +15 48 40 N0099 Gx 1.7 14p
00 24 16 +16 30 40 N0100 Gx 5.8
00 24 09 -32 32 20 N0101 Gx 13p
00 24 39 -13 55 20 N0102 Gx 14p
00 25 35 +61 22 40 N0103 OC 5 9.8
00 24 19 -72 03 20 N0104 Gb 30.9 4.0
00 25 34 +12 54 40 N0105 Gx 1.2 13.2
00 24 57 -05 08 20 N0106 Gx
00 25 51 -08 15 20 N0107 Gx
00 26 10 +29 14 40 N0108 Gx 13p
00 26 28 +21 50 40 N0109 Gx 15p
00 27 42 +71 24 39 N0110 OC
00 26 57 -02 36 20 N0111 -
00 26 58 +31 44 40 N0112 Gx 14p
00 27 15 -02 28 20 N0113 Gx 13p
00 27 21 -01 45 20 N0114 Gx 15p
00 27 03 -33 39 20 N0115 Gx
00 27 27 -07 40 20 N0116 Gx 14p
00 27 27 +01 20 40 N0117 Gx 15p
00 27 33 -01 45 20 N0118 Gx 15p
00 27 20 -56 57 20 N0119 Gx
00 27 45 -01 29 21 N0120 Gx 1.8 15p
00 27 01 -71 30 20 N0121 Gb 1.5 10.6
00 27 57 -01 36 21 N0122 ?
00 28 03 -01 34 21 N0123 ?
00 28 09 -01 47 21 N0124 Gx 1.6 14p
00 29 03 +02 51 39 N0125 Gx 2.0 12.3
00 29 21 +02 50 39 N0126 Gx 1.4 16p
00 29 27 +02 53 39 N0127 Gx 1.0 14.0
00 29 27 +02 52 39 N0128 Gx 3.4 11.6
00 30 11 +60 15 39 N0129 OC 21 6.5
00 29 33 +02 53 39 N0130 Gx 0.9 14.3
00 29 51 -33 14 21 N0131 Gx 2.1
00 30 27 +02 07 39 N0132 Gx 2.0 14p
00 31 29 +63 23 39 N0133 OC 7 9p
00 30 39 -33 13 21 N0134 Gx 8.1 10.1
00 32 03 -13 20 21 N0135
00 31 47 +61 33 39 N0136 OC 1
00 31 22 +10 12 39 N0137 Gx 14p
00 31 15 +05 11 39 N0138 Gx 15p
00 31 15 +05 06 39 N0139 Gx 15p
00 31 34 +30 48 39 N0140 Gx 14p
00 31 39 +05 12 39 N0141 Gx 15p
00 31 33 -22 35 21 N0142 Gx 14p
00 31 39 -22 32 21 N0143 Gx 15p
00 31 39 -22 37 21 N0144 Gx 14p
00 31 57 -05 07 21 N0145 Gx 1.8 12.8
00 33 23 +63 19 39 N0146 OC 7 9.1
00 33 28 +48 31 39 N0147 Gx 12.9 9.3
00 34 33 -31 45 21 N0148 Gx 2.4 12.1
00 33 58 +30 44 39 N0149 Gx 15p
00 34 33 -27 46 21 N0150 Gx 4.2 11.1
00 34 15 -09 40 21 N0151 Gx 3.7 11.5
00 33 00 -73 07 21 N0152 Gb 12p
00 34 15 -09 40 21 N0153
00 34 21 -12 37 21 N0154 Gx 14p
00 34 57 -10 44 21 N0155 Gx 13p
00 34 51 -08 19 21 N0156 D*
00 35 03 -08 22 21 N0157 Gx 4.3 10.4
00 35 09 -08 17 21 N0158 D?
00 34 50 -55 45 21 N0159 Gx
00 36 22 +23 58 39 N0160 Gx 3.2 12.4
00 35 45 -02 48 21 N0161 Gx 15p
00 36 22 +23 59 39 N0162 Gx
00 36 15 -10 05 21 N0163 Gx 1.4 12.8
00 36 45 +02 46 39 N0164 Gx 16p
00 36 45 -10 04 21 N0165 Gx 1.6 13.2
00 36 03 -13 35 21 N0166 Gx 15p
00 35 33 -23 20 21 N0167 Gx 13p
00 36 57 -22 34 21 N0168 Gx 14p
00 37 10 +24 00 39 N0169 Gx 3.0 13p
00 36 57 +01 52 39 N0170 Gx 15p
00 37 39 -19 54 21 N0171
00 37 33 -22 34 21 N0172 Gx 2.6
00 37 27 +01 57 39 N0173 Gx 3.5 15p
00 37 09 -29 27 21 N0174 Gx 14p
00 37 39 -19 54 21 N0175 Gx 2.6 12.1
00 36 00 -73 09 21 N0176 OC 12p
00 37 45 -22 32 21 N0177 Gx 13p
00 39 21 -14 08 21 N0178 Gx 2.0 12.6
00 38 03 -17 51 21 N0179 Gx 14p
00 38 16 +08 39 39 N0180 Gx 2.6 14p
00 38 28 +29 29 39 N0181 Gx 15p
00 38 27 +02 45 39 N0182 Gx 2.3 12.6
00 38 34 +29 31 39 N0183 Gx 14p
00 38 46 +29 27 39 N0184 Gx 15p
00 39 17 +48 21 39 N0185 Gx 11.5 9.2
00 38 45 +03 10 39 N0186 Gx 15p
00 39 51 -14 39 21 N0187 Gx 13p
00 44 31 +85 21 38 N0188 OC 14 8.1
00 39 53 +61 05 39 N0189 OC 4 8.8
00 39 10 +07 03 39 N0190 Gx 1.0 14p
00 39 15 -08 58 21 N0191 Gx 1.5 12p
00 39 33 +00 52 39 N0192 Gx 2.3 14p
00 39 33 +03 21 39 N0193 Gx 1.7 12.3
00 39 33 +03 03 39 N0194 Gx 1.9 12.1
00 39 51 -09 10 21 N0195 Gx 1.3
00 39 33 +00 55 39 N0196 Gx 14p
00 39 39 +00 54 39 N0197 Gx 15p
00 39 39 +02 49 39 N0198 Gx 1.3 12.8
00 39 51 +03 08 39 N0199 Gx 15p
00 39 51 +02 54 39 N0200 Gx 2.0 14p
00 39 57 +00 52 39 N0201 Gx 2.2 15p
00 39 57 +03 32 39 N0202 Gx 15p
00 39 57 +03 27 39 N0203 Gx 15p
00 40 03 +03 18 39 N0204 Gx 14p
00 40 40 +41 42 39 N0205 Gx 17.4 8.0
00 40 52 +40 45 39 N0206 CN
00 40 15 -14 16 21 N0207
00 40 39 +02 45 39 N0208 Gx 15p
00 39 21 -18 36 21 N0209 Gx 14p
00 40 51 -13 50 21 N0210 Gx 5.4 10.9
00 41 15 +03 27 39 N0211 S*
00 40 20 -56 08 21 N0212 Gx
00 41 28 +16 29 39 N0213 Gx 15p
00 41 46 +25 31 39 N0214 Gx 2.1 12.2
00 41 02 -56 11 21 N0215 Gx 1.2
00 41 39 -21 01 21 N0216 Gx 1.8 13.3
00 41 45 -10 00 21 N0217 Gx 3.3
00 42 04 +36 22 39 N0218 Gx 15p
00 42 33 +00 55 39 N0219 Gx 15p
00 40 41 -73 22 21 N0220 OC 11p
00 42 58 +40 53 38 N0221 Gx 7.6 8.2
00 40 47 -73 22 21 N0222 OC 11p
00 42 57 +00 52 38 N0223 Gx 14p
00 42 58 +41 17 38 N0224 Gx 178 3.5
00 43 42 +61 48 38 N0225 OC 12 7.0
00 43 04 +32 35 38 N0226 Gx 14p
00 42 51 -01 30 22 N0227 Gx 2.1 13p
00 43 04 +23 31 38 N0228 Gx 15p
00 43 16 +23 30 38 N0229 Gx 14p
00 42 39 -23 36 21 N0230 Gx 15p
00 41 11 -73 20 21 N0231 OC 12p
00 42 57 -23 32 22 N0232 Gx 14p
00 43 40 +30 36 38 N0233 Gx 14p
00 43 40 +14 21 38 N0234 Gx 13p
00 43 03 -23 31 22 N0235 Gx 14p
00 43 45 +02 57 38 N0236 Gx 14p
00 43 45 -00 05 22 N0237 Gx 1.8 14p
00 43 38 -50 09 22 N0238 Gx 1.9
00 44 51 -03 45 22 N0239
00 45 22 +06 09 38 N0240 Gx 15p
00 43 35 -73 24 22 N0241 -
00 43 47 -73 25 22 N0242 OC 12p
00 46 10 +29 57 38 N0243 Gx 14p
00 46 03 -15 34 22 N0244 Gx 1.3 13.3
00 46 21 -01 42 22 N0245 Gx 1.4 13p
00 47 15 -11 51 22 N0246 Pl 3.8 8p
00 47 21 -20 44 22 N0247 Gx 20.0 8.9
00 45 35 -73 21 22 N0248 Nb
00 45 35 -73 03 22 N0249 Nb
00 47 34 +07 56 38 N0250 Gx 15p
00 48 04 +19 35 38 N0251 Gx 14p
00 48 16 +27 39 38 N0252 Gx 1.8 13p
00 47 51 -25 15 22 N0253 Gx 25.1 7.1
00 47 45 -31 23 22 N0254 Gx 2.1 11.8
00 48 03 -11 26 22 N0255 Gx 3.1 11.8
00 46 05 -73 28 22 N0256 CN 12p
00 48 22 +08 20 38 N0257 Gx 2.1 14p
00 48 28 +27 39 38 N0258 Gx 15p
00 48 21 -02 45 22 N0259 Gx 3.2
00 48 52 +27 43 38 N0260 Gx 1.0 14p
00 46 41 -73 05 22 N0261 Nb
00 49 04 +31 58 38 N0262 Gx 1.4 15p
00 49 09 -13 04 22 N0263 Gx 14p
00 48 32 -38 12 22 N0264 Gx 0.9
00 47 47 -73 27 22 N0265 Gb 12p
00 50 04 +32 17 38 N0266 Gx 3.2 13p
00 48 11 -73 15 22 N0267 CN
00 50 27 -05 10 22 N0268 Gx 1.7 13p
00 48 41 -73 30 22 N0269 Gb 12p
00 50 57 -08 37 22 N0270 Gx 13p
00 51 03 -01 51 22 N0271 Gx 2.5 13p
00 51 40 +35 51 38 N0272 OC
00 51 03 -06 51 22 N0273 Gx 2.6 13p
00 51 15 -07 01 22 N0274 Gx 1.7 13p
00 51 21 -07 02 22 N0275 Gx 1.5 12.5
00 52 21 -22 39 22 N0276 Gx 14p
00 51 45 -08 33 22 N0277 Gx 13p
00 52 23 +47 34 38 N0278 Gx 2.2 10.9
00 52 33 -02 10 22 N0279 Gx 1.8 14p
00 52 46 +24 21 38 N0280 Gx 14p
00 53 06 +56 38 38 N0281 CN 35 7p
00 53 04 +30 38 38 N0282 Gx 14p
00 53 33 -13 09 22 N0283 Gx 14p
00 53 51 -13 07 23 N0284 Gx 15p
00 53 57 -13 08 23 N0285 Gx
00 53 51 -13 04 23 N0286 Gx 14p
00 53 52 +32 30 37 N0287 Gx 15p
00 53 03 -26 33 22 N0288 Gb 13.8 8.1
00 52 56 -31 10 22 N0289 Gx 3.7 12p
00 51 28 -73 07 22 N0290 OC 12p
00 53 51 -08 43 23 N0291 Gx 14p
00 52 58 -72 48 22 N0292 Gx
00 54 33 -07 12 23 N0293 Gx 14p
00 52 16 -73 19 22 N0294 Nb
00 55 28 +31 32 37 N0295 Gx 13p
00 55 40 +31 41 37 N0296 Gx 15p
00 55 15 -07 19 23 N0297 D?
00 55 15 -07 19 23 N0298 Gx 13p
00 54 11 -72 08 23 N0299 CN 11p
00 55 08 -37 39 23 N0300 Gx 20.0 9p
00 56 33 -10 38 23 N0301 Gx
00 56 39 -10 37 23 N0302 S*
00 55 03 -16 38 23 N0303 Gx
00 56 22 +24 08 37 N0304 Gx 14p
00 56 16 +12 07 37 N0305 At
00 55 04 -72 11 23 N0306 CN 12p
00 56 51 -01 44 23 N0307 Gx 14p
00 56 39 -01 45 23 N0308 S*
00 56 57 -09 53 23 N0309 Gx 3.1 11.8
00 57 09 -01 44 23 N0310 S*
00 57 52 +30 17 37 N0311 Gx 14p
00 56 31 -52 45 23 N0312 Gx 1.8
00 58 04 +30 22 37 N0313 Gx 3.6 12p
00 57 08 -31 56 23 N0314 Gx 1.2
00 58 04 +30 22 37 N0315 Gx 3.2 13p
00 58 04 +30 22 37 N0316 Gx 3.6 12p
00 57 53 +43 48 37 N0317 Gx 15p
00 58 22 +30 26 37 N0318 Gx 15p
00 57 14 -43 48 23 N0319 Gx 1.1
00 59 03 -20 48 23 N0320 Gx 15p
00 57 39 -05 00 23 N0321 Gx
00 57 26 -43 42 23 N0322 Gx 1.3
00 56 55 -52 57 23 N0323 Gx 1.3
00 58 50 -40 28 23 N0324 Gx
00 58 09 -05 06 23 N0325 Gx 16p
00 58 40 +26 53 37 N0326 Gx 1.5 13.2
00 58 09 -05 06 23 N0327 Gx 1.9 13p
00 57 13 -52 53 23 N0328 Gx 2.8
00 58 15 -05 02 23 N0329 Gx 1.9 13p
00 56 22 -72 27 23 N0330 OC 2 9.6
00 58 51 -02 41 23 N0331 ?
00 59 04 +07 07 37 N0332 Gx 15p
00 59 03 -16 27 23 N0333 Gx 16p
00 59 02 -35 06 23 N0334 Gx
00 59 33 -18 12 23 N0335 Gx 1.2
00 59 03 -18 44 23 N0336 Gx 12p
01 00 03 -07 33 23 N0337 Gx 2.8 11.6
01 00 52 +30 40 37 N0338 Gx 14p
00 57 51 -74 27 23 N0339 Gb 2.2 11.9
01 00 51 -06 51 23 N0340 Gx 14p
01 01 03 -09 09 23 N0341 Gx 13p
01 01 03 -06 45 23 N0342 Gx 14p
01 01 03 -23 12 23 N0343 S*
01 01 51 -23 14 23 N0344 Gx 0.9
01 01 39 -06 52 23 N0345 Gx 13p
00 59 16 -72 09 23 N0346 CN 14 10.3
01 01 39 -06 47 23 N0347 Gx 14p
01 01 07 -53 13 23 N0348 Gx 1.1
01 02 09 -06 47 23 N0349 Gx 13p
01 02 15 -06 47 23 N0350 Gx 15p
01 02 21 -01 53 23 N0351 Gx 14p
01 02 21 -04 13 23 N0352 Gx 2.7 13p
01 02 51 -01 54 24 N0353 Gx 14p
01 03 34 +22 21 36 N0354 Gx 0.9 14p
01 03 27 -06 18 24 N0355 Gx 15p
01 03 33 -06 58 24 N0356 Gx 13p
01 03 39 -06 18 24 N0357 Gx 2.6 11.8
01 05 31 +62 03 36 N0358 At
01 04 39 -00 43 24 N0359 Gx 15p
01 03 05 -65 35 24 N0360 Gx 3.3
01 02 22 -71 31 23 N0361 Gb 1.5 11.8
01 03 22 -70 49 24 N0362 Gb 12.9 6.6
01 06 21 -16 32 24 N0363 Gx 15p
01 04 51 -00 49 24 N0364 Gx 14p
01 04 20 -35 05 24 N0365 Gx
01 06 43 +62 15 36 N0366 OC 3
01 05 09 -12 07 24 N0367 ?
01 04 38 -43 14 24 N0368 Gx
01 05 21 -17 43 24 N0369 Gx 1.3
01 06 53 +32 26 36 N0370 -
01 03 28 -72 03 24 N0371 OC 8
01 06 59 +32 27 36 N0372 T*
01 07 17 +32 19 36 N0373 Gx
01 07 23 +32 47 36 N0374 Gx 14p
01 07 23 +32 22 36 N0375 Gx 1.3 16p
01 04 03 -72 47 24 N0376
01 06 33 -20 01 24 N0377 T*
01 06 26 -30 09 24 N0378 Gx 14p
01 07 35 +32 32 36 N0379 Gx 1.8 12.6
01 07 35 +32 30 36 N0380 Gx 1.6 12.5
01 08 37 +61 36 36 N0381 OC 6 9p
01 07 41 +32 25 36 N0382 Gx 0.4 14p
01 07 41 +32 26 36 N0383 Gx 2.3 11.9
01 07 41 +32 19 36 N0384 Gx 1.1 13.0
01 07 41 +32 20 36 N0385 Gx 1.5 12.9
01 07 47 +32 23 36 N0386 Gx 0.9 14.1
01 07 47 +32 24 36 N0387 Gx
01 08 05 +32 20 36 N0388 Gx 0.8 14.3
01 08 47 +39 43 36 N0389 Gx 15p
01 08 23 +32 28 36 N0390 Gx
01 07 45 +00 57 36 N0391 Gx 14p
01 08 41 +33 08 36 N0392 Gx 14p
01 08 53 +39 41 36 N0393 Gx 13p
01 08 41 +33 09 36 N0394 Gx 15p
01 05 28 -71 58 24 N0395
01 08 16 +04 33 36 N0396 Gx
01 08 47 +33 07 36 N0397 Gx 15p
01 09 05 +32 31 36 N0398 Gx 15p
01 09 17 +32 38 36 N0399 Gx 14p
01 09 17 +32 45 36 N0400 -
01 09 23 +32 47 36 N0401 -
01 09 29 +32 50 36 N0402 -
01 09 29 +32 46 36 N0403 Gx 2.1 13p
01 09 41 +35 44 36 N0404 Gx 4.4 10.1
01 08 31 -46 38 24 N0405 D*
01 07 34 -69 51 24 N0406 Gx 3.8 12p
01 10 53 +33 08 35 N0407 Gx 2.0 14p
01 11 11 +33 07 35 N0408 Gx
01 09 44 -35 46 24 N0409 Gx 1.5
01 11 17 +33 10 35 N0410 Gx 2.6 13p
01 08 03 -71 44 24 N0411
01 10 33 -19 59 24 N0412 -
01 09 45 -02 48 24 N0413 Gx 16p
01 11 35 +33 07 35 N0414 Gx 14p
01 10 26 -35 27 24 N0415 Gx
01 08 15 -72 19 24 N0416 Gb 1.1 11.0
01 11 21 -18 08 25 N0417 Gx 15p
01 10 50 -30 11 25 N0418 Gx 2.3 13p
01 08 27 -72 51 24 N0419 Gb 2.6 10.0
01 12 23 +32 07 35 N0420 Gx 13p
01 12 23 +32 10 35 N0421 -
01 09 03 -71 44 24 N0422
01 11 38 -29 11 25 N0423 Gx 14p
01 11 44 -38 03 25 N0424 Gx 2.1
01 13 17 +38 49 35 N0425 Gx 13p
01 13 09 -00 15 25 N0426 Gx 14p
01 12 44 -32 01 25 N0427 Gx 15p
01 13 09 +01 00 35 N0428 Gx 4.1 11.4
01 13 15 -00 18 25 N0429 Gx 14p
01 13 21 -00 13 25 N0430 Gx 13p
01 14 29 +33 45 35 N0431 Gx 14p
01 12 00 -61 30 25 N0432 Gx 1.5
01 15 37 +60 09 35 N0433 OC 3
01 12 24 -58 13 25 N0434 Gx 1.9 13p
01 14 15 +02 05 35 N0435 Gx 15p
01 15 55 +58 50 35 N0436 OC 6 8.8
01 14 40 +05 57 35 N0437 Gx 14p
01 13 38 -37 54 25 N0438 Gx
01 14 02 -31 43 25 N0439 Gx 13p
01 13 06 -58 15 25 N0440 Gx 1.0
01 14 14 -31 45 25 N0441 Gx 14p
01 14 51 -00 59 25 N0442 Gx 1.2 15p
01 15 23 +33 24 35 N0443 Gx 14p
01 16 11 +31 06 35 N0444 Gx 14p
01 15 09 +01 57 35 N0445 Gx 15p
01 15 10 +04 12 35 N0446 Gx 15p
01 15 53 +33 05 35 N0447 Gx 2.6 14.0
01 15 33 -01 35 25 N0448 Gx 13p
01 16 23 +33 06 35 N0449 Gx 0.7 14.3
01 15 45 -00 50 25 N0450 Gx 3.2 12.1
01 16 29 +33 05 35 N0451 Gx 15p
01 16 35 +31 03 35 N0452 Gx 14p
01 16 35 +33 06 35 N0453 T*
01 14 36 -55 22 25 N0454 Gx 1.9
01 16 16 +05 12 35 N0455 Gx 14p
01 14 32 -73 15 25 N0456 Nb 15
01 19 25 +58 21 34 N0457 OC 13 6.4
01 15 03 -71 31 25 N0458
01 18 16 +17 34 34 N0459 Gx 15p
01 14 57 -72 16 25 N0460 CN
01 17 32 -33 48 25 N0461 Gx 1.2
01 18 22 +04 15 34 N0462 Gx
01 19 10 +16 20 34 N0463 Gx 15p
01 19 17 +34 59 34 N0464 Gx
01 15 38 -73 18 25 N0465 OC
01 17 24 -58 53 25 N0466 Gx 2.1
01 19 28 +03 19 34 N0467 Gx 2.4 11.9
01 20 05 +32 48 34 N0468 Gx 15p
01 19 40 +14 54 34 N0469 Gx 15p
01 19 58 +03 26 34 N0470 Gx 3.0 11.9
01 20 10 +14 48 34 N0471 Gx 14p
01 20 47 +32 44 34 N0472 Gx 14p
01 20 10 +16 34 34 N0473 Gx 2.2 13p
01 20 22 +03 26 34 N0474 Gx 7.9 11.1
01 20 16 +14 52 34 N0475 Gx
01 20 28 +16 02 34 N0476 Gx 15p
01 21 35 +40 30 34 N0477 Gx 14p
01 20 26 -22 20 26 N0478 Gx 15p
01 21 34 +03 53 34 N0479 Gx 15p
01 21 09 -09 50 26 N0480
01 21 15 -09 10 26 N0481 Gx 14p
01 20 31 -40 55 26 N0482 Gx
01 22 17 +33 33 34 N0483 Gx 14p
01 19 48 -58 29 26 N0484 Gx 2.2
01 21 40 +07 02 34 N0485 Gx 1.9 14p
01 22 22 +05 25 34 N0486 Gx 15p
01 22 03 -16 19 26 N0487 Gx 14p
01 22 04 +05 16 34 N0488 Gx 5.2 10.3
01 22 04 +09 13 34 N0489 Gx 13p
01 22 22 +05 23 34 N0490 Gx 15p
01 21 38 -34 01 26 N0491 Gx 1.5 13p
01 22 28 +05 26 34 N0492 Gx 15p
01 22 27 +00 58 34 N0493 Gx 3.8 12.5
01 23 17 +33 12 34 N0494 Gx 14p
01 23 11 +33 29 34 N0495 Gx 1.5 13.2
01 23 35 +33 34 34 N0496 Gx 14p
01 22 39 -00 51 26 N0497 Gx 2.4 14p
01 23 35 +33 31 34 N0498 Gx 16p
01 23 29 +33 29 34 N0499 Gx 2.0 12.0
01 22 58 +05 25 34 N0500 Gx 15p
01 23 41 +33 28 34 N0501 Gx 15p
01 23 04 +09 04 34 N0502 Gx 14p
01 23 47 +33 22 34 N0503 Gx 15p
01 23 47 +33 14 34 N0504 Gx 14p
01 23 10 +09 29 34 N0505 Gx 15p
01 23 53 +33 15 34 N0506 -
01 23 59 +33 16 34 N0507 Gx 4.3 11.2
01 23 59 +33 18 34 N0508 Gx 1.6 12.8
01 23 40 +09 27 34 N0509 Gx 1.7 15p
01 23 59 +33 27 34 N0510 Gx
01 23 46 +11 18 34 N0511 Gx 15p
01 24 17 +33 56 34 N0512 Gx 14p
01 24 05 +33 50 34 N0513 Gx 13p
01 24 22 +12 56 34 N0514 Gx 3.5 11.9
01 24 53 +33 30 33 N0515 Gx 14p
01 24 22 +09 34 34 N0516 Gx 1.6 14p
01 24 59 +33 28 33 N0517 Gx 13p
01 24 34 +09 21 34 N0518 Gx 1.9 14p
01 24 45 -01 36 27 N0519 Gx
01 24 52 +03 49 33 N0520 Gx 4.8 11.2
01 24 51 +01 45 33 N0521 Gx 3.4 13p
01 25 04 +10 01 33 N0522 Gx 2.8 14p
01 25 35 +34 03 33 N0523 Gx 3.1 14p
01 25 04 +09 33 33 N0524 Gx 3.2 10.6
01 25 04 +09 43 33 N0525 Gx 14p
01 24 08 -35 01 26 N0526 Gx
01 24 14 -35 04 26 N0527 Gx
01 25 47 +33 42 33 N0528 Gx 13p
01 25 59 +34 45 33 N0529 Gx 13p
01 24 57 -01 33 27 N0530 Gx 1.9 14p
01 26 35 +34 46 33 N0531 Gx 15p
01 25 34 +09 17 33 N0532 Gx 2.8 14p
01 25 45 +01 47 33 N0533 Gx 3.7 13p
01 24 49 -38 05 27 N0534 Gx
01 25 45 -01 23 27 N0535 Gx 1.3 15p
01 26 41 +34 44 33 N0536 Gx 3.7 13p
01 26 35 +34 06 33 N0537 -
01 25 39 -01 31 27 N0538 Gx 1.3 15p
01 25 33 -18 07 27 N0539 Gx 1.8 14p
01 27 20 -20 00 27 N0540 Gx 1.4
01 25 57 -01 21 27 N0541 Gx 2.7 12.0
01 26 47 +34 42 33 N0542 Gx 15p
01 26 03 -01 16 27 N0543 Gx 0.7 13.3
01 25 19 -38 03 27 N0544 Gx
01 26 15 -01 18 27 N0545 Gx 3.0 14p
01 25 19 -38 01 27 N0546 Gx
01 26 15 -01 19 27 N0547 Gx 1.7 12.3
01 26 15 -01 12 27 N0548 Gx 1.5
01 25 43 -38 14 27 N0549 Gx 2.0
01 26 57 +02 02 33 N0550 Gx 1.7 14p
01 27 53 +37 12 33 N0551 Gx 13p
01 28 05 +33 29 33 N0552 -
01 28 05 +33 29 33 N0553 -
01 27 26 -22 41 27 N0554 Gx 15p
01 27 26 -22 43 27 N0555 Gx 15p
01 27 26 -22 40 27 N0556
01 26 45 -01 36 27 N0557 Gx 15p
01 27 33 -01 56 27 N0558 Gx 0.7
01 29 50 +63 19 33 N0559 OC 4 9.5
01 27 39 -01 53 27 N0560 Gx 2.3 12.9
01 28 29 +34 20 33 N0561 Gx 14p
01 28 42 +48 24 33 N0562 Gx 1.5 15p
01 27 21 -18 36 27 N0563 Gx 14p
01 28 03 -01 51 27 N0564 Gx 1.8 12.5
01 28 27 -01 16 27 N0565 Gx 1.6 15p
01 29 17 +32 22 33 N0566 Gx 14p
01 27 09 -10 13 27 N0567 Gx 14p
01 28 08 -35 41 27 N0568 Gx
01 29 22 +11 10 33 N0569 Gx 14p
01 29 15 -00 55 27 N0570 Gx 2.5 14p
01 30 11 +32 32 33 N0571 Gx 15p
01 28 49 -39 16 27 N0572 Gx
01 31 12 +41 17 32 N0573 Gx 13p
01 29 14 -35 33 27 N0574 Gx
01 31 04 +21 27 32 N0575 Gx 14p
01 29 06 -51 34 27 N0576 Gx 1.2
01 30 57 -01 57 28 N0577 Gx 14p
01 30 44 -22 38 27 N0578 Gx 4.8 10.9
01 31 59 +33 39 32 N0579 Gx 13p
01 30 57 -01 58 28 N0580
01 33 32 +60 43 32 N0581 OC 6 7.4
01 32 11 +33 31 32 N0582 Gx 13p
01 29 57 -18 17 27 N0583 Gx 15p
01 31 33 -06 50 28 N0584 Gx 3.8 10.4
01 31 57 -00 53 28 N0585 Gx 14p
01 31 51 -06 52 28 N0586 Gx 1.6 13.2
01 32 47 +35 23 32 N0587 Gx 13p
01 32 59 +30 41 32 N0588 K
01 32 51 -12 00 28 N0589 Gx 14p
01 33 54 +44 57 32 N0590 Gx 14p
01 33 47 +35 42 32 N0591 Gx 14p
01 33 29 +30 40 32 N0592 K
01 32 33 -12 19 28 N0593 Gx 14p
01 33 15 -16 30 28 N0594 Gx 14p
01 33 47 +30 43 32 N0595 K
01 33 09 -07 00 28 N0596 Gx 3.5 10.9
01 32 26 -33 27 28 N0597 Gx
01 34 11 +30 40 32 N0598 Gx 62 5.7
01 33 03 -12 09 28 N0599 Gx 13p
01 33 21 -07 17 28 N0600 Gx 3.5 12.4
01 33 33 -12 10 28 N0601 -
01 29 43 -73 31 27 N0602 CN
01 34 41 +30 12 32 N0603 T*
01 34 47 +30 49 32 N0604 K
01 35 24 +41 17 32 N0605 Gx 14p
01 35 10 +21 27 32 N0606 Gx 14p
01 34 33 -07 23 28 N0607
01 35 41 +33 42 32 N0608 Gx 14p
01 37 33 +64 34 31 N0609 OC 3 11.0
01 34 32 -20 07 28 N0610 -
01 34 32 -20 06 28 N0611 -
01 34 13 -36 28 28 N0612 Gx 13.2
01 34 32 -29 23 28 N0613 Gx 5.8 10.0
01 36 05 +33 43 32 N0614 Gx 14p
01 35 21 -07 18 28 N0615 Gx 4.0 11.5
01 36 17 +33 47 32 N0616 D*
01 34 09 -09 45 28 N0617 Gx 15p
01 36 35 +33 25 31 N0618
01 35 01 -36 26 28 N0619 Gx
01 37 18 +42 21 31 N0620 Gx 14p
01 36 59 +35 33 31 N0621 Gx 14p
01 36 15 +00 41 32 N0622 Gx 2.0 14p
01 35 13 -36 27 28 N0623 Gx
01 35 57 -09 58 28 N0624 Gx 14p
01 35 19 -41 24 28 N0625 Gx 3.0 12p
01 35 25 -39 06 28 N0626 Gx
01 37 23 +33 36 31 N0627
01 36 58 +15 48 31 N0628 Gx 10.2 9.2
01 40 43 +72 54 31 N0629 -
01 35 49 -39 19 28 N0630 Gx
01 37 04 +05 52 31 N0631 Gx 15p
01 37 34 +05 54 31 N0632 Gx 13p
01 36 37 -37 16 29 N0633 Gx
01 38 29 +35 24 31 N0634 Gx 14p
01 38 32 -19 54 29 N0635 -
01 39 21 -07 29 29 N0636 Gx 2.3 11.3
01 43 15 +64 01 30 N0637 OC 4 8.2
01 39 52 +07 15 31 N0638 Gx 14p
01 39 08 -29 53 29 N0639 Gx 15p
01 39 33 -09 21 29 N0640 Gx 15p
01 38 55 -42 29 29 N0641 Gx
01 39 14 -29 52 29 N0642 Gx 14p
01 35 11 -75 31 28 N0643 Gb 13p
01 39 07 -42 33 29 N0644 Gx
01 40 28 +05 45 31 N0645 Gx 14p
01 37 33 -64 53 29 N0646 Gx
01 40 03 -09 11 29 N0647 Gx 14p
01 38 56 -17 48 29 N0648 Gx 14p
01 40 15 -09 12 29 N0649 Gx 15p
01 42 37 +51 35 30 N0650 Pl 4.8 12p
01 42 37 +51 36 30 N0651 Pl 12p
01 40 58 +08 00 31 N0652 Gx 14p
01 42 41 +35 40 30 N0653 Gx 14p
01 44 27 +61 54 30 N0654 OC 5 6.5
01 42 15 -13 02 30 N0655 Gx 14p
01 42 41 +26 10 30 N0656 Gx 13p
01 44 02 +55 54 30 N0657 OC
01 42 28 +12 36 30 N0658 Gx 3.2 14p
01 44 33 +60 43 30 N0659 OC 5 7.9
01 43 16 +13 39 30 N0660 Gx 9.1 10.8
01 44 29 +28 43 30 N0661 Gx 2.2 13p
01 44 48 +37 42 30 N0662 Gx 1.0 14.3
01 46 21 +61 16 30 N0663 OC 16 7.1
01 44 04 +04 15 30 N0664 Gx 1.8 14p
01 45 04 +10 27 30 N0665 Gx 13p
01 46 17 +34 24 30 N0666 Gx 13p
01 45 20 -22 54 30 N0667 Gx
01 46 36 +36 28 30 N0668 Gx 2.3 14p
01 47 30 +35 34 29 N0669 Gx 3.4 13p
01 47 41 +27 54 29 N0670 Gx 2.5 12.1
01 47 10 +13 07 30 N0671 Gx 14p
01 48 11 +27 27 29 N0672 Gx 6.6 10.8
01 48 40 +11 33 29 N0673 Gx 2.4 13p
01 49 29 +22 21 29 N0674 -
01 49 16 +13 03 29 N0675 Gx 15p
01 49 16 +05 55 29 N0676 Gx 4.3 11p
01 49 22 +13 03 29 N0677 Gx 14p
01 49 41 +22 01 29 N0678 Gx 5.0 13p
01 50 00 +35 48 29 N0679 Gx 2.3 12.4
01 50 05 +21 59 29 N0680 Gx 2.9 13p
01 49 27 -10 24 31 N0681 Gx 2.8 11.8
01 49 15 -14 57 31 N0682 Gx 13p
01 49 52 +11 42 29 N0683 Gx 15p
01 50 29 +27 40 29 N0684 Gx 3.9 13p
01 47 59 -52 45 31 N0685 Gx 4.1 12p
01 49 14 -23 46 31 N0686 Gx 13p
01 50 54 +36 22 29 N0687 Gx 13p
01 51 06 +35 17 29 N0688 Gx 13p
01 50 08 -27 26 31 N0689 Gx 15p
01 48 02 -16 41 31 N0690 Gx 14p
01 50 59 +21 47 29 N0691 Gx 3.5 12p
01 48 54 -48 37 31 N0692 Gx 2.4
01 50 46 +06 10 29 N0693 Gx 2.7 14p
01 51 17 +22 01 29 N0694 Gx 0.8 14p
01 51 29 +22 36 29 N0695 Gx 0.7 14p
01 49 37 -34 53 31 N0696 Gx
01 51 35 +22 22 29 N0697 Gx 4.7 13p
01 49 49 -34 48 31 N0698 Gx
01 50 51 -12 01 31 N0699 Gx 14p
01 52 30 +36 05 28 N0700 Gx 15p
01 51 21 -09 40 31 N0701 Gx 2.5 12.2
01 51 33 -04 01 31 N0702 Gx 1.5 14p
01 53 06 +36 10 28 N0703 Gx 1.5 15p
01 53 00 +36 07 28 N0704 Gx 14p
01 53 06 +36 09 28 N0705 Gx 14p
01 52 04 +06 19 29 N0706 Gx 2.2 13p
01 51 27 -08 28 31 N0707 Gx 14p
01 53 06 +36 11 28 N0708 Gx 3.3 15p
01 53 12 +36 14 28 N0709 Gx 15p
01 53 18 +36 03 28 N0710 Gx 14p
01 52 46 +17 31 28 N0711 Gx 14p
01 53 30 +36 49 28 N0712 Gx 14p
01 55 21 -09 03 32 N0713 Gx 15p
01 53 54 +36 13 28 N0714 Gx 14p
01 53 27 -12 48 32 N0715
01 53 10 +12 33 28 N0716 Gx
01 54 18 +36 14 28 N0717 Gx 14p
01 53 28 +04 13 28 N0718 Gx 2.8 11.7
01 53 59 +19 50 28 N0719 Gx 14p
01 53 15 -13 42 32 N0720 Gx 4.4 10.2
01 55 06 +39 24 28 N0721 Gx 2.0 13.4
01 55 05 +20 42 28 N0722 Gx 14p
01 54 08 -23 44 32 N0723 Gx 13p
01 54 02 -23 50 32 N0724 -
01 52 50 -16 29 32 N0725 Gx 14p
01 55 51 -10 47 32 N0726 Gx 14p
01 53 55 -35 50 32 N0727 Gx
01 55 22 +04 13 28 N0728 T*
01 54 13 -35 47 32 N0729 D*
01 55 34 +05 38 28 N0730 S*
01 55 09 -08 59 32 N0731 Gx 1.7 13p
01 56 48 +36 49 28 N0732 Gx 15p
01 56 41 +33 05 28 N0733 Gx
01 55 02 -17 01 32 N0734 Gx
01 56 54 +34 12 28 N0735 Gx 2.0 14p
01 56 59 +33 04 27 N0736 Gx 2.0 12.2
01 56 59 +33 04 27 N0737
01 57 11 +33 04 27 N0738 Gx 15p
01 57 18 +33 15 27 N0739 Gx 15p
01 57 11 +33 02 27 N0740 Gx 1.7 15p
01 56 40 +05 39 28 N0741 Gx 3.2 11.3
01 56 46 +05 39 28 N0742 Gx 0.2 15p
01 59 03 +60 12 27 N0743 OC 5
01 58 44 +55 30 27 N0744 OC 11 7.9
01 54 23 -56 39 32 N0745 Gx 1.5
01 58 13 +44 57 27 N0746 Gx 1.9 13p
01 56 27 -09 26 32 N0747 -
01 56 39 -04 26 32 N0748 Gx 2.9
01 55 50 -29 55 32 N0749 Gx 14p
01 57 48 +33 14 27 N0750 Gx 1.6 12.2
01 57 54 +33 13 27 N0751 Gx 1.3 12.5
01 58 06 +37 42 27 N0752 OC 50 5.7
01 58 00 +35 56 27 N0753 Gx 2.9 12.4
01 54 34 -56 44 32 N0754 Gx 0.7
01 56 39 -09 02 32 N0755 Gx 4.0
01 54 44 -16 41 32 N0756 Gx 15p
01 56 39 -08 53 32 N0757 -
01 56 15 -03 04 32 N0758 Gx
01 58 06 +36 21 27 N0759 Gx 2.1 14p
01 58 06 +33 22 27 N0760 D*
01 58 06 +33 24 27 N0761 Gx 1.6 15p
01 57 21 -05 24 33 N0762 Gx 13p
01 57 39 -08 57 33 N0763 -
01 57 26 -16 00 33 N0764 D*
01 59 05 +24 54 27 N0765 Gx 14p
01 58 58 +08 21 27 N0766 Gx 14p
01 59 09 -09 33 33 N0767 Gx 14p
01 58 57 +00 32 27 N0768 Gx 14p
01 59 47 +30 55 27 N0769 Gx 13p
01 59 29 +18 58 27 N0770 Gx 1.3 14p
02 03 50 +72 26 26 N0771 - 4.0
01 59 35 +19 02 27 N0772 Gx 7.1 10.3
01 59 15 -11 29 33 N0773 Gx 14p
01 59 40 +14 02 27 N0774 Gx 14p
01 58 44 -26 16 33 N0775 Gx 14p
02 00 11 +23 39 27 N0776 Gx 13p
02 00 29 +31 27 27 N0777 Gx 3.0 12p
02 00 35 +31 18 27 N0778 Gx 14p
01 59 57 -05 56 33 N0779 Gx 4.1 11.0
02 00 47 +28 14 27 N0780 Gx 14p
02 00 22 +12 39 27 N0781 Gx 14p
01 57 58 -57 44 33 N0782 Gx 2.1 13p
02 01 23 +31 53 27 N0783 Gx 1.8 13p
02 01 35 +28 51 27 N0784 Gx 6.2 11.8
02 02 05 +31 50 26 N0785 Gx 14p
02 01 46 +15 39 26 N0786 Gx 14p
02 01 15 -08 58 33 N0787 Gx 13p
02 01 21 -06 47 33 N0788 Gx 1.8 12.3
02 02 48 +32 05 26 N0789 Gx 14p
02 01 45 -05 21 34 N0790 Gx 13p
02 01 58 +08 30 26 N0791 Gx 15p
02 02 34 +15 43 26 N0792 Gx 14p
02 03 12 +32 01 26 N0793 -
02 02 47 +18 23 26 N0794 Gx 14p
01 59 58 -55 47 33 N0795 Gx 1.5
01 56 46 -74 11 33 N0796 CN
02 03 42 +38 08 26 N0797 Gx 13p
02 03 42 +32 05 26 N0798 Gx 14p
02 02 33 -00 04 34 N0799 Gx 14p
02 02 33 -00 06 34 N0800 Gx 14p
02 04 00 +38 16 26 N0801 Gx 13p
01 59 13 -67 50 33 N0802 Gx 0.7
02 04 04 +16 03 26 N0803 Gx 3.3 12.4
02 04 11 +30 50 26 N0804 Gx 14p
02 04 41 +28 49 26 N0805 Gx 14p
02 03 51 -09 54 34 N0806 Gx 14p
02 05 05 +29 00 26 N0807 Gx 14p
02 04 14 -23 17 34 N0808 Gx 1.6
02 04 39 -08 41 34 N0809 Gx 14p
02 05 34 +13 15 26 N0810 Gx 15p
02 04 57 -10 04 34 N0811 Gx 14p
02 07 07 +44 35 25 N0812 Gx 3.2 13p
02 01 43 -68 24 34 N0813 Gx 1.3
02 03 08 -14 36 34 N0814 Gx 16p
02 03 08 -14 40 34 N0815 Gx 16p
02 08 17 +29 16 25 N0816 Gx 15p
02 08 40 +17 13 25 N0817 14p
02 09 00 +38 48 25 N0818 Gx 3.2 13p
02 08 47 +29 15 25 N0819 Gx 14p
02 08 40 +14 21 25 N0820 Gx 13p
02 08 40 +11 01 25 N0821 Gx 3.5 10.8
02 06 48 -41 07 35 N0822 Gx
02 07 32 -25 25 35 N0823 Gx 14p
02 07 01 -36 26 35 N0824 Gx
02 08 46 +06 20 25 N0825 Gx 14p
02 09 42 +30 45 25 N0826 Gx 15p
02 09 04 +07 59 25 N0827 Gx 14p
02 10 30 +39 13 24 N0828 Gx 3.2 13p
02 08 57 -07 45 35 N0829 Gx 1.4
02 09 15 -07 44 35 N0830 Gx 14p
02 09 46 +06 07 25 N0831 Gx 15p
02 10 24 +35 33 24 N0832 Gx
02 09 33 -10 06 35 N0833 Gx 1.9 12.7
02 11 18 +37 41 24 N0834 Gx 13p
02 09 39 -10 06 35 N0835 Gx 1.4 12.2
02 10 44 -22 02 36 N0836 Gx 14p
02 10 38 -22 24 36 N0837 Gx 15p
02 09 51 -10 07 35 N0838 Gx 1.7 12.8
02 09 57 -10 09 35 N0839 Gx 1.8 13.0
02 10 28 +07 51 24 N0840 Gx 2.5 15p
02 11 36 +37 31 24 N0841 Gx 2.0 13p
02 10 03 -07 43 35 N0842 Gx 2.0
02 11 24 +32 07 24 N0843 T*
02 10 28 +06 04 24 N0844 Gx 15p
02 12 36 +37 30 24 N0845 Gx 14p
02 12 31 +44 35 24 N0846 Gx 13p
02 12 31 +44 35 24 N0847 Gx
02 10 33 -10 17 36 N0848 Gx 1.9 13.1
02 10 26 -22 17 36 N0849 Gx
02 11 27 -01 28 36 N0850 Gx 14p
02 11 28 +03 48 24 N0851 Gx 1.5 15p
02 09 04 -56 42 35 N0852 Gx
02 12 03 -09 16 36 N0853 Gx 13p
02 11 49 -35 49 36 N0854 Gx
02 14 17 +27 54 24 N0855 Gx 13p
02 13 51 -00 42 36 N0856 Gx 14p
02 12 49 -31 55 36 N0857 Gx 13p
02 12 44 -22 25 36 N0858 Gx 1.6 13p
02 14 09 -00 42 36 N0859
02 15 24 +30 48 23 N0860 Gx 15p
02 16 06 +35 56 23 N0861 Gx 15p
02 13 12 -42 02 36 N0862 Gx
02 14 51 -00 44 37 N0863 Gx 1.4 14p
02 15 46 +06 01 23 N0864 Gx 4.6 11.0
02 16 23 +28 37 23 N0865 Gx 14p
02 14 51 -00 44 37 N0866
02 16 09 +01 04 23 N0867
02 16 15 -00 42 37 N0868 Gx 15p
02 19 21 +57 10 22 N0869 OC 30 4p
02 17 28 +14 34 23 N0870 Gx 16p
02 17 28 +14 34 23 N0871 Gx 1.3 13.5
02 15 38 -17 46 37 N0872 Gx 14p
02 16 51 -11 18 37 N0873 Gx 13p
02 16 20 -23 09 37 N0874
02 17 21 +01 15 23 N0875 Gx 14p
02 18 10 +14 32 23 N0876 Gx 2.1
02 18 16 +14 34 23 N0877 Gx 2.3 11.8
02 18 02 -23 20 37 N0878 Gx 15p
02 17 03 -08 56 37 N0879 Gx
02 18 39 -04 09 38 N0880 Gx
02 18 57 -06 33 38 N0881 Gx 2.9
02 19 58 +15 50 22 N0882 Gx 15p
02 19 15 -06 43 38 N0883 Gx 13p
02 22 45 +57 08 21 N0884 OC 30 4p
02 14 51 -00 44 37 N0885
02 23 53 +63 48 21 N0886 -
02 19 50 -16 02 38 N0887 Gx 13p
02 17 39 -59 50 37 N0888 Gx 1.3
02 19 18 -41 43 38 N0889 Gx
02 22 18 +33 17 22 N0890 Gx 2.9 12p
02 22 55 +42 22 21 N0891 Gx 13.5 10.0
02 20 56 -23 05 38 N0892 Gx
02 20 12 -41 21 38 N0893 Gx
02 21 51 -05 28 38 N0894 -
02 21 51 -05 29 38 N0895 Gx 3.6 11.8
02 25 11 +61 55 21 N0896 Nb 27
02 21 19 -33 40 38 N0897 Gx
02 23 37 +41 58 21 N0898 Gx 2.1 14p
02 22 08 -20 46 38 N0899 Gx 1.9 13p
02 23 47 +26 32 21 N0900 Gx 15p
02 23 53 +26 35 21 N0901 -
02 22 38 -16 38 39 N0902 Gx 14p
02 24 05 +27 23 21 N0903 Gx
02 24 17 +27 22 21 N0904 Gx 15p
02 22 51 -08 41 39 N0905 Gx
02 25 31 +42 07 21 N0906 Gx 2.0 14p
02 23 14 -20 41 39 N0907 Gx 1.9 13p
02 23 20 -21 12 39 N0908 Gx 5.5 10.2
02 25 43 +42 04 21 N0909 Gx 14p
02 25 43 +41 51 21 N0910 Gx 2.3 15p
02 26 07 +42 00 21 N0911 Gx 14p
02 26 07 +41 48 21 N0912 Gx 15p
02 26 07 +41 49 21 N0913 Gx
02 26 25 +42 10 21 N0914 Gx 14p
02 25 59 +27 15 21 N0915 Gx 15p
02 25 59 +27 16 21 N0916 Gx 15p
02 26 24 +32 15 21 N0917 -
02 26 11 +18 31 21 N0918 Gx 3.4 13p
02 26 29 +27 14 21 N0919 Gx 15p
02 28 08 +45 59 20 N0920 Gx 15p
02 26 50 -15 48 40 N0921 Gx 14p
02 25 20 -24 45 39 N0922 Gx 1.9 12.2
02 27 55 +42 00 20 N0923 Gx 14p
02 27 05 +20 31 20 N0924 Gx 14p
02 27 36 +33 36 20 N0925 Gx 9.8 10.0
02 26 21 -00 18 39 N0926 Gx 2.5 14p
02 26 52 +12 10 20 N0927 Gx 1.4 15p
02 27 59 +27 15 20 N0928 Gx 14p
02 27 33 -12 03 40 N0929 Gx 15p
02 28 11 +20 21 20 N0930 Gx 13p
02 28 36 +31 20 20 N0931 Gx 14p
02 28 11 +20 20 20 N0932 Gx 1.9 14p
02 29 32 +45 57 20 N0933 Gx 15p
02 27 51 -00 12 40 N0934 Gx 14p
02 28 29 +19 37 20 N0935 Gx 14p
02 27 51 -01 07 40 N0936 Gx 5.2 10.1
02 29 49 +42 17 20 N0937 Gx 15p
02 28 47 +20 18 20 N0938 Gx 14p
02 26 35 -44 24 40 N0939 Gx
02 29 42 +31 40 20 N0940 Gx 13p
02 28 45 -01 07 40 N0941 Gx 2.8 12.4
02 29 27 -10 48 40 N0942 Gx 14p
02 29 27 -10 48 40 N0943 Gx
02 26 56 -14 28 40 N0944 Gx 14p
02 28 51 -10 30 40 N0945 Gx 2.5 12p
02 31 01 +42 16 19 N0946 Gx 14p
02 28 44 -19 02 40 N0947 Gx 2.6 12p
02 29 03 -10 29 40 N0948 Gx 1.4 14p
02 31 06 +37 09 19 N0949 Gx 2.8 11.9
02 29 27 -10 59 40 N0950 Gx 14p
02 29 02 -22 18 40 N0951 Gx 15p
02 31 36 +34 46 19 N0952 -
02 31 30 +29 37 19 N0953 Gx 14p
02 29 06 -41 23 40 N0954 Gx
02 30 51 -01 05 41 N0955 Gx 3.0 12.0
02 32 43 +44 40 19 N0956 OC 8 9p
02 33 58 +57 33 19 N0957 OC 11 7.6
02 30 57 -02 55 41 N0958 Gx 2.8 12.2
02 32 36 +35 31 19 N0959 Gx 2.2 13p
02 31 51 -09 15 41 N0960 Gx 14p
02 31 27 -06 52 41 N0961 -
02 33 06 +28 06 19 N0962 Gx 14p
02 30 45 -04 12 41 N0963 Gx
02 31 18 -35 59 41 N0964 Gx
02 32 44 -18 37 41 N0965 Gx 14p
02 32 02 -19 51 41 N0966 Gx 14p
02 32 26 -17 11 41 N0967 Gx 14p
02 34 24 +34 31 18 N0968 Gx 14p
02 34 24 +32 59 18 N0969 Gx 13p
02 34 30 +33 01 18 N0970 Gx 15p
02 34 30 +33 00 18 N0971 Gx
02 34 30 +29 20 18 N0972 Gx 3.6 11.3
02 34 36 +32 32 18 N0973 Gx 13p
02 34 42 +33 00 18 N0974 Gx 14p
02 33 28 +09 38 19 N0975 Gx 14p
02 34 17 +21 00 18 N0976 Gx 1.7 12.4
02 33 15 -10 42 41 N0977 Gx 13p
02 35 06 +32 53 18 N0978 Gx 14p
02 31 41 -44 29 41 N0979 Gx
02 35 49 +40 55 18 N0980 Gx 13p
02 33 09 -10 55 41 N0981 Gx 14p
02 35 43 +40 58 18 N0982 Gx 14p
02 35 18 +31 32 18 N0983 -
02 34 59 +23 27 18 N0984 Gx 14p
02 34 51 -08 45 42 N0985 Gx 1.3 13.5
02 33 48 -39 00 41 N0986 Gx 3.7 11.0
02 37 06 +33 20 18 N0987 Gx 13p
02 35 39 -09 19 42 N0988 Gx 4.7 11p
02 34 02 -16 28 42 N0989 Gx 15p
02 36 40 +11 40 18 N0990 Gx 14p
02 35 45 -07 07 42 N0991 Gx 2.7 12p
02 37 29 +21 07 18 N0992 Gx 13p
02 36 58 +02 04 18 N0993 Gx 1.1 15p
02 36 58 +02 04 18 N0994
02 38 49 +41 33 17 N0995 Gx 15p
02 39 01 +41 40 17 N0996 Gx 14p
02 37 28 +07 19 18 N0997 Gx 14p
02 37 28 +07 27 18 N0998 Gx 15p
02 39 07 +41 41 17 N0999 Gx 14p
