02 39 13 +41 28 17 N1000 Gx 15p
02 39 31 +41 41 17 N1001 Gx 14p
02 39 12 +34 38 17 N1002 Gx 14p
02 39 37 +40 53 17 N1003 Gx 5.4 11.5
02 37 52 +01 58 17 N1004 Gx 14p
02 39 49 +41 30 17 N1005 Gx 14p
02 37 39 -11 00 43 N1006
02 38 04 +02 09 17 N1007 Gx 15p
02 38 10 +02 05 17 N1008 Gx 15p
02 38 34 +02 19 17 N1009 Gx 15p
02 37 45 -11 00 43 N1010 Gx 14p
02 37 51 -10 59 43 N1011 Gx 15p
02 39 36 +30 10 17 N1012 Gx 2.9 13p
02 38 03 -11 29 43 N1013 Gx 14p
02 38 03 -09 30 43 N1014 -
02 38 21 -01 17 43 N1015 Gx 3.5 12p
02 38 34 +02 09 17 N1016 Gx 2.8 13p
02 38 03 -10 59 43 N1017 Gx 14p
02 38 15 -09 32 43 N1018 Gx 15p
02 38 40 +01 56 17 N1019 Gx 1.2 15p
02 38 58 +02 14 17 N1020 Gx 15p
02 39 04 +02 13 17 N1021 Gx 15p
02 38 45 -06 38 43 N1022 Gx 2.5 11.4
02 40 43 +39 05 17 N1023 Gx 8.7 9.5
02 39 28 +10 52 17 N1024 Gx 4.7 14p
02 36 27 -54 50 42 N1025 Gx 1.2
02 39 34 +06 33 17 N1026 Gx 14p
02 43 05 +61 34 16 N1027 OC 20 6.7
02 39 46 +10 51 17 N1028 Gx 15p
02 39 46 +10 48 17 N1029 Gx 14p
02 40 11 +18 02 17 N1030 Gx 14p
02 36 45 -54 50 42 N1031 Gx 2.2
02 39 39 +01 07 17 N1032 Gx 3.6 13p
02 40 21 -08 46 43 N1033 Gx 14p
02 38 26 -15 47 43 N1034 Gx 14p
02 39 45 -08 06 43 N1035 Gx 2.2 13p
02 40 47 +19 19 17 N1036 Gx 2.0 13p
02 38 15 -01 49 43 N1037 Gx 14p
02 40 21 +01 31 17 N1038 Gx 14p
02 42 19 +42 48 16 N1039 OC 35 5.2
02 42 31 +41 31 16 N1040 -
02 40 33 -05 26 43 N1041 Gx 14p
02 40 39 -08 24 43 N1042 Gx 4.7 10.9
02 40 57 +01 21 17 N1043 Gx 15p
02 41 22 +08 45 16 N1044 Gx 0.6 13.2
02 40 39 -11 16 43 N1045 Gx 13p
02 41 28 +08 44 16 N1046 Gx
02 40 45 -08 07 43 N1047 Gx 1.5 15p
02 40 51 -08 31 43 N1048 Gx 1.3 14p
02 39 54 -34 15 43 N1049 Gb
02 42 48 +34 47 16 N1050 Gx 13p
02 41 21 -06 54 44 N1051 Gx 1.9
02 41 21 -08 13 44 N1052 Gx 2.9 10.6
02 43 31 +41 31 16 N1053 Gx 14p
02 42 29 +18 13 16 N1054 Gx 14p
02 42 03 +00 27 16 N1055 Gx 7.6 10.6
02 43 12 +28 34 16 N1056 Gx 13p
02 43 18 +32 30 16 N1057 Gx 15p
02 43 49 +37 22 16 N1058 Gx 3.0 11.5
02 42 53 +18 02 16 N1059 D*
02 43 30 +32 25 16 N1060 Gx 13p
02 43 30 +32 28 16 N1061 Gx 15p
02 44 00 +32 31 16 N1062 Gx 15p
02 42 27 -05 32 44 N1063 Gx 1.6
02 42 27 -09 20 44 N1064 Gx 14p
02 42 20 -15 04 44 N1065 Gx 14p
02 44 06 +32 28 16 N1066 Gx 15p
02 44 06 +32 32 16 N1067 Gx 1.3 15p
02 42 57 +00 00 16 N1068 Gx 6.9 8.8
02 43 03 -08 16 44 N1069 Gx 14p
02 43 34 +04 59 16 N1070 Gx 13p
02 43 15 -08 44 44 N1071 Gx 15p
02 43 45 +00 19 16 N1072 Gx 1.7 14p
02 43 57 +01 24 16 N1073 Gx 4.9 11.0
02 43 56 -16 16 44 N1074 Gx 14p
02 43 56 -16 09 44 N1075 Gx 15p
02 43 56 -14 43 44 N1076 Gx 13p
02 46 25 +40 06 15 N1077 Gx 16p
02 44 27 -09 24 44 N1078 Gx 15p
02 43 55 -28 58 44 N1079 Gx 3.1 11.4
02 45 27 -04 41 45 N1080 Gx 1.4
02 45 26 -15 33 45 N1081 Gx 13p
02 45 57 -08 11 45 N1082 Gx 15p
02 46 02 -15 18 45 N1083 Gx 14p
02 46 15 -07 33 45 N1084 Gx 2.9 10.6
02 46 40 +03 38 15 N1085 Gx 1.7 14p
02 48 13 +41 16 15 N1086 Gx 13p
02 46 39 -00 28 45 N1087 Gx 3.5 11.0
02 47 17 +16 12 15 N1088 Gx 15p
02 46 38 -15 02 45 N1089 Gx 14p
02 46 51 -00 13 45 N1090 Gx 3.8 11.9
02 45 38 -17 31 45 N1091
02 45 56 -17 30 45 N1092 Gx 14p
02 48 30 +34 26 14 N1093 Gx 14p
02 47 45 -00 15 45 N1094 Gx 1.4 14p
02 47 52 +04 39 15 N1095 Gx 14p
02 43 56 -59 53 44 N1096 Gx 2.3
02 46 31 -30 15 45 N1097 Gx 9.3 9.3
02 45 08 -17 36 45 N1098 Gx 14p
02 45 32 -17 41 45 N1099 Gx 13p
02 45 50 -17 39 45 N1100 Gx 13p
02 48 34 +04 35 14 N1101 Gx 15p
02 47 20 -22 12 45 N1102 Gx 14p
02 48 14 -13 55 46 N1103 Gx 13p
02 48 51 -00 14 46 N1104 Gx 1.3 15p
02 52 38 -15 40 47 N1105 Gx 15p
02 50 55 +41 42 14 N1106 Gx 13p
02 49 34 +08 07 14 N1107 Gx 14p
02 48 51 -07 56 46 N1108 Gx
02 49 22 +13 16 14 N1109 Gx 15p
02 49 33 -07 49 46 N1110 Gx 2.7
02 49 58 +13 09 14 N1111 Gx
02 50 16 +13 14 14 N1112 -
02 50 28 +13 19 14 N1113 -
02 49 26 -16 58 46 N1114 Gx 13p
02 50 46 +13 16 14 N1115 Gx 15p
02 50 52 +13 20 14 N1116 Gx 15p
02 51 34 +13 12 13 N1117 Gx 15p
02 50 14 -12 07 46 N1118 Gx 14p
02 48 32 -17 59 46 N1119
02 49 26 -14 25 46 N1120 Gx 14p
02 51 03 -01 42 46 N1121 Gx 13p
02 53 08 +42 13 13 N1122 Gx 13p
02 53 08 +42 14 13 N1123 -
02 51 49 -25 40 47 N1124 Gx 15p
02 52 02 -16 36 47 N1125 Gx 13p
02 52 39 -01 16 47 N1126 Gx 15p
02 53 10 +13 16 13 N1127 Gx 15p
02 52 52 +06 04 13 N1128 -
02 54 49 +41 36 13 N1129 Gx 14p
02 54 43 +41 38 13 N1130 Gx 13p
02 54 55 +41 35 13 N1131 Gx 15p
02 53 09 -01 14 47 N1132 Gx 14p
02 52 57 -08 45 47 N1133 Gx 15p
02 53 52 +13 01 13 N1134 Gx 2.5 13p
02 50 57 -54 54 46 N1135 Gx 0.8
02 51 03 -55 02 46 N1136 Gx 1.7
02 54 16 +02 58 13 N1137 Gx 13p
02 56 50 +43 04 12 N1138 Gx 14p
02 53 08 -14 29 47 N1139 Gx 15p
02 54 51 -10 00 47 N1140 Gx 1.4 12.5
02 55 27 +00 29 12 N1141
02 55 27 +00 29 12 N1142
02 55 21 -00 08 48 N1143 Gx 1.1 13.5
02 55 27 -00 09 48 N1144 Gx 0.9 13.3
02 54 50 -18 36 47 N1145 Gx 13p
02 57 50 +46 28 12 N1146 -
02 55 33 -09 05 48 N1147 -
02 57 21 -07 40 48 N1148 Gx 15p
02 57 39 -00 16 48 N1149 Gx 15p
02 57 20 -15 01 48 N1150 Gx 15p
02 57 20 -14 58 48 N1151 Gx
02 57 51 -07 45 48 N1152 Gx 15p
02 58 22 +03 23 11 N1153 Gx 13p
02 58 21 -10 19 49 N1154 Gx 14p
02 58 27 -10 18 49 N1155 Gx 14p
03 00 00 +25 15 11 N1156 Gx 3.1 11.7
02 58 26 -15 05 49 N1157 Gx
02 57 32 -14 21 48 N1158 Gx 15p
03 01 02 +43 11 11 N1159 Gx 14p
03 01 32 +44 59 10 N1160 Gx 1.6 13p
03 01 32 +44 56 10 N1161 Gx 3.1 13p
02 59 08 -12 22 49 N1162 Gx 13p
03 00 32 -17 07 49 N1163 Gx 3.4
03 02 14 +42 37 10 N1164 Gx 14p
02 58 54 -32 05 49 N1165 Gx 3.1
03 00 52 +11 52 11 N1166 Gx 15p
03 02 01 +35 13 10 N1167 Gx 3.1 12.3
03 01 04 +11 48 11 N1168 Gx 15p
03 03 56 +46 24 10 N1169 Gx 4.4 11.7
03 02 48 +27 05 10 N1170 -
03 04 20 +43 25 10 N1171 Gx 3.2 13p
03 01 50 -14 48 50 N1172 Gx 2.2 12.0
03 04 32 +41 23 10 N1173 -
03 05 50 +42 50 09 N1174
03 04 50 +42 21 09 N1175 Gx 2.5 12.8
03 04 50 +41 24 09 N1176 -
03 04 56 +42 23 09 N1177 Gx 15p
03 04 56 +41 19 09 N1178 -
03 02 50 -18 52 50 N1179 Gx 4.6 12p
02 57 20 -14 58 48 N1180
02 57 14 -15 00 48 N1181
03 03 45 -09 38 50 N1182 Gx
03 05 02 +41 23 09 N1183 -
03 17 23 +80 49 06 N1184 Gx 3.0 13p
03 03 15 -09 06 50 N1185 Gx 15p
03 05 50 +42 51 09 N1186 Gx 3.3 13p
03 02 49 -22 50 50 N1187 Gx 5.0 11p
03 03 56 -15 28 50 N1188
03 03 38 -15 35 50 N1189 Gx 14p
03 03 44 -15 37 50 N1190 Gx 15p
03 03 50 -15 38 50 N1191 Gx 15p
03 03 56 -15 38 50 N1192 Gx 15p
03 06 08 +44 24 09 N1193 OC 2 13p
03 04 03 -01 03 50 N1194 Gx 14p
03 03 38 -12 00 50 N1195 Gx 14p
03 03 44 -12 03 50 N1196 Gx 14p
03 06 32 +44 05 09 N1197 -
03 06 32 +41 53 09 N1198 Gx 14p
03 03 50 -15 35 50 N1199 Gx 2.2 11.5
03 04 02 -11 57 50 N1200 Gx 13p
03 04 19 -26 02 50 N1201 Gx 4.4 10.6
03 05 09 -06 27 51 N1202 Gx
03 05 26 -14 20 51 N1203 Gx 15p
03 04 50 -12 18 51 N1204 Gx 15p
03 02 39 -09 38 50 N1205
03 06 21 -08 48 51 N1206 Gx
03 08 31 +38 24 08 N1207 Gx 13p
03 06 27 -09 30 51 N1208 Gx 14p
03 06 14 -15 35 51 N1209 Gx 2.6 11.4
03 07 01 -25 40 51 N1210 Gx 13p
03 07 09 -00 45 51 N1211 Gx 13p
03 08 56 +40 52 08 N1212 Gx
03 09 31 +38 40 08 N1213 Gx 15p
03 07 09 -09 30 51 N1214 Gx 14p
03 07 21 -09 33 51 N1215 Gx 14p
03 07 33 -09 34 51 N1216 Gx 15p
03 06 23 -38 59 51 N1217 Gx
03 08 40 +04 08 08 N1218 Gx 1.3 12.8
03 08 46 +02 10 08 N1219 Gx 13p
03 12 04 +53 21 07 N1220 OC 2 12p
03 08 21 -04 13 52 N1221 Gx 15p
03 09 09 -02 56 52 N1222 Gx 1.3 14p
03 08 33 -04 07 52 N1223
03 11 38 +41 23 07 N1224 Gx 1.7 16p
03 09 03 -04 04 52 N1225
03 11 25 +35 25 07 N1226 Gx 14p
03 11 31 +35 21 07 N1227 Gx 15p
03 08 25 -22 53 52 N1228 Gx 14p
03 08 25 -22 56 52 N1229 Gx 1.9 14p
03 08 31 -22 58 52 N1230 Gx 15p
03 09 50 -15 33 52 N1231 -
03 10 02 -20 33 52 N1232 Gx 7.8 9.9
03 12 49 +39 20 07 N1233 Gx 2.1 13.2
03 09 51 -07 49 52 N1234 Gx 15p
03 13 07 +38 57 07 N1235 T*
03 11 52 +10 50 07 N1236 Gx 15p
03 10 57 -08 38 53 N1237 D*
03 11 08 -10 43 53 N1238 Gx 14p
03 11 15 -02 29 53 N1239 Gx 15p
03 13 12 +30 35 07 N1240 S*
03 11 33 -08 53 53 N1241 Gx 3.0 13p
03 11 33 -08 52 53 N1242 Gx 1.3 14p
03 11 39 -08 55 53 N1243 Gx 0.4 14p
03 06 34 -66 45 51 N1244 Gx 2.0
03 15 03 +47 16 06 N1245 OC 10 8.4
03 07 04 -66 54 51 N1246 Gx 1.5
03 12 26 -10 27 53 N1247 Gx 3.6 13p
03 13 03 -05 11 53 N1248 Gx 1.3 14p
03 10 15 -53 19 52 N1249 Gx 5.2 12p
03 15 44 +41 22 06 N1250 Gx 2.7 14p
03 14 22 +01 29 06 N1251 D*
03 10 37 -58 06 52 N1252
03 14 21 -02 47 54 N1253 Gx 4.8 12p
03 14 40 +02 43 06 N1254 Gx 15p
03 13 43 -25 42 53 N1255 Gx 4.1 11.1
03 14 07 -21 56 54 N1256 Gx 14p
03 16 44 +41 32 06 N1257 Gx 14p
03 14 07 -21 43 54 N1258 Gx 13p
03 17 20 +41 22 05 N1259 Gx 15p
03 17 50 +41 25 05 N1260 Gx 1.7 14p
03 12 26 -55 11 53 N1261 Gb 6.9 8.4
03 15 56 -15 50 54 N1262 Gx 14p
03 16 02 -15 04 54 N1263 Gx 15p
03 18 14 +41 27 05 N1264 Gx 15p
03 18 38 +41 53 05 N1265 Gx 2.1 15p
03 16 15 -02 22 54 N1266 Gx 14p
03 19 02 +41 29 05 N1267 Gx 1.4 15p
03 19 08 +41 30 05 N1268 Gx 1.2 15p
03 17 29 -41 04 55 N1269
03 19 20 +41 29 05 N1270 Gx 1.1 12.9
03 19 32 +41 22 05 N1271 Gx 16p
03 19 38 +41 30 05 N1272 Gx 2.5 15p
03 19 44 +41 33 05 N1273 Gx 1.4 12.9
03 20 02 +41 34 05 N1274 Gx 0.6 15p
03 20 08 +41 32 04 N1275 Gx 2.6 11.6
03 20 14 +41 34 04 N1276 Gx
03 20 08 +41 35 04 N1277 Gx 0.8 13.5
03 20 14 +41 34 04 N1278 Gx 1.7 12.6
03 20 26 +41 29 04 N1279 Gx
03 18 15 -00 08 55 N1280 Gx 14p
03 20 26 +41 39 04 N1281 Gx 0.7 13.5
03 20 32 +41 23 04 N1282 Gx 1.7 14p
03 20 38 +41 25 04 N1283 Gx 1.3 16p
03 17 50 -10 16 55 N1284 Gx 14p
03 18 03 -07 18 55 N1285 Gx 14p
03 18 03 -07 37 55 N1286 Gx 15p
03 18 51 -02 43 55 N1287 Gx
03 17 24 -32 33 55 N1288 Gx 2.3 12.1
03 19 09 -01 57 55 N1289 Gx 14p
03 19 38 -13 57 55 N1290
03 17 29 -41 06 55 N1291 Gx 10.5 8.5
03 18 25 -27 35 55 N1292 Gx 3.2 13p
03 21 56 +41 25 04 N1293 Gx 1.1 15p
03 22 02 +41 23 04 N1294 Gx 1.8 13.1
03 20 20 -13 58 56 N1295
03 19 08 -13 02 55 N1296 Gx 14p
03 19 26 -19 04 55 N1297 Gx 2.3 13p
03 20 27 -02 04 56 N1298 Gx 1.5 14p
03 20 21 -06 15 56 N1299 Gx 14p
03 19 56 -19 23 55 N1300 Gx 6.5 10.4
03 20 44 -18 43 56 N1301 Gx 13p
03 20 07 -26 02 56 N1302 Gx 4.4 11p
03 20 57 -07 23 56 N1303 Gx 15p
03 21 15 -04 33 56 N1304 Gx 14p
03 21 39 -02 17 56 N1305 Gx 1.9 15p
03 21 13 -25 29 56 N1306 Gx 1.4
03 22 27 -04 31 56 N1307 -
03 22 45 -02 43 56 N1308 Gx 15p
03 22 20 -15 22 56 N1309 Gx 2.3 11.6
03 21 11 -37 06 56 N1310 Gx 2.3
03 20 15 -52 08 56 N1311 Gx
03 23 57 +01 12 03 N1312 D*
03 18 22 -66 28 55 N1313 Gx 8.5 9p
03 22 51 -04 09 56 N1314 Gx 15p
03 23 19 -21 21 57 N1315 Gx 1.8 13p
03 22 53 -37 10 56 N1316 Gx 7.1 8.9
03 22 59 -37 04 57 N1317 Gx 3.2 11.0
03 22 59 -37 05 57 N1318 -
03 24 07 -21 30 57 N1319 Gx 1.3 14p
03 25 03 -02 59 57 N1320 Gx 1.9 14p
03 25 09 -02 58 57 N1321 Gx 14p
03 25 15 -02 52 57 N1322 Gx 15p
03 25 15 -02 47 57 N1323 Gx
03 25 15 -05 43 57 N1324 Gx 14p
03 24 37 -21 31 57 N1325 Gx 4.6 11.6
03 24 06 -36 26 57 N1326 Gx 4.0 10.5
03 24 55 -25 38 57 N1327 -
03 25 51 -04 06 57 N1328 Gx
03 26 08 -17 35 58 N1329 Gx 14p
03 29 38 +41 23 01 N1330 Gx 15p
03 26 43 -21 19 58 N1331 Gx 1.1 14p
03 26 31 -21 18 58 N1332 Gx 4.6 10.3
03 29 37 +31 26 01 N1333 Nb 9
03 30 26 +41 51 01 N1334 Gx 15p
03 30 44 +41 36 01 N1335 Gx 15p
03 26 48 -35 42 58 N1336 Gx
03 28 21 -08 21 58 N1337 Gx 6.8 11.7
03 29 14 -12 08 59 N1338 Gx 13p
03 28 18 -32 15 58 N1339 Gx 2.3 13p
03 28 30 -30 52 58 N1340 -
03 28 11 -37 07 58 N1341 Gx 1.6 13p
03 31 55 +37 21 00 N1342 OC 14 6.7
03 38 21 +72 34 58 N1343 Gx 2.8 12.3
03 28 30 -31 02 58 N1344 Gx 3.9 10.3
03 29 38 -17 46 59 N1345 Gx 1.4 13.7
03 30 21 -05 31 59 N1346 Gx 15p
03 29 55 -22 14 59 N1347 Gx 13p
03 34 10 +51 27 00 N1348 OC
03 31 40 +04 23 01 N1349 Gx 15p
03 31 18 -33 36 59 N1350 Gx 4.3 10.5
03 30 42 -34 50 59 N1351 Gx 1.8 13p
03 31 44 -19 15 00 N1352 Gx 15p
03 32 19 -20 48 00 N1353 Gx 3.4 11.4
03 32 38 -15 12 00 N1354 Gx 14p
03 33 39 -04 59 00 N1355 Gx 1.8 13.1
03 30 51 -50 15 59 N1356 Gx
03 33 26 -13 39 00 N1357 Gx 2.4 13p
03 33 57 -05 04 00 N1358 Gx 2.8 12.1
03 34 01 -19 28 00 N1359 Gx 1.9 12.2
03 33 31 -25 50 00 N1360 Pl 6.5
03 34 27 -06 14 00 N1361 Gx
03 34 01 -20 16 00 N1362 Gx 14p
03 35 02 -09 49 01 N1363 Gx
03 35 14 -09 49 01 N1364 Gx
03 33 47 -36 07 00 N1365 Gx 9.8 9.5
03 34 06 -31 11 00 N1366 Gx 2.7 13p
03 34 55 -24 55 01 N1367 -
03 35 14 -15 37 01 N1368 Gx 15p
03 34 17 -36 16 00 N1369 -
03 35 25 -20 21 01 N1370 Gx 14p
03 35 13 -24 55 01 N1371 Gx 5.4 11p
03 37 14 -15 52 01 N1372 Gx
03 35 18 -35 10 01 N1373 Gx
03 35 30 -35 13 01 N1374 Gx 1.8 12p
03 35 24 -35 15 01 N1375 Gx 1.9
03 37 21 -05 02 01 N1376 Gx 2.0 13p
03 36 55 -20 53 01 N1377 Gx 14p
03 36 06 -35 11 01 N1378 D*
03 36 18 -35 26 01 N1379 Gx 2.0 12p
03 36 42 -34 58 01 N1380 Gx 4.9 11p
03 36 48 -35 17 01 N1381 Gx 2.9 12p
03 37 18 -35 11 01 N1382 Gx 2.1
03 37 50 -18 19 02 N1383 Gx 14p
03 39 29 +15 50 58 N1384 Gx 15p
03 37 43 -24 29 02 N1385 Gx 3.0 11.2
03 37 05 -35 59 01 N1386 Gx 3.5 12p
03 37 12 -35 30 01 N1387 Gx 2.4 12p
03 38 32 -15 52 02 N1388 Gx
03 37 23 -35 44 02 N1389 Gx 2.1 13p
03 38 08 -18 59 02 N1390 Gx 15p
03 38 44 -18 20 02 N1391
03 36 59 -36 15 01 N1392 Gx
03 38 50 -18 25 02 N1393 Gx 1.8 14p
03 39 20 -18 16 02 N1394 Gx 1.5 14p
03 38 43 -23 01 02 N1395 Gx 3.2 11p
03 38 17 -35 39 02 N1396 -
03 39 51 -04 39 02 N1397 Gx 14p
03 39 07 -26 19 02 N1398 Gx 6.6 9.7
03 38 41 -35 26 02 N1399 Gx 3.2 9.9
03 39 44 -18 40 02 N1400 Gx 1.9 11.1
03 39 37 -22 43 02 N1401 Gx 2.8 13p
03 39 38 -18 30 02 N1402 Gx 15p
03 39 31 -22 22 02 N1403 Gx 14p
03 39 05 -35 34 02 N1404 Gx 2.5 10.3
03 40 26 -15 29 03 N1405 Gx 16p
03 39 36 -31 18 02 N1406 Gx 3.9 13p
03 40 26 -18 34 03 N1407 Gx 2.5 9.8
03 39 35 -35 30 02 N1408 -
03 41 27 -01 16 03 N1409 Gx 1.3 15p
03 41 27 -01 16 03 N1410 Gx
03 38 58 -44 04 02 N1411 Gx 2.8 12p
03 40 49 -26 12 03 N1412 -
03 40 32 -15 34 03 N1413 Gx
03 41 43 -21 40 03 N1414
03 41 13 -22 33 03 N1415 Gx 3.6 12p
03 41 13 -22 42 03 N1416 Gx 1.5 14p
03 42 15 -04 41 03 N1417 Gx 2.8 12.0
03 42 33 -04 43 03 N1418 Gx 1.5 15p
03 40 47 -37 30 03 N1419 Gx
03 42 57 -05 50 03 N1420 T*
03 42 44 -13 28 03 N1421 Gx 3.6 11.4
03 41 43 -21 40 03 N1422 Gx 2.1 13p
03 42 51 -06 21 03 N1423 Gx 15p
03 43 27 -04 43 04 N1424 Gx 2.1 15p
03 42 24 -29 53 03 N1425 Gx 5.4 12p
03 43 01 -22 06 04 N1426 Gx 2.1 11.4
03 42 29 -35 24 03 N1427 Gx 2.8 12p
03 42 35 -35 09 03 N1428 Gx 1.8
03 44 15 -04 42 04 N1429 S*
03 43 38 -18 13 04 N1430 -
03 44 52 +02 51 56 N1431 Gx 15p
03 46 06 +24 22 55 N1432 Nb 30
03 42 09 -47 12 03 N1433 Gx 6.8 10.0
03 44 38 -09 40 04 N1434 -
03 46 24 +23 47 55 N1435 Nb 30
03 43 47 -35 50 04 N1436 Gx
03 43 47 -35 51 04 N1437 Gx 2.9 12p
03 45 37 -23 00 04 N1438 Gx 2.6
03 45 01 -21 54 04 N1439 Gx 2.3 12p
03 45 14 -18 15 04 N1440 Gx 2.3 13p
03 45 57 -04 05 05 N1441 Gx 1.5 12.9
03 45 14 -18 15 04 N1442 Gx
03 45 57 -04 00 05 N1443 S*
03 49 47 +52 40 54 N1444 OC 4 6.6
03 45 08 -09 49 04 N1445 Gx
03 46 15 -04 03 05 N1446 Gx 0.4 14p
03 46 02 -08 58 05 N1447 Gx
03 44 40 -44 38 04 N1448 Gx 8.1 11p
03 46 15 -04 07 05 N1449 Gx 1.1 13.5
03 45 50 -09 12 05 N1450 Gx
03 46 21 -04 03 05 N1451 Gx 0.7 13.3
03 45 37 -18 37 04 N1452 Gx 1.7 13p
03 46 39 -03 57 05 N1453 Gx 2.1 11.6
03 46 07 -20 40 05 N1454 -
03 45 37 -18 37 04 N1455 Gx 2.6
03 48 30 +22 34 55 N1456 -
03 44 40 -44 37 04 N1457 Gx
03 47 14 -18 14 05 N1458 -
03 47 13 -25 30 05 N1459 Gx 14p
03 46 17 -36 40 05 N1460 Gx
03 48 44 -16 23 06 N1461 Gx 3.3 11.7
03 50 34 +06 59 54 N1462 Gx 15p
03 46 18 -59 47 05 N1463 Gx
03 51 38 -15 24 07 N1464 Gx
03 53 55 +32 28 53 N1465 Gx 15p
03 44 29 -71 40 04 N1466 Gb 2.3 11.4
03 52 08 -08 50 07 N1467 Gx 15p
03 52 27 -06 20 07 N1468 Gx 15p
04 01 00 +68 35 50 N1469 Gx 2.3 15p
03 52 26 -09 00 07 N1470 Gx 15p
03 53 20 -15 23 07 N1471 -
03 53 57 -08 34 08 N1472 Gx
03 47 25 -68 11 05 N1473 Gx
03 54 26 -10 24 08 N1474 Gx 14p
03 54 21 -08 06 08 N1475 -
03 52 16 -44 31 07 N1476 Gx 1.7
03 54 15 -08 34 08 N1477 Gx
03 54 21 -08 33 08 N1478 Gx
03 54 38 -10 11 08 N1479 -
03 54 44 -10 15 08 N1480
03 54 37 -20 24 08 N1481 Gx 15p
03 54 55 -20 29 08 N1482 Gx 1.5 14p
03 52 51 -47 28 07 N1483 Gx
03 54 23 -36 59 08 N1484 Gx
04 05 38 +71 00 48 N1485 Gx 2.4 14p
03 56 31 -21 48 08 N1486 Gx 15p
03 55 58 -42 21 08 N1487 Gx 2.0 12p
03 58 23 +18 34 51 N1488 Gx 15p
03 57 49 -19 13 09 N1489 Gx 14p
03 53 33 -66 01 07 N1490 Gx
04 03 47 +51 19 49 N1491 Nb 3
03 58 17 -35 26 09 N1492 Gx
03 57 39 -46 11 09 N1493 Gx 2.6 12p
03 57 51 -48 53 09 N1494 Gx 2.6 12p
03 58 34 -44 27 09 N1495 Gx 2.9
04 04 47 +52 37 48 N1496 OC 6 10p
04 02 24 +23 08 49 N1497 Gx 14p
04 00 44 -12 00 10 N1498 -
04 01 02 +36 37 50 N1499 Nb 145
03 58 20 -52 18 09 N1500 Gx
04 07 26 +60 55 47 N1501 Pl 0.9 13p
04 08 09 +62 20 47 N1502 OC 8 5.7
03 56 32 -66 01 09 N1503 Gx
04 02 44 -09 18 11 N1504 Gx 15p
04 02 56 -09 17 11 N1505 Gx 15p
04 00 32 -52 33 10 N1506 Gx
04 04 45 -02 10 12 N1507 Gx 3.4 12.2
04 06 06 +25 24 48 N1508 Gx 15p
04 04 14 -11 11 11 N1509 Gx 15p
04 03 40 -43 24 11 N1510 Gx 1.0 13.0
03 59 31 -67 37 10 N1511 Gx 3.3 12p
04 04 04 -43 20 11 N1512 Gx 4.0 10.6
04 10 22 +49 31 46 N1513 OC 9 8.4
04 09 31 +30 47 47 N1514 Pl 1.9 10p
04 04 13 -54 05 11 N1515 Gx 5.4 11.0
04 08 20 -08 52 13 N1516 Gx 15p
04 09 34 +08 39 47 N1517 Gx 14p
04 07 01 -21 10 12 N1518 Gx 3.0 11.8
04 08 20 -17 11 13 N1519 Gx 2.0 13p
03 57 21 -76 49 09 N1520 OC
04 08 31 -21 02 13 N1521 Gx 2.9 11.4
04 06 14 -52 39 12 N1522 Gx
04 06 19 -54 05 12 N1523 At
04 10 32 -08 47 14 N1524 -
04 10 32 -08 47 14 N1525 -
04 05 14 -65 49 12 N1526 Gx
04 08 33 -47 52 13 N1527 Gx 3.4 12p
04 15 47 +51 14 44 N1528 OC 24 6.4
04 07 16 -62 53 13 N1529 Gx
04 24 03 +75 18 41 N1530 Gx 4.9 12p
04 12 12 -32 50 15 N1531 Gx 1.3 12.1
04 12 18 -32 51 15 N1532 Gx 5.6 11p
04 10 01 -56 06 14 N1533 Gx 2.9 10.9
04 08 52 -62 46 13 N1534 Gx
04 14 26 -12 43 15 N1535 Pl 0.7 10p
04 11 06 -56 28 14 N1536 Gx 2.0 13p
04 13 54 -31 38 15 N1537 Gx 12p
04 14 56 -13 11 16 N1538 Gx 15p
04 19 18 +26 51 43 N1539 Gx 15p
04 15 24 -28 28 16 N1540 Gx 1.2
04 17 15 +00 50 44 N1541 Gx 15p
04 17 28 +04 48 43 N1542 Gx 15p
04 12 54 -57 43 15 N1543 Gx 3.9 10.6
05 04 53 +86 13 25 N1544 Gx 14p
04 21 17 +50 15 42 N1545 OC 18 6.2
04 14 42 -56 03 16 N1546 Gx 3.2 11.6
04 17 25 -17 52 17 N1547
04 21 20 +36 56 42 N1548 OC
04 15 49 -55 35 16 N1549 Gx 3.7 9.9
04 19 52 +02 26 43 N1550 Gx 14p
04 19 52 +01 25 43 N1551 -
04 20 33 -00 39 18 N1552 Gx 14p
04 16 19 -55 46 16 N1553 Gx 4.1 9.5
04 22 06 +19 32 42 N1554 Nb var
04 23 12 +19 32 41 N1555 Nb
04 17 50 -50 09 17 N1556 Gx
04 13 17 -70 24 15 N1557 -
04 19 27 -45 01 17 N1558 Gx
04 17 40 -62 46 17 N1559 Gx 3.3 10.5
04 33 22 +71 53 37 N1560 Gx 9.8 11.5
04 23 14 -15 50 19 N1561 Gx 15p
04 21 56 -15 44 18 N1562 Gx
04 23 08 -15 43 19 N1563
04 23 08 -15 43 19 N1564 Gx
04 23 38 -15 44 19 N1565 Gx 15p
04 20 07 -54 55 18 N1566 Gx 7.6 9.4
04 21 15 -48 14 18 N1567 Gx 1.2
04 24 39 -00 44 19 N1568 Gx 15p
04 31 17 +64 51 38 N1569 Gx 2.9 11.2
04 22 16 -43 37 18 N1570 Gx
04 22 22 -43 37 19 N1571 Gx
04 22 46 -40 35 19 N1572 Gx
04 35 36 +73 15 36 N1573 Gx 2.2 14p
04 22 06 -56 57 18 N1574 Gx 2.0 10.5
04 26 32 -10 06 20 N1575 Gx 13p
04 26 27 -03 36 20 N1576 Gx 15p
04 26 32 -10 06 20 N1577 Gx 13p
04 23 56 -51 34 19 N1578 Gx
04 30 32 +35 16 38 N1579 Nb 12
04 28 27 -05 10 21 N1580 Gx 14p
04 24 49 -54 55 20 N1581 Gx
04 32 21 +43 51 38 N1582 OC 37 7p
04 28 31 -17 36 21 N1583 Gx 15p
04 28 19 -17 31 21 N1584 Gx
04 27 40 -42 08 21 N1585 Gx
04 30 57 -00 18 22 N1586 Gx 14p
04 30 57 +00 40 38 N1587 Gx 2.0 13p
04 31 03 +00 39 38 N1588 Gx 1.8 14p
04 31 03 +00 51 38 N1589 Gx 3.1 14p
04 31 28 +07 37 38 N1590 Gx 1.3 15p
04 29 36 -26 43 21 N1591 Gx 13p
04 29 48 -26 57 21 N1592
04 32 09 +00 34 38 N1593 Gx
04 31 03 -05 47 22 N1594 Gx 14p
04 28 33 -47 48 21 N1595 Gx 1.5
04 27 43 -55 01 21 N1596 Gx 3.9 11.0
04 31 26 -11 16 22 N1597 Gx 15p
04 28 45 -47 46 21 N1598 Gx 1.6
04 31 51 -04 34 22 N1599 Gx 1.1 15p
04 31 57 -05 04 22 N1600 Gx 2.5 11.1
04 32 03 -05 05 22 N1601 Gx 1.0 13.8
04 28 01 -55 02 21 N1602 Gx
04 31 57 -05 05 22 N1603 Gx 15p
04 32 09 -05 21 22 N1604 Gx 14p
04 35 22 +45 15 36 N1605 OC 5 10.7
04 32 21 -05 01 23 N1606 Gx
04 32 15 -04 26 22 N1607 Gx 15p
04 32 09 +00 35 38 N1608 Gx 15p
04 32 51 -04 21 23 N1609 Gx 15p
04 34 21 -04 41 23 N1610 Gx
04 33 15 -04 16 23 N1611 Gx 15p
04 33 21 -04 09 23 N1612 Gx 15p
04 33 33 -04 14 23 N1613 Gx 15p
04 34 14 -08 34 23 N1614 Gx 1.3 12.9
04 36 18 +19 57 36 N1615 Gx 1.6 15p
04 32 51 -43 42 23 N1616 Gx
04 31 49 -54 35 22 N1617 Gx 4.7 10.4
04 36 21 -03 08 24 N1618 Gx 2.8 12.6
04 36 27 -04 49 24 N1619 -
04 36 51 -00 08 24 N1620 Gx 3.0 14p
04 36 33 -04 57 24 N1621 Gx 14p
04 36 51 -03 10 24 N1622 Gx 3.9 12.3
04 35 08 -13 30 24 N1623 Gx
04 40 47 +50 27 34 N1624 CN 5 10.4
04 37 21 -03 17 25 N1625 Gx 2.7 12.4
04 37 27 -04 59 25 N1626 -
04 37 45 -04 50 25 N1627 Gx 13p
04 37 45 -04 41 25 N1628 Gx 14p
04 29 15 -71 49 21 N1629 OC
04 37 31 -18 53 25 N1630 Gx
04 38 37 -20 39 25 N1631 Gx 14p
04 38 08 -09 30 25 N1632 Gx 13p
04 40 16 +07 21 34 N1633 Gx 14p
04 40 16 +07 20 34 N1634 Gx 15p
04 40 21 -00 32 26 N1635 Gx 1.7 14p
04 40 56 -08 35 26 N1636 Gx 14p
04 41 45 -02 50 26 N1637 Gx 3.3 10.9
04 41 51 -01 48 26 N1638 Gx 2.5 12.1
04 41 07 -16 59 26 N1639 T*
04 42 25 -20 25 27 N1640 Gx 2.8 11.7
04 36 08 -65 45 24 N1641 OC
04 43 09 +00 37 33 N1642 Gx 2.0 14p
04 43 51 -05 16 27 N1643 Gx 14p
04 38 01 -66 11 25 N1644 Gb 13p
04 44 15 -05 25 27 N1645 Gx 14p
04 44 32 -08 32 27 N1646 Gx 14p
04 46 18 +19 04 32 N1647 OC 45 6.4
04 44 44 -08 28 28 N1648 Gx 16p
04 38 05 -68 48 25 N1649 -
04 45 20 -15 50 28 N1650 Gx 14p
04 37 28 -70 34 25 N1651 Gb
04 38 05 -68 39 25 N1652 Gb
04 46 03 -02 24 28 N1653 Gx 2.0 13p
04 46 03 -02 05 28 N1654 Gx 1.0 14p
04 46 30 +20 56 32 N1655
04 46 03 -05 07 28 N1656 Gx 14p
04 46 27 -02 03 28 N1657 Gx 15p
04 44 10 -41 26 27 N1658 Gx
04 46 45 -04 46 28 N1659 Gx 1.7 12.5
04 44 22 -41 28 27 N1660 Gx
04 47 27 -02 02 29 N1661 Gx 14p
04 48 47 +10 56 31 N1662 OC 20 6.4
04 48 53 +13 10 31 N1663 OC
04 51 27 +43 42 30 N1664 OC 18 7.6
04 48 27 -05 24 29 N1665 Gx 14p
04 48 45 -06 33 29 N1666 Gx 1.3 14p
04 48 51 -06 18 29 N1667 Gx 1.5 12.1
04 46 15 -44 42 28 N1668 Gx
04 43 01 -65 47 27 N1669 Gx
04 50 09 -02 43 30 N1670 Gx 14p
04 50 33 -00 45 30 N1671 -
04 45 47 -59 14 28 N1672 Gx 4.8 11p
04 42 22 -69 50 27 N1673 OC
04 52 42 +23 54 29 N1674 -
04 52 42 +23 54 29 N1675 -
04 43 41 -68 49 27 N1676 OC
04 51 03 -04 51 30 N1677 Gx 15p
04 51 57 -02 37 31 N1678 Gx 14p
04 50 11 -31 58 30 N1679 Gx 3.2
04 48 44 -47 48 29 N1680 Gx 1.3
04 51 57 -05 48 31 N1681 Gx 13p
04 52 33 -03 05 31 N1682 Gx 14p
04 52 33 -03 00 31 N1683 Gx
04 52 45 -03 05 31 N1684 Gx 13p
04 52 51 -02 56 31 N1685 Gx 14p
04 53 02 -15 21 31 N1686 Gx 14p
04 51 29 -33 55 30 N1687 Gx
04 48 28 -59 47 29 N1688 Gx 2.4 12p
04 53 51 -06 19 31 N1689 -
04 54 34 +01 38 28 N1690 Gx 1.3 14p
04 54 52 +03 15 28 N1691 Gx 13p
04 55 37 -20 33 32 N1692 Gx 1.3
04 47 29 -69 20 29 N1693 OC
04 55 27 -04 38 32 N1694 Gx 15p
04 47 34 -69 23 29 N1695 OC
04 47 59 -68 15 29 N1696 OC
04 48 35 -68 31 29 N1697 OC
04 49 23 -69 09 30 N1698 Nb
04 57 15 -04 44 33 N1699 Gx 1.1 15p
04 57 09 -04 51 33 N1700 Gx 2.9 11.0
04 56 00 -29 52 32 N1701 Gx 14p
04 49 16 -69 50 30 N1702 OC
04 52 52 -59 44 31 N1703 Gx 3.2
04 49 40 -69 44 30 N1704 OC
04 54 19 -53 21 32 N1705 Gx 1.8 12.3
04 52 33 -62 58 31 N1706 Gx 1.4
04 59 10 +08 14 26 N1707 -
05 03 00 +52 53 25 N1708 -
04 59 03 -00 28 34 N1709 Gx 15p
04 57 32 -15 17 33 N1710 Gx 14p
04 50 28 -69 59 30 N1711 OC 10p
04 51 16 -69 27 30 N1712 CN
04 59 09 -00 29 34 N1713 Gx 14p
04 52 06 -66 55 31 N1714 Nb
04 52 06 -66 54 31 N1715 Nb
04 58 37 -20 23 33 N1716 Gx 14p
04 59 27 -00 14 34 N1717 S*
04 52 12 -67 03 31 N1718 OC
04 59 51 -00 15 34 N1719 Gx 14p
04 59 32 -07 51 34 N1720 Gx 1.8 13p
04 59 26 -11 07 34 N1721 Gx 13p
04 52 10 -69 23 31 N1722 CN
04 59 38 -10 58 34 N1723 Gx 3.7 12p
05 03 53 +49 30 24 N1724 OC 10p
04 59 32 -11 07 34 N1725 Gx 13p
04 59 56 -07 44 34 N1726 Gx 1.4 12.1
04 52 10 -69 20 31 N1727 CN
04 59 38 -11 07 34 N1728 Gx 13p
05 00 21 -03 20 34 N1729 Gx 13p
04 59 50 -15 49 34 N1730 Gx 3.0 13p
04 53 24 -66 55 31 N1731 CN
04 52 53 -68 39 31 N1732 OC
04 53 55 -66 40 31 N1733 OC
04 53 17 -68 46 31 N1734 OC
04 53 54 -67 06 31 N1735 CN
04 53 05 -68 03 31 N1736 Nb
04 54 17 -69 11 32 N1737 CN
05 01 55 -18 10 35 N1738 Gx 13p
05 01 55 -18 11 35 N1739 Gx 14p
05 02 09 -03 17 35 N1740 Gx 15p
05 01 51 -04 15 35 N1741 Gx 1.7 13.4
05 01 57 -03 17 35 N1742 S*
04 53 59 -69 11 32 N1743 CN
05 00 12 -26 00 34 N1744 Gx 6.8 11.2
04 54 17 -69 11 32 N1745 CN
05 03 54 +23 49 24 N1746 OC 42 6p
04 54 54 -67 10 32 N1747 CN
04 54 23 -69 11 32 N1748 CN
04 54 35 -68 11 32 N1749 OC
05 04 12 +23 39 24 N1750 OC
04 54 10 -69 48 32 N1751 Gb
05 02 20 -08 13 35 N1752 Gx 2.6 13p
05 02 39 -03 20 35 N1753 Gx 15p
04 54 21 -70 26 32 N1754 Gb
04 54 59 -68 10 32 N1755 OC 2 9.9
04 54 34 -69 14 32 N1756 OC
05 02 51 -04 43 35 N1757 -
05 04 42 +23 46 24 N1758 OC
05 00 58 -38 42 34 N1759 Gx
04 56 31 -66 31 33 N1760 CN
04 56 25 -66 29 33 N1761 CN
05 03 52 +01 34 24 N1762 Gx 13p
04 56 49 -66 23 33 N1763 Nb 25
04 56 12 -67 40 32 N1764 OC
04 58 27 -62 01 33 N1765 Gx
04 55 46 -70 13 32 N1766 OC
04 56 16 -69 23 33 N1767 CN
04 56 41 -68 14 33 N1768 OC
04 57 43 -66 27 33 N1769 CN
04 56 59 -68 24 33 N1770 CN 9p
04 58 57 -63 17 34 N1771 Gx
04 56 40 -69 33 33 N1772 CN
04 58 19 -66 20 33 N1773 CN
04 57 48 -67 14 33 N1774 OC 10p
04 56 45 -70 25 33 N1775 OC
04 58 25 -66 25 33 N1776 OC
04 55 41 -74 16 32 N1777 OC
05 08 26 +37 03 23 N1778 OC 7 7.7
05 05 32 -09 08 36 N1779 Gx 2.6 13p
05 06 37 -19 28 37 N1780 Gx 15p
05 08 07 -18 09 37 N1781
04 57 34 -69 22 33 N1782 CN
04 58 55 -65 59 34 N1783 Gb 11p
05 05 38 -11 51 36 N1784 Gx 4.2 11.8
04 58 35 -68 51 33 N1785 -
04 59 06 -67 44 34 N1786 Gb 1.2 10.1
04 59 07 -65 43 34 N1787 OC
05 07 09 -03 20 37 N1788 Nb 8
04 57 44 -71 53 33 N1789 OC
05 11 42 +52 04 21 N1790 -
04 58 58 -70 09 34 N1791 Nb
05 05 22 -37 58 36 N1792 Gx 4.0 10.2
04 59 22 -69 32 34 N1793 OC
05 08 07 -18 09 37 N1794 Gx 14p
04 59 28 -69 47 34 N1795 Gb
05 02 46 -61 07 35 N1796 Gx 2.0 13p
05 07 56 -08 01 37 N1797 Gx 15p
05 11 59 +47 40 21 N1798 -
05 07 56 -07 57 37 N1799 Gx 15p
05 06 35 -31 56 37 N1800 Gx 1.6 12.6
05 00 28 -69 37 34 N1801 OC
05 10 30 +24 06 22 N1802 -
05 05 32 -49 33 36 N1803 Gx 1.1
05 00 52 -69 04 34 N1804 OC
05 02 13 -66 05 35 N1805 OC 10p
05 01 53 -67 58 35 N1806 Gb 11p
05 10 59 +16 32 21 N1807 OC 17 7.0
05 07 52 -37 30 37 N1808 Gx 7.2 9.9
05 01 58 -69 33 35 N1809 Gx
05 03 07 -66 21 35 N1810 OC
05 08 54 -29 16 38 N1811 Gx 15p
05 09 06 -29 15 38 N1812 Gx 14p
05 02 33 -70 18 35 N1813 OC
05 03 48 -67 16 36 N1814 CN 9p
05 02 15 -70 36 35 N1815 OC
05 03 48 -67 16 36 N1816 CN 9p
05 12 23 +16 42 21 N1817 OC 16 7.7
05 04 13 -66 23 36 N1818 OC 3 9.8
05 11 58 +05 12 21 N1819 Gx 13p
05 03 48 -67 16 36 N1820 OC 9p
05 11 56 -15 06 39 N1821 Gx 14p
05 05 01 -66 11 36 N1822 OC
05 03 27 -70 20 36 N1823 OC
05 06 58 -59 42 37 N1824 Gx
05 04 05 -68 54 36 N1825 OC
05 05 25 -66 12 36 N1826 OC
05 10 16 -36 57 38 N1827 Gx 3.4
05 04 04 -69 22 36 N1828 OC
05 04 41 -68 02 36 N1829 CN 8p
05 04 28 -69 19 36 N1830 OC
05 06 07 -64 54 37 N1831 OC 11p
05 12 20 -15 40 39 N1832 Gx 2.8 11.4
05 04 15 -70 42 36 N1833 CN
05 05 16 -69 12 36 N1834 T*
05 05 10 -69 23 36 N1835 Gb 1.2 9.8
05 05 17 -68 36 36 N1836 OC
05 04 39 -70 41 36 N1837 CN
05 05 53 -68 26 37 N1838 OC
05 05 53 -68 36 37 N1839 CN
05 06 20 -71 48 37 N1840 OC
04 44 15 -83 59 28 N1841 Gb 12p
05 07 06 -67 15 37 N1842 OC
05 14 20 -10 37 40 N1843 Gx 1.8
05 07 12 -67 18 37 N1844 OC
05 06 15 -70 27 37 N1845 OC
05 07 36 -67 27 37 N1846 Gb 11p
05 06 52 -68 58 37 N1847 OC
05 07 14 -71 10 37 N1848 CN
05 09 13 -66 17 38 N1849 OC
05 08 29 -68 45 38 N1850 OC 3 9.3
05 14 16 -40 02 40 N1851 Gb 11.0 7.3
05 08 59 -67 46 38 N1852 CN
05 12 23 -57 23 39 N1853 Gx 2.0
05 09 05 -68 50 38 N1854 OC 10p
05 09 23 -68 50 38 N1855 -
05 09 22 -69 07 38 N1856 OC 10p
05 20 33 +39 21 17 N1857 OC 6 7.0
05 09 40 -68 53 38 N1858 CN
05 11 25 -65 12 39 N1859 OC
05 10 23 -68 45 38 N1860 OC
05 10 03 -70 45 38 N1861 OC
05 12 13 -66 07 39 N1862 OC
05 11 23 -68 46 39 N1863 OC
05 12 29 -67 37 39 N1864 OC
05 12 11 -68 46 39 N1865 OC
05 13 31 -65 27 40 N1866 OC 5 9.8
05 13 30 -66 16 40 N1867 OC
05 14 32 -63 56 40 N1868 Gb
05 13 48 -67 22 40 N1869 CN
05 12 58 -69 07 40 N1870 OC
05 13 42 -67 27 40 N1871 CN
05 12 58 -69 19 40 N1872 CN
05 13 42 -67 19 40 N1873 CN
05 13 10 -69 22 40 N1874 CN
05 22 04 +06 41 17 N1875 Gx 15p
05 13 10 -69 22 40 N1876 CN
05 13 10 -69 22 40 N1877 CN
05 12 33 -70 27 39 N1878 OC
05 19 59 -32 08 43 N1879 Gx 2.2 13p
05 13 34 -69 22 40 N1880 CN
05 13 10 -69 20 40 N1881 CN
05 15 13 -66 06 41 N1882 OC
05 26 16 +46 33 15 N1883 OC 3 12p
05 15 55 -66 09 41 N1884 -
05 14 58 -68 57 40 N1885 OC
05 22 00 -23 48 43 N1886 Gx 2.6
05 15 48 -66 17 41 N1887 OC
05 22 44 -11 29 44 N1888 Gx 3.0 12.0
05 22 44 -11 28 44 N1889 Gx 0.8 14p
05 13 49 -72 03 40 N1890 OC
05 21 29 -35 43 43 N1891 -
05 17 07 -64 56 41 N1892 Gx
05 23 02 +33 24 16 N1893 OC 11 7.5
05 15 40 -69 26 41 N1894 OC
05 16 54 -67 18 41 N1895 Nb
05 25 42 +20 10 15 N1896 -
05 17 24 -67 25 41 N1897 OC
05 16 40 -69 35 41 N1898 Gb 11p
05 17 47 -67 52 42 N1899 Nb
05 19 02 -63 01 42 N1900 OC
05 17 47 -68 25 42 N1901 OC
05 18 06 -66 36 42 N1902 OC
05 17 10 -69 17 41 N1903 OC 12p
05 24 42 -24 32 45 N1904 Gb 8.7 8.0
05 18 12 -67 14 42 N1905 OC
05 25 01 -15 57 45 N1906
05 28 20 +35 19 14 N1907 OC 7 8.2
05 26 15 -02 31 45 N1908 -
05 26 08 -08 07 45 N1909 -
05 18 04 -69 12 42 N1910 OC 1
05 19 12 -66 45 42 N1911 -
05 29 02 +35 50 14 N1912 OC 21 6.4
05 18 22 -69 32 42 N1913 OC
05 17 32 -71 13 42 N1914 CN
05 19 36 -66 47 42 N1915 -
05 17 28 -69 21 42 N1916 OC
05 18 58 -68 59 42 N1917 Gb
05 19 04 -69 38 42 N1918 CN
05 20 00 -66 54 43 N1919 CN
05 20 36 -66 47 43 N1920 Nb
05 19 16 -69 47 42 N1921 Nb
05 19 40 -69 28 42 N1922 OC
05 21 01 -65 29 43 N1923 CN
05 28 09 -05 18 46 N1924 Gx 13p
05 21 49 -65 47 43 N1925 CN
05 20 28 -69 29 43 N1926 OC
05 28 56 -08 22 46 N1927 -
05 20 46 -69 28 43 N1928 OC
05 21 35 -67 55 43 N1929 CN
05 26 02 -46 43 45 N1930 Gx
05 31 44 +34 15 12 N1931 CN 3 11.3
05 22 24 -66 08 44 N1932 OC
05 22 12 -66 08 44 N1933 OC
05 21 47 -67 55 43 N1934 CN
05 21 53 -67 57 43 N1935 CN
05 22 05 -67 58 44 N1936 CN
05 22 17 -67 54 44 N1937 CN
05 21 21 -69 54 43 N1938 OC
05 21 21 -69 55 43 N1939 OC
05 22 36 -67 11 44 N1940 OC
05 23 06 -66 22 44 N1941 Nb
05 24 44 -63 55 45 N1942 OC
05 22 39 -70 09 44 N1943 CN 12p
05 21 48 -72 29 43 N1944 OC
05 25 24 -66 20 45 N1945 Nb
05 25 06 -66 24 45 N1946 OC
05 26 50 -63 45 46 N1947 Gx 3.0 10.8
05 25 30 -66 14 45 N1948 CN
05 25 05 -68 28 45 N1949 Nb
05 24 27 -69 56 45 N1950 OC
05 25 54 -66 35 45 N1951 OC 10p
05 34 48 +22 01 11 N1952 Nb 6 8.4
05 25 22 -68 47 45 N1953 Gb
05 33 02 -14 03 48 N1954 Gx 4.1 13p
05 26 05 -67 28 45 N1955 CN 9p
05 19 27 -77 44 42 N1956 Gx
05 33 08 -14 06 48 N1957 Gx
05 25 27 -69 49 45 N1958 OC
05 25 45 -69 55 45 N1959 OC
05 36 26 +34 08 10 N1960 OC 12 6.0
05 42 39 +69 23 08 N1961 Gx 4.3 11.1
05 26 28 -68 46 45 N1962 CN 8p
05 33 28 -36 24 48 N1963 Gx 3.5
05 33 37 -21 56 48 N1964 Gx 6.2 10.8
05 26 28 -68 46 45 N1965 CN 8p
05 26 46 -68 48 46 N1966 Nb 13
05 26 28 -69 03 45 N1967 OC
05 27 11 -67 25 46 N1968 CN 9p
05 26 27 -69 48 45 N1969 OC
05 26 28 -68 46 45 N1970 CN 8p
05 26 39 -69 50 45 N1971 OC
05 26 39 -69 48 45 N1972 OC
05 35 21 -04 43 49 N1973 Nb 5
05 27 53 -67 23 46 N1974 CN 9p
05 35 39 -04 40 49 N1975 Nb 10
05 35 39 -05 26 49 N1976 Nb 66 4
05 35 45 -04 51 49 N1977 Nb 20
05 28 36 -66 13 46 N1978 Gb 2.7 9.9
05 34 01 -23 18 49 N1979 Gx 13p
05 35 39 -05 53 49 N1980 Nb 14
05 35 27 -04 25 49 N1981 OC 25 4.6
05 35 51 -05 15 49 N1982 Nb 20 9
05 27 28 -68 56 46 N1983 CN 8p
05 27 28 -69 05 46 N1984 CN
05 38 02 +32 00 10 N1985 Nb
05 27 27 -69 57 46 N1986 OC 11p
05 27 08 -70 45 46 N1987 Gb 12p
05 37 48 +21 14 10 N1988 S*
05 34 35 -30 47 49 N1989 Gx 1.8
05 36 27 -01 11 50 N1990 Nb 50
05 28 59 -67 25 46 N1991 -
05 34 41 -30 55 49 N1992 Gx 15p
05 35 43 -17 48 49 N1993 Gx 14p
05 28 10 -69 06 46 N1994 OC
05 32 38 -48 41 48 N1995 D*
05 38 31 +25 49 10 N1996 -
05 30 32 -63 11 47 N1997 OC
05 33 26 -48 40 48 N1998 Gx
05 36 45 -06 41 50 N1999 Nb 16
