05 27 19 -71 54 46 N2000 OC
05 29 04 -68 43 47 N2001 CN
05 30 12 -66 51 47 N2002 OC
05 30 42 -66 26 47 N2003 OC
05 30 36 -67 16 47 N2004 OC 9.8
05 29 57 -69 43 47 N2005 OC
05 31 12 -66 56 47 N2006 OC
05 35 07 -50 55 49 N2007 Gx
05 35 13 -50 58 49 N2008 Gx
05 30 46 -69 08 47 N2009 OC
05 30 32 -70 48 47 N2010 OC
05 32 05 -67 30 48 N2011 CN 9p
05 22 15 -79 50 44 N2012 Gx 1.5
05 44 49 +55 48 07 N2013 -
05 32 11 -67 39 48 N2014 CN 8p
05 31 52 -69 12 48 N2015 CN
05 31 27 -69 55 48 N2016 OC
05 39 37 -17 50 51 N2017 -
05 30 32 -71 03 47 N2018 Nb 25
05 31 39 -70 09 48 N2019 Gb 11p
05 33 05 -67 41 48 N2020 Nb
05 33 23 -67 25 48 N2021 CN
05 42 22 +09 05 08 N2022 Pl 0.3 12p
05 41 51 -02 13 52 N2023 Nb 10
05 42 09 -01 50 52 N2024 Nb 30
05 33 01 -71 43 48 N2025 OC
05 43 24 +20 07 07 N2026 -
05 35 06 -66 54 49 N2027 CN
05 33 39 -69 55 49 N2028 OC
05 35 23 -67 32 49 N2029 CN
05 35 24 -66 00 49 N2030 CN
05 33 38 -70 58 49 N2031 OC
05 35 17 -67 33 49 N2032 CN
05 34 27 -69 43 49 N2033 CN
05 35 42 -66 55 49 N2034 CN
05 35 17 -67 33 49 N2035 CN
05 34 21 -70 03 49 N2036 OC
05 34 39 -69 44 49 N2037 CN
05 34 27 -70 32 49 N2038 OC
05 44 22 +08 38 07 N2039 -
05 36 05 -67 32 50 N2040 CN
05 36 24 -66 57 50 N2041 OC 10p
05 35 46 -68 53 49 N2042 CN
05 36 09 -70 04 50 N2043 -
05 35 52 -69 10 49 N2044 CN
05 45 17 +12 53 07 N2045
05 35 15 -70 13 49 N2046 OC
05 35 33 -70 10 49 N2047 OC
05 35 09 -69 45 49 N2048 Nb 18
05 43 36 -30 05 53 N2049 Gx 14p
05 36 28 -69 21 50 N2050 CN
05 36 08 -70 59 50 N2051 OC
05 37 15 -69 44 50 N2052 Nb
05 37 17 -67 23 50 N2053 OC
05 45 26 -10 04 54 N2054 At
05 36 58 -69 23 50 N2055 CN
05 36 26 -70 39 50 N2056 OC
05 36 39 -70 14 50 N2057 OC
05 36 33 -70 07 50 N2058 OC 12p
05 36 39 -70 05 50 N2059 OC
05 37 34 -69 09 50 N2060 CN
05 44 05 -33 56 53 N2061 -
05 40 00 -66 52 51 N2062 OC
05 47 04 +08 48 06 N2063 -
05 46 33 +00 00 06 N2064 Nb 12
05 37 15 -70 12 50 N2065 OC 11p
05 37 27 -70 09 50 N2066 OC
05 46 45 +00 06 06 N2067 Nb 8
05 46 57 +00 03 06 N2068 Nb 8 8
05 38 28 -69 04 51 N2069 Nb
05 38 34 -69 04 51 N2070 CN 40 8.2
05 47 27 +00 18 06 N2071 Nb 4
05 38 03 -70 13 50 N2072 OC
05 46 07 -21 58 54 N2073 Gx 13p
05 38 52 -69 28 51 N2074 CN
05 38 08 -70 39 50 N2075 CN
05 47 01 -16 45 54 N2076 Gx 14p
05 39 33 -69 39 51 N2077 CN 15
05 39 33 -69 44 51 N2078 CN
05 39 33 -69 46 51 N2079 CN
05 39 39 -69 38 51 N2080 CN
05 40 04 -69 23 51 N2081 CN
05 41 50 -64 17 52 N2082 Gx 1.6 13p
05 39 51 -69 44 51 N2083 CN
05 39 51 -69 44 51 N2084 CN
05 40 09 -69 38 51 N2085 CN
05 40 21 -69 38 51 N2086 CN
05 44 24 -55 31 53 N2087 Gx 1.1
05 40 46 -69 27 52 N2088 OC
05 48 01 -17 35 55 N2089 Gx 14p
05 47 11 -34 13 54 N2090 Gx 4.5 12p
05 40 52 -69 25 52 N2091 OC
05 41 28 -69 12 52 N2092 OC
05 41 28 -68 54 52 N2093 CN
05 42 05 -68 20 52 N2094 OC
05 42 41 -67 18 52 N2095 OC
05 42 10 -68 27 52 N2096 OC
05 44 08 -62 46 53 N2097 OC
05 42 29 -68 15 52 N2098 CN
05 52 44 +32 33 03 N2099 OC 24 5.6
05 41 58 -69 13 52 N2100 OC 2 9.6
05 46 31 -52 04 54 N2101 Gx 1.9
05 42 10 -69 28 52 N2102 OC
05 41 32 -71 19 52 N2103 CN
05 47 13 -51 32 54 N2104 Gx 2.0
05 44 12 -66 24 53 N2105 OC
05 50 55 -21 34 56 N2106 Gx 13p
05 43 08 -70 36 53 N2107 OC 11p
05 43 46 -69 11 53 N2108 Gb
05 44 22 -68 31 53 N2109 CN
05 52 27 -07 26 57 N2110 Gx 14p
05 44 38 -70 56 53 N2111 OC
05 54 09 +00 24 03 N2112 OC 11 9p
05 45 27 -69 44 54 N2113 CN
05 45 47 -68 02 54 N2114 OC
05 51 25 -50 34 56 N2115 Gx 1.2
05 46 52 -68 31 54 N2116 OC
05 47 17 -67 27 54 N2117 OC
05 47 10 -69 08 54 N2118 OC
05 57 41 +11 57 01 N2119 Gx
05 50 38 -63 40 56 N2120 Gb
05 47 55 -71 27 55 N2121 Gb 1.8 11.2
05 48 39 -70 03 55 N2122 CN
05 51 43 -65 18 56 N2123 OC
05 58 07 -20 03 59 N2124 Gx 13p
05 50 40 -69 28 56 N2125 OC
06 03 23 +49 53 59 N2126 OC 6 10p
05 51 04 -69 21 56 N2127 OC
06 05 08 +57 38 58 N2128 Gx 13p
06 01 18 +23 18 00 N2129 OC 7 6.7
05 52 05 -67 19 57 N2130 OC
05 58 54 -26 37 59 N2131 Gx
05 55 16 -59 54 58 N2132 At
05 51 20 -71 10 56 N2133 Gb
05 50 02 -71 06 56 N2134 OC 11p
05 53 05 -67 25 57 N2135 OC
05 52 46 -69 29 57 N2136 OC 10p
05 53 10 -69 28 57 N2137 OC
05 54 30 -65 49 58 N2138 OC
06 01 18 -23 40 00 N2139 Gx 2.2 11.7
05 53 58 -68 35 57 N2140 OC
06 03 23 +10 25 59 N2141 OC 10 9.4
06 02 08 -10 36 01 N2142 -
06 03 16 +05 42 59 N2143 -
05 40 27 -82 06 52 N2144 Gx 1.6
05 54 26 -70 54 58 N2145 OC
06 19 30 +78 20 52 N2146 Gx 6.0 10.5
05 55 59 -68 11 58 N2147 CN
05 58 46 -59 06 59 N2148 Gx
06 03 44 -09 44 02 N2149 Nb 3
05 55 51 -69 33 58 N2150 Gx
05 56 16 -69 00 58 N2151 OC
06 01 01 -50 44 00 N2152 Gx 1.3
05 57 30 -66 23 59 N2153 OC
05 57 29 -67 14 59 N2154 Gb
05 58 25 -65 27 59 N2155 Gb
05 57 34 -68 26 59 N2156 OC
05 57 16 -69 10 59 N2157 OC 10p
06 07 48 +24 05 57 N2158 OC 5 8.6
05 57 52 -68 37 59 N2159 OC
05 57 59 -68 16 59 N2160 OC
05 55 28 -74 20 58 N2161 Gb
06 00 32 -63 45 00 N2162 Gb
06 08 06 +18 39 57 N2163
05 58 40 -68 30 59 N2164 OC 10p
06 11 30 +51 40 55 N2165 -
05 59 17 -67 56 00 N2166 OC
06 07 09 -06 12 03 N2167 -
06 09 12 +24 19 56 N2168 OC 28 5.1
06 08 41 +13 56 56 N2169 OC 7 5.9
06 07 45 -06 24 03 N2170 Nb 2
05 58 32 -70 40 59 N2171 Gx
05 59 52 -68 38 00 N2172 OC
05 58 00 -72 58 59 N2173 Gb
06 10 00 +20 29 56 N2174 Nb 40
06 10 06 +20 18 56 N2175 OC 18 6.8
06 01 24 -66 51 01 N2176 OC
06 00 59 -67 43 00 N2177 OC
06 02 50 -63 46 01 N2178 Gx 1.0
06 08 13 -21 45 03 N2179 Gx 1.5 12.5
06 09 52 +04 42 56 N2180 -
06 02 37 -65 15 01 N2181 OC
06 09 45 -06 20 04 N2182 Nb 3
06 11 03 -06 13 05 N2183 Nb 1
06 11 09 -03 31 05 N2184 OC
06 11 21 -06 13 05 N2185 Nb 3
06 12 28 +05 26 55 N2186 OC 4 8.7
06 03 51 -69 34 02 N2187 Gx
06 10 17 -34 06 04 N2188 Gx 3.7 11.8
06 12 34 +01 07 55 N2189 -
06 00 39 -74 43 00 N2190 Gb
06 08 31 -52 31 04 N2191 Gx 1.9
06 15 33 +39 50 53 N2192 OC 6 11p
06 06 13 -65 05 03 N2193 Gb
06 14 05 +12 47 54 N2194 OC 10 8.5
06 14 41 +17 38 54 N2195 Nb
06 12 25 -21 48 05 N2196 Gx 2.8 11.2
06 05 54 -67 05 03 N2197 OC
06 14 09 +00 59 54 N2198 -
06 04 35 -73 24 02 N2199 Gx
06 13 33 -43 39 06 N2200 Gx
06 13 33 -43 41 06 N2201 Gx
06 17 10 +05 58 53 N2202 -
06 04 32 -75 26 02 N2203 OC
06 15 55 -18 39 07 N2204 OC 13 8.6
06 10 39 -62 32 05 N2205 Gx 1.4
06 16 12 -26 46 07 N2206 Gx 2.3 13p
06 16 37 -21 22 07 N2207 Gx 4.3 10.7
06 22 54 +51 54 50 N2208 Gx 14p
06 08 34 -73 51 04 N2209 Gb
06 11 28 -69 08 05 N2210 Gb 1.7 10.2
06 18 37 -18 34 08 N2211 Gx 14p
06 18 43 -18 33 08 N2212 Gx 14p
06 10 37 -71 33 05 N2213 Gb
06 12 47 -68 16 06 N2214 OC 11p
06 21 15 -07 17 09 N2215 OC 11 8.4
06 21 49 -22 05 09 N2216 Gx 14p
06 21 54 -27 14 09 N2217 Gx 4.8 10.4
06 25 00 +19 19 49 N2218 -
06 23 39 -04 41 10 N2219 -
06 21 57 -44 46 10 N2220 At
06 20 17 -57 35 09 N2221 Gx 1.5
06 20 23 -57 32 09 N2222 Gx 1.1
06 24 49 -22 50 11 N2223 Gx 3.3 11.4
06 27 53 +12 37 48 N2224 -
06 26 50 -09 39 12 N2225 OC
06 26 56 -09 39 12 N2226 -
06 26 07 -21 59 11 N2227 Gx 2.3 14p
06 21 13 -64 27 09 N2228 Gx
06 21 19 -64 58 09 N2229 Gx
06 21 25 -65 00 09 N2230 Gx
06 20 23 -67 32 09 N2231 Gb
06 26 51 -04 45 12 N2232 OC 30 3.9
06 21 43 -65 03 09 N2233 Gx
06 29 35 +16 40 47 N2234 -
06 22 19 -64 57 10 N2235 Gx
06 29 58 +06 49 47 N2236 OC 7 8.5
06 30 34 +05 02 47 N2237 Nb
06 30 52 +05 00 47 N2238 CN
06 31 16 +04 56 46 N2239 OC 16
06 33 14 +35 11 46 N2240 -
06 22 40 -68 57 10 N2241 OC
06 34 22 +44 45 45 N2242 Pl 14p
06 29 59 -31 17 13 N2243 OC 5 9.4
06 32 40 +04 51 46 N2244 OC 24 4.8
06 32 59 +10 09 46 N2245 Nb 5
06 32 40 +05 06 46 N2246 Nb
06 33 29 +10 19 46 N2247 Nb 4
06 34 55 +26 18 45 N2248 -
06 25 52 -68 48 11 N2249 Gb
06 33 03 -05 02 14 N2250 OC 8 9p
06 34 58 +08 21 45 N2251 OC 10 7.3
06 35 16 +05 22 45 N2252 OC 20 8p
06 42 54 +66 19 42 N2253 OC
06 36 16 +07 39 44 N2254 OC 4 9.7
06 34 11 -34 47 15 N2255 Gx
06 47 51 +74 13 40 N2256 Gx 2.6 14p
06 30 26 -64 19 13 N2257 Gb 3.4 13.5
06 48 27 +74 28 39 N2258 Gx 2.6 13p
06 38 53 +10 52 43 N2259 OC 5 11p
06 38 21 -01 28 17 N2260 -
06 39 28 +08 43 43 N2261 Nb 2
06 38 40 +01 10 43 N2262 OC 4 11p
06 38 36 -24 49 17 N2263 Gx 13p
06 41 23 +09 52 42 N2264 CN 60 3.9
06 41 47 +11 55 42 N2265 -
06 43 31 +26 57 41 N2266 OC 7 10p
06 40 59 -32 29 18 N2267 Gx 14p
07 15 20 +84 22 28 N2268 Gx 3.4 11.5
06 44 10 +04 33 41 N2269 OC 4 10.0
06 44 10 +03 25 41 N2270 -
06 43 01 -23 28 19 N2271 Gx 14p
06 42 54 -27 27 19 N2272 Gx 2.1 11.9
06 50 33 +60 50 38 N2273 Gx 3.5 12p
06 47 32 +33 33 40 N2274 Gx 13p
06 47 32 +33 35 40 N2275 Gx 14p
07 28 39 +85 44 23 N2276 Gx 2.6 11.4
06 48 08 +33 25 39 N2277 -
06 48 38 +33 23 39 N2278 -
06 48 44 +33 23 39 N2279 -
06 45 00 -27 38 19 N2280 Gx 5.6 12p
06 49 39 +41 03 39 N2281 OC 15 5.4
06 47 10 +01 18 40 N2282 Nb 3
06 46 07 -18 14 20 N2283 Gx 13p
06 49 26 +33 12 39 N2284 -
06 49 44 +33 20 39 N2285 -
06 47 51 -03 10 21 N2286 OC 15 7.5
06 47 13 -20 44 20 N2287 OC 38 4.5
06 51 02 +33 25 38 N2288 Gx 14p
06 51 02 +33 26 38 N2289 Gx 15p
06 51 20 +33 25 38 N2290 Gx 1.5 15p
06 51 20 +33 31 38 N2291 Gx 1.3 16p
06 47 48 -26 45 21 N2292 Gx 14p
06 47 54 -26 45 21 N2293 Gx 13p
06 51 32 +33 31 38 N2294 Gx 1.1 15p
06 47 30 -26 44 21 N2295 Gx 14p
06 48 49 -16 55 21 N2296 Gx 13p
06 44 26 -63 43 19 N2297 Gx 1.6
06 49 11 -36 00 21 N2298 Gb 6.8 9.4
06 51 21 -07 00 22 N2299 -
07 33 37 +85 42 21 N2300 Gx 3.1 11.0
06 52 03 +00 27 38 N2301 OC 12 6.0
06 52 09 -07 04 23 N2302 OC 3 8.9
06 56 34 +45 29 36 N2303 Gx 14p
06 55 17 +18 00 36 N2304 OC 5 10p
06 48 38 -64 16 21 N2305 Gx 2.0
06 54 51 -07 11 24 N2306 -
06 48 50 -64 20 21 N2307 Gx 1.6
06 58 58 +45 12 35 N2308 Gx 14p
06 56 27 -07 12 24 N2309 OC 3 11p
06 54 10 -40 52 23 N2310 Gx 5.0 12p
06 58 03 -04 35 25 N2311 OC 7 10p
06 59 05 +10 15 35 N2312 -
06 58 14 -07 57 25 N2313 Nb
07 11 10 +75 19 30 N2314 Gx 2.1 11.9
07 02 53 +50 35 33 N2315 Gx 14p
06 59 56 -07 46 26 N2316 Nb 4
06 59 02 -07 46 25 N2317 -
06 59 44 -13 42 26 N2318 OC
07 01 22 +03 03 34 N2319 -
07 05 59 +50 35 32 N2320 Gx 14p
07 06 17 +50 45 32 N2321 Gx 15p
07 06 17 +50 30 32 N2322 Gx 14p
07 03 26 -08 20 27 N2323 OC 16 5.9
07 04 27 +01 02 32 N2324 OC 8 8.4
07 02 54 -28 42 27 N2325 Gx 2.3 11.2
07 08 47 +50 43 31 N2326 Gx 14p
07 04 32 -11 18 28 N2327 Nb
07 02 40 -42 03 27 N2328 Gx
07 09 35 +48 36 30 N2329 Gx 1.6 14p
07 09 53 +50 11 30 N2330 Gx 14p
07 07 31 +27 20 31 N2331 OC 18 9p
07 09 53 +50 10 30 N2332 Gx 14p
07 08 44 +35 10 31 N2333 Gx 14p
07 10 17 +50 11 30 N2334 -
07 06 50 -10 05 29 N2335 OC 12 7.2
07 27 57 +80 10 23 N2336 Gx 6.9 10.5
07 10 34 +44 26 30 N2337 Gx 2.6 13p
07 07 57 -05 37 29 N2338 At
07 08 36 +18 46 31 N2339 Gx 2.8 11.6
07 11 23 +50 09 29 N2340 Gx 14p
07 09 36 +20 34 30 N2341 Gx 1.1 14p
07 09 42 +20 37 30 N2342 Gx 1.6 13p
07 08 32 -10 39 29 N2343 OC 7 6.7
07 12 52 +47 09 29 N2344 Gx 2.0 12.1
07 08 32 -13 10 29 N2345 OC 12 7.7
07 09 39 -00 48 30 N2346 Pl 0.9
07 16 35 +64 42 27 N2347 Gx 2.0 12.5
07 03 06 -67 23 27 N2348
07 10 14 -08 37 30 N2349 -
07 13 29 +12 14 29 N2350 Gx 14p
07 13 44 -10 29 32 N2351
07 13 49 -24 06 32 N2352 -
07 14 50 -10 18 32 N2353 OC 20 7.1
07 14 30 -25 44 32 N2354 OC 20 6.5
07 17 11 +13 46 27 N2355 OC 9 10p
07 17 23 +13 57 27 N2356 -
07 17 54 +23 21 27 N2357 Gx 4.5 14p
07 17 01 -17 03 33 N2358 -
07 18 50 -13 12 34 N2359 Nb 8
07 18 02 -15 37 33 N2360 OC 13 7.2
07 18 38 -13 13 34 N2361 D?
07 19 00 -24 57 34 N2362 CN 8 4.1
07 29 14 +69 03 22 N2363 Gx
07 21 03 -07 34 35 N2364 OC
07 22 48 +22 03 25 N2365 Gx 14p
07 29 26 +69 12 22 N2366 Gx 7.6 10.9
07 20 19 -21 56 34 N2367 OC 4 7.9
07 21 14 -10 23 35 N2368 OC 5 12p
07 16 39 -62 21 33 N2369 Gx 4.6 13p
07 25 18 +23 46 24 N2370 Gx 14p
07 25 55 +29 28 23 N2371 Pl 0.9 13p
07 25 55 +29 29 23 N2372 Pl
07 26 50 +33 47 23 N2373 Gx 14p
07 24 14 -13 16 36 N2374 OC 19 8.0
07 27 26 +33 48 23 N2375 Gx 14p
07 26 54 +23 03 23 N2376 Gx 14p
07 25 08 -09 40 36 N2377 Gx 1.8 15p
07 27 44 +33 49 23 N2378 -
07 27 44 +33 48 23 N2379 Gx 1.1 13.5
07 24 06 -27 31 36 N2380 Gx 13p
07 20 03 -63 04 34 N2381 Gx 1.6
07 24 06 -27 32 36 N2382
07 25 01 -20 56 36 N2383 OC 6 8.4
07 25 19 -21 02 36 N2384 OC 3 7.4
07 28 44 +33 49 22 N2385 Gx 15p
07 28 56 +33 45 22 N2386 T*
07 29 20 +36 51 22 N2387 Gx 15p
07 29 08 +33 48 22 N2388 Gx 14p
07 29 26 +33 50 22 N2389 Gx 2.1 12.8
07 29 20 +33 49 22 N2390 S*
07 29 32 +33 48 22 N2391 -
07 29 30 +20 54 22 N2392 Pl 0.7 10p
07 30 20 +34 00 22 N2393 Gx 15p
07 28 52 +07 01 22 N2394 -
07 27 23 +13 34 23 N2395 OC 12 8.0
07 28 20 -11 44 38 N2396 OC 10 7p
07 21 17 -69 00 35 N2397 Gx 2.2 13p
07 30 36 +24 28 22 N2398 Gx 15p
07 30 09 -00 13 38 N2399 T*
07 30 15 -00 13 38 N2400 T*
07 29 38 -13 58 38 N2401 OC 2 13p
07 31 04 +09 38 21 N2402 Gx 15p
07 37 23 +65 35 19 N2403 Gx 17.8 8.4
07 37 35 +65 41 19 N2404 K
07 32 30 +25 54 21 N2405 Gx 14p
07 32 11 +18 17 21 N2406 Gx 15p
07 32 11 +18 20 21 N2407 Gx 15p
07 41 04 +71 38 17 N2408 At
07 31 49 -17 11 39 N2409 -
07 35 19 +32 49 20 N2410 Gx 14p
07 34 53 +18 16 20 N2411 Gx 14p
07 34 40 +08 32 20 N2412 -
07 33 32 -13 06 40 N2413 -
07 33 32 -15 27 40 N2414 OC 4 7.9
07 37 14 +35 14 19 N2415 Gx 1.0 12.4
07 35 59 +11 36 19 N2416 Gx 14p
07 30 10 -62 15 38 N2417 Gx 2.2
07 36 47 +17 53 19 N2418 Gx 13p
07 38 26 +38 52 18 N2419 Gb 4.1 10.4
07 38 48 +21 33 18 N2420 OC 10 8.3
07 36 31 -20 37 41 N2421 OC 10 8.3
07 36 50 -14 30 41 N2422 OC 30 4.4
07 37 20 -13 52 41 N2423 OC 19 6.7
07 41 02 +39 13 17 N2424 Gx 4.0 12.6
07 38 32 -14 52 42 N2425 OC 3
07 43 35 +52 48 16 N2426 Gx 14p
07 36 39 -47 38 41 N2427 Gx 5.6 11.6
07 39 26 -16 31 42 N2428 -
07 44 05 +52 20 16 N2429 Gx 14p
07 39 38 -16 21 42 N2430 -
07 45 41 +53 03 16 N2431 Gx 14p
07 41 07 -19 05 43 N2432 OC 8 10p
07 43 16 +09 18 16 N2433 Gx
07 34 53 -69 17 40 N2434 Gx 2.5 11.2
07 44 31 +31 37 16 N2435 Gx 13p
07 46 29 +52 03 15 N2436 S*
07 42 02 -14 49 43 N2437 OC 27 6.1
07 42 02 -14 44 43 N2438 Pl 1.1 10p
07 41 00 -31 39 43 N2439 OC 10 6.9
07 42 07 -18 13 43 N2440 Pl 0.5 11p
07 52 47 +73 01 13 N2441 Gx 2.2 12.2
07 36 23 -69 32 41 N2442 Gx 6.0 11p
07 36 17 -69 32 41 N2443 -
07 47 14 +39 01 15 N2444 Gx 2.3 12.9
07 47 14 +39 00 15 N2445 Gx 2.1 13.0
07 49 06 +54 35 14 N2446 Gx 14p
07 44 49 -23 52 44 N2447 OC 22 6.2
07 44 49 -24 41 44 N2448 -
07 47 36 +26 54 15 N2449 Gx 14p
07 47 48 +26 59 15 N2450 Gx 15p
07 45 35 -37 58 44 N2451 OC 45 2.8
07 47 36 -27 20 45 N2452 Pl 0.3 13p
07 48 00 -27 14 45 N2453 OC 5 8.3
07 50 47 +16 21 14 N2454 Gx 14p
07 49 13 -21 18 46 N2455 OC 8 10p
07 54 30 +55 28 12 N2456 Gx 14p
07 55 06 +55 31 12 N2457 Gx 15p
07 55 48 +56 42 12 N2458 Gx
07 52 16 +09 32 13 N2459
07 57 20 +60 20 11 N2460 Gx 2.9 11.7
07 56 24 +56 40 11 N2461 Gx 15p
07 57 06 +56 38 11 N2462 Gx 14p
07 57 30 +56 39 11 N2463 Gx 15p
07 57 36 +56 40 11 N2464 Gx 0.4 15p
07 58 06 +56 44 11 N2465 -
07 45 10 -71 24 44 N2466 Gx 1.5
07 52 48 -26 23 47 N2467 CN 16 7p
07 58 24 +56 21 11 N2468 Gx 1.3 15p
07 58 30 +56 40 11 N2469 Gx 1.1 13p
07 54 34 +04 26 12 N2470 Gx 2.2 14p
07 58 42 +56 44 11 N2471 S*
07 59 00 +56 41 10 N2472 Gx 15p
07 58 48 +56 40 11 N2473 -
07 58 17 +52 50 11 N2474 Gx 0.6 14p
07 58 23 +52 50 11 N2475 Gx 0.8 14p
07 57 02 +39 55 11 N2476 Gx 13p
07 52 29 -38 33 47 N2477 OC 27 5.8
07 54 56 -15 25 48 N2478 -
07 55 20 -17 43 48 N2479 OC 7 10p
07 57 30 +23 46 11 N2480 Gx 15p
07 57 36 +23 45 11 N2481 Gx 13p
07 55 07 -24 18 48 N2482 OC 12 7.3
07 56 06 -27 56 49 N2483 OC 10 7.6
07 58 50 +37 46 10 N2484 Gx 1.6 15p
07 56 58 +07 28 11 N2485 Gx 13p
07 58 12 +25 08 11 N2486 Gx 14p
07 58 36 +25 07 11 N2487 Gx 2.8 14p
08 02 12 +56 33 09 N2488 Gx 14p
07 56 24 -30 04 49 N2489 OC 8 7.9
07 59 30 +27 04 10 N2490 Gx 15p
07 58 40 +07 58 11 N2491 Gx 15p
07 59 42 +27 01 10 N2492 Gx 14p
08 00 44 +39 49 10 N2493 Gx 2.5 13p
07 59 27 -00 38 50 N2494 Gx 14p
08 00 56 +39 49 10 N2495 Gx 0.4
07 58 52 +08 01 10 N2496 Gx 15p
08 02 42 +56 56 09 N2497 Gx 14p
07 59 54 +24 57 10 N2498 Gx 14p
07 59 04 +07 29 10 N2499 Gx 15p
08 02 16 +50 43 09 N2500 Gx 2.9 11.6
07 58 50 -14 22 50 N2501 Gx 14p
07 56 02 -52 18 49 N2502 Gx 2.1
08 00 54 +22 23 10 N2503 Gx 15p
08 00 04 +05 36 10 N2504 Gx 14p
08 04 23 +53 33 08 N2505 Gx 14p
08 00 26 -10 47 50 N2506 OC 7 7.6
08 01 53 +15 42 09 N2507 Gx 2.5 14p
08 02 16 +08 33 09 N2508 Gx 14p
08 00 55 -19 04 50 N2509 OC 8 9p
08 02 28 +09 28 09 N2510 Gx 14p
08 02 34 +09 23 09 N2511 Gx 15p
08 03 24 +23 23 09 N2512 Gx 1.7 14p
08 02 46 +09 24 09 N2513 Gx 13p
08 03 05 +15 48 09 N2514 Gx 1.4 14p
08 03 41 +20 10 09 N2515
07 58 23 -60 52 49 N2516 OC 30 3.8
08 03 02 -12 19 51 N2517 Gx 0.8 12.3
08 07 40 +51 08 07 N2518 Gx 14p
08 08 22 +51 06 07 N2519
08 02 42 -28 11 51 N2520
08 09 12 +57 45 07 N2521 Gx 1.5 14p
08 06 23 +17 42 08 N2522 Gx 14p
08 15 34 +73 34 04 N2523 Gx 3.0 12.0
08 08 26 +39 09 07 N2524 Gx 13p
08 05 50 -11 26 52 N2525 Gx 2.9 11.6
08 07 10 +08 00 07 N2526 Gx 14p
08 05 30 -28 10 52 N2527 OC 22 6.5
08 07 44 +39 12 07 N2528 Gx 13p
08 08 05 +17 49 07 N2529 Gx 14p
08 08 11 +17 48 07 N2530
08 08 17 +17 48 07 N2531
08 10 31 +33 56 06 N2532 Gx 2.2 12.4
08 07 12 -29 54 53 N2533 OC 4 7.6
08 13 18 +55 39 05 N2534 Gx 1.7 14p
08 11 30 +25 11 06 N2535 Gx 3.0 12.6
08 11 36 +25 10 06 N2536 Gx 0.9 14.1
08 13 33 +45 59 05 N2537 Gx 1.7 11.7
08 11 40 +03 36 06 N2538 Gx 14p
08 10 56 -12 50 54 N2539 OC 22 6.5
08 13 06 +26 20 05 N2540 Gx 14p
08 15 04 +49 03 04 N2541 Gx 6.6 11.8
08 11 32 -12 56 54 N2542 -
08 13 19 +36 14 05 N2543 Gx 2.5 13p
08 22 16 +73 58 02 N2544 Gx 1.1 12p
08 14 30 +21 20 05 N2545 Gx 2.2 12.4
08 12 35 -37 38 55 N2546 OC 41 6.3
08 10 51 -49 16 54 N2547 OC 20 4.7
08 14 03 -05 48 55 N2548 OC 54 5.8
08 19 24 +57 47 03 N2549 Gx 4.2 11.1
08 25 10 +74 00 01 N2550 Gx 1.2 13p
08 25 21 +73 24 01 N2551 Gx 1.9 12.0
08 19 40 +50 00 03 N2552 Gx 3.2 12.2
08 17 59 +20 53 03 N2553 Gx 15p
08 18 12 +23 27 03 N2554 Gx 3.4 14p
08 18 15 +00 43 03 N2555 Gx 13p
08 19 29 +20 54 03 N2556 Gx 15p
08 19 30 +21 26 03 N2557 Gx 1.4 15p
08 19 41 +20 29 03 N2558 Gx 14p
08 17 19 -27 28 56 N2559 Gx 5.6
08 20 11 +20 58 03 N2560 Gx 1.7 15p
08 19 52 +04 38 03 N2561 Gx 14p
08 20 41 +21 07 02 N2562 Gx 1.4 12.9
08 20 53 +21 03 02 N2563 Gx 2.3 12.3
08 18 49 -21 49 57 N2564 Gx
08 20 06 +22 01 03 N2565 Gx 1.9 14p
08 18 55 -25 29 57 N2566 Gx 3.1 15p
08 18 48 -30 38 57 N2567 OC 10 7.4
08 18 11 -37 06 57 N2568 OC
08 21 47 +20 51 02 N2569 Gx 15p
08 21 47 +20 54 02 N2570 Gx 15p
08 19 06 -29 44 57 N2571 OC 13 7.0
08 21 41 +19 07 02 N2572 Gx 15p
01 38 08 -89 18 30 N2573 Gx 3.6 13.5
08 21 03 -08 57 58 N2574 Gx 14p
08 23 06 +24 16 02 N2575 Gx 2.5 14p
08 23 12 +25 43 01 N2576 Gx 15p
08 23 00 +22 32 02 N2577 Gx 2.1 13p
08 21 38 -13 19 58 N2578 Gx 2.4 12.4
08 21 17 -36 11 58 N2579 CN 10 7.5
08 21 48 -30 19 58 N2580 OC 8 10p
08 24 47 +18 34 01 N2581 Gx 14p
08 25 35 +20 19 01 N2582 Gx 1.3 14p
08 23 27 -05 01 59 N2583 Gx 0.7 13.5
08 23 27 -05 00 59 N2584 Gx 14p
08 23 39 -04 56 59 N2585 Gx 14p
08 24 39 -04 56 59 N2586 T* 15p
08 23 42 -29 30 59 N2587 OC 9 9p
08 23 24 -32 59 59 N2588 OC 2 12p
08 24 45 -08 46 59 N2589 -
08 25 21 -00 36 59 N2590 Gx 14p
08 38 04 +78 00 56 N2591 Gx 3.2 13p
08 27 24 +25 57 00 N2592 Gx 13p
08 27 05 +17 21 00 N2593 Gx 15p
08 27 36 +25 51 00 N2594 Gx 15p
08 27 59 +21 28 00 N2595 Gx 3.1 14p
08 27 41 +17 16 00 N2596 Gx 14p
08 30 17 +21 28 59 N2597 Gx 1.4 15p
08 30 17 +21 27 59 N2598 Gx 1.3 13.7
08 32 30 +22 32 58 N2599 Gx 2.4 13p
08 35 10 +52 42 57 N2600 Gx 15p
08 25 32 -68 07 59 N2601 Gx 2.0
08 35 34 +52 48 57 N2602 Gx 15p
08 35 52 +52 45 57 N2603 Gx 15p
08 33 36 +29 31 58 N2604 Gx 13p
08 35 46 +52 49 57 N2605 -
08 36 04 +52 46 57 N2606 Gx 15p
08 34 12 +26 57 58 N2607 Gx 15p
08 35 36 +28 26 57 N2608 Gx 2.5 12.1
08 29 36 -61 07 01 N2609 OC
08 33 38 -16 10 02 N2610 Pl 0.6 14p
08 35 48 +25 00 57 N2611 Gx 15p
08 34 02 -13 10 02 N2612 Gx 3.2 13p
08 33 37 -22 59 02 N2613 Gx 7.2 10.4
08 43 20 +72 57 55 N2614 Gx 2.8 14p
08 34 51 -02 33 03 N2615 Gx 13p
08 35 51 -01 52 03 N2616 Gx 1.3 12.6
08 35 57 -04 04 03 N2617 Gx 15p
08 36 27 +00 40 57 N2618 Gx 14p
08 37 54 +28 41 56 N2619 Gx 13p
08 37 48 +24 55 56 N2620 Gx 15p
08 38 00 +24 58 56 N2621 Gx 15p
08 38 36 +24 53 56 N2622 Gx 15p
08 38 42 +25 43 56 N2623 Gx 0.6 13.8
08 38 23 +19 42 56 N2624 Gx 14p
08 38 41 +19 40 56 N2625 Gx 0.4
08 35 47 -40 41 03 N2626 Nb 5
08 37 30 -29 58 04 N2627 OC 11 8p
08 40 48 +23 31 55 N2628 Gx 14p
08 47 44 +72 57 53 N2629 Gx 2.6 13p
08 45 56 +73 00 54 N2630 Gx 16p
08 47 38 +72 58 53 N2631 Gx 0.8 14p
08 40 23 +19 57 56 N2632 OC 95 3.1
08 48 39 +74 04 53 N2633 Gx 2.6 11.9
08 48 57 +73 56 53 N2634 Gx 2.2 13p
08 38 42 -34 47 04 N2635 OC 3 11.2
08 48 56 +73 38 53 N2636 Gx 0.5 14p
08 41 23 +19 40 55 N2637 Gx
08 42 43 +37 11 55 N2638 Gx 13p
08 43 57 +50 10 54 N2639 Gx 2.0 11.8
08 37 32 -55 08 04 N2640 Gx 2.5
08 48 38 +72 52 53 N2641 Gx 15p
08 40 57 -04 08 05 N2642 Gx 2.3 13p
08 41 59 +19 41 55 N2643 Gx
08 41 46 +04 57 55 N2644 Gx 13p
08 39 04 -46 14 04 N2645 -
08 50 56 +73 26 52 N2646 Gx 1.7 12.0
08 42 53 +19 38 55 N2647 Gx 15p
08 42 59 +14 15 55 N2648 Gx 3.6 13p
08 44 25 +34 41 54 N2649 Gx 1.9 13p
08 50 29 +70 16 52 N2650 Gx 1.9 14p
08 44 16 +11 45 54 N2651 Gx 15p
08 43 33 -03 38 06 N2652 -
08 56 15 +78 23 51 N2653 At
08 49 36 +60 11 53 N2654 Gx 4.3 11.8
08 56 14 +78 11 51 N2655 Gx 5.1 10.1
08 48 10 +53 50 53 N2656 Gx 1.5 13.3
08 45 40 +09 38 54 N2657 Gx 14p
08 43 36 -32 40 06 N2658 OC 12 9p
08 42 46 -44 58 05 N2659 OC 3 8.6
08 42 22 -47 10 05 N2660 OC 4 8.8
08 46 16 +12 36 54 N2661 Gx 14p
08 45 56 -15 09 06 N2662 Gx 15p
08 45 18 -33 49 06 N2663 Gx
08 47 28 +12 34 53 N2664 -
08 46 14 -19 18 06 N2665 Gx 13p
08 50 21 +47 01 52 N2666 -
08 48 35 +18 59 53 N2667 Gx 15p
08 49 43 +36 39 52 N2668 Gx 15p
08 45 03 -52 59 06 N2669 OC 12 6.1
08 45 40 -48 48 06 N2670 OC 9 7.8
08 46 23 -41 54 06 N2671 OC 4 12p
08 49 35 +19 02 53 N2672 Gx 2.6 11.6
08 49 41 +19 02 52 N2673 Gx 1.4 12.9
08 48 26 -14 18 07 N2674 -
08 52 16 +53 34 52 N2675 Gx 14p
08 51 51 +47 31 52 N2676 Gx 1.5 14p
08 50 17 +18 58 52 N2677 Gx 15p
08 50 28 +11 18 52 N2678 -
08 51 48 +30 50 52 N2679 Gx 14p
08 51 48 +30 50 52 N2680 Gx 14p
08 53 51 +51 17 51 N2681 Gx 3.8 10.3
08 50 40 +11 47 52 N2682 OC 30 6.9
08 53 01 +33 23 51 N2683 Gx 9.3 9.7
08 55 09 +49 06 51 N2684 Gx 13p
08 55 59 +58 42 51 N2685 Gx 5.2 11.1
08 55 15 +49 06 51 N2686 Gx 16p
08 55 21 +49 07 51 N2687 Gx 17p
08 55 39 +49 04 51 N2688 Gx 16p
08 55 33 +49 07 51 N2689 Gx
08 52 57 -02 38 09 N2690 Gx 14p
08 55 07 +39 30 51 N2691 Gx 1.6 14p
08 57 22 +52 02 50 N2692 Gx 1.5 14p
08 57 21 +51 19 50 N2693 Gx 2.2 11.7
08 57 21 +51 18 50 N2694 Gx 0.3 14.3
08 54 45 -03 06 09 N2695 Gx 13p
08 54 39 -05 00 09 N2696 -
08 55 21 -03 01 09 N2697 Gx 13p
08 55 51 -03 12 09 N2698 Gx 1.8 13p
08 56 09 -03 10 10 N2699 Gx 13p
08 55 57 -05 07 10 N2700 -
08 59 28 +53 44 49 N2701 Gx 2.1 12.4
08 56 09 -03 04 10 N2702 S*
08 56 09 -03 18 10 N2703 D*
08 57 13 +39 20 50 N2704 Gx 14p
08 56 15 -03 01 10 N2705 S*
08 56 33 -02 36 10 N2706 Gx 14p
08 56 27 -03 05 10 N2707 S*
08 56 21 -03 23 10 N2708 Gx 3.0 14p
08 56 33 -03 17 10 N2709 Gx 15p
09 00 10 +55 39 49 N2710 Gx 14p
08 57 35 +17 15 50 N2711 Gx 14p
08 59 50 +44 53 49 N2712 Gx 2.9 12.0
08 57 34 +02 53 50 N2713 Gx 3.9 11.7
08 53 37 -59 14 09 N2714 Gx
09 08 43 +78 03 47 N2715 Gx 5.0 11.4
08 57 52 +03 03 50 N2716 Gx 1.8 12.4
08 57 13 -24 41 10 N2717 Gx 14p
08 59 10 +06 16 49 N2718 Gx 2.5 13p
09 00 37 +35 42 49 N2719 Gx 1.3 14p
08 59 28 +11 08 49 N2720 Gx 14p
08 59 09 -04 47 11 N2721 Gx 2.6 13p
08 59 03 -03 44 10 N2722 Gx
09 00 28 +03 09 49 N2723 Gx 1.3 15p
09 01 19 +35 44 49 N2724 Gx 15p
09 01 22 +11 03 49 N2725 Gx 14p
09 05 17 +59 54 48 N2726 Gx 1.5 13p
09 01 21 -03 24 11 N2727 -
09 02 04 +11 02 49 N2728 Gx 15p
09 01 46 +03 41 49 N2729 Gx 14p
09 02 35 +16 48 48 N2730 Gx 13p
09 02 22 +08 16 48 N2731 Gx 14p
09 14 03 +79 09 45 N2732 Gx 2.3 11.9
09 02 21 -03 45 12 N2733 -
09 03 17 +16 48 48 N2734 Gx
09 02 54 +25 54 48 N2735 Gx 1.2 14p
09 00 35 -45 55 11 N2736 Gx
09 04 11 +21 52 48 N2737 Gx 15p
09 04 11 +21 56 48 N2738 Gx 14p
09 06 21 +51 43 47 N2739 Gx 15p
09 06 27 +51 42 47 N2740 Gx 15p
09 04 35 +18 14 48 N2741 -
09 07 59 +60 27 47 N2742 Gx 3.1 11.7
09 05 18 +24 58 48 N2743 Gx 14p
09 04 59 +18 26 48 N2744 Gx 1.8 13.4
09 04 53 +18 13 48 N2745 Gx 15p
09 06 19 +35 20 47 N2746 Gx 14p
09 05 35 +18 24 48 N2747 Gx 15p
09 14 16 +76 27 45 N2748 Gx 3.1 11.7
09 05 41 +18 17 47 N2749 Gx 2.0 12.0
09 06 00 +25 24 47 N2750 Gx 2.3 12p
09 05 47 +18 13 47 N2751 Gx 15p
09 05 59 +18 18 47 N2752 Gx 2.0 15p
09 07 30 +25 18 47 N2753 Gx 15p
09 05 14 -19 06 12 N2754 Gx
09 08 13 +41 41 47 N2755 Gx 14p
09 09 22 +53 49 46 N2756 Gx 1.9 13p
09 05 44 -19 03 13 N2757 D*
09 05 38 -19 04 13 N2758 Gx 14p
09 08 55 +37 35 47 N2759 Gx 14p
09 16 15 +76 21 44 N2760 -
09 07 47 +18 24 47 N2761 Gx 15p
09 10 09 +50 24 46 N2762 Gx 15p
09 07 02 -15 31 13 N2763 Gx 2.3 12.1
09 08 35 +21 25 47 N2764 Gx 1.7 12.7
09 07 52 +03 21 47 N2765 Gx 2.3 13p
09 09 06 +29 50 46 N2766 Gx 14p
09 10 27 +50 23 46 N2767 Gx 14p
09 11 59 +60 00 46 N2768 Gx 6.3 10.0
09 10 45 +50 25 46 N2769 Gx 14p
09 09 54 +33 05 46 N2770 Gx 3.7 12p
09 10 51 +50 22 46 N2771 Gx 14p
09 07 55 -23 38 13 N2772 Gx 15p
09 09 52 +07 09 46 N2773 Gx 14p
09 10 53 +18 40 46 N2774 Gx 15p
09 10 34 +07 00 46 N2775 Gx 4.5 10.3
09 12 32 +44 55 45 N2776 Gx 2.9 11.6
09 10 58 +07 10 46 N2777 Gx 1.0 14p
09 12 37 +34 59 45 N2778 Gx 1.5 13p
09 12 37 +35 01 45 N2779 Gx 15p
09 13 00 +34 53 45 N2780 Gx 1.0 14p
09 11 44 -14 50 14 N2781 Gx 3.9 11.5
09 14 25 +40 05 45 N2782 Gx 3.8 11.5
09 13 54 +29 57 45 N2783 Gx 14p
09 12 31 -24 11 15 N2784 Gx 5.1 10.1
09 15 31 +40 53 45 N2785 Gx 15p
09 14 16 +12 07 45 N2786 -
09 19 45 +69 10 43 N2787 Gx 3.4 10.8
09 09 04 -67 57 14 N2788 Gx
09 15 18 +29 42 45 N2789 Gx 14p
09 15 17 +19 41 45 N2790 Gx 14p
09 15 17 +17 34 45 N2791 Gx 15p
09 12 35 -42 27 15 N2792 Pl 0.2 14p
09 17 06 +34 24 44 N2793 Gx 1.3 14p
09 16 17 +17 34 44 N2794 Gx 14p
09 16 23 +17 36 44 N2795 Gx 14p
09 17 00 +30 53 44 N2796 Gx 14p
09 16 41 +17 42 44 N2797 Gx 14p
09 17 43 +41 58 44 N2798 Gx 2.8 12.3
09 17 49 +41 58 44 N2799 Gx 1.9 14p
09 18 57 +52 29 44 N2800 Gx 14p
09 16 59 +19 54 44 N2801 Gx 15p
09 16 59 +18 56 44 N2802 Gx 14p
09 16 59 +18 56 44 N2803 Gx 14p
09 17 05 +20 10 44 N2804 Gx 14p
09 20 42 +64 04 43 N2805 Gx 6.3 11.3
09 17 17 +20 01 44 N2806 Gx 15p
09 17 17 +20 00 44 N2807 Gx 15p
09 12 06 -64 53 14 N2808 Gb 13.8 6.3
09 17 23 +20 02 44 N2809 Gx 14p
09 22 34 +71 48 43 N2810 Gx 2.0 13p
09 16 26 -16 20 16 N2811 Gx 2.7 11.3
09 17 53 +19 53 44 N2812 Gx 15p
09 17 59 +19 52 44 N2813 Gx 15p
09 21 36 +64 13 43 N2814 Gx 1.4 13.8
09 16 31 -23 39 16 N2815 Gx 3.5 13p
09 21 29 +60 25 43 N2816 -
09 17 33 -04 45 16 N2817 Gx 13p
09 16 12 -36 38 16 N2818 OC 9 8.2
09 18 29 +16 11 44 N2819 Gx 14p
09 22 12 +64 14 43 N2820 Gx 4.3 12.8
09 17 01 -26 50 16 N2821 Gx 14p
09 14 03 -69 39 15 N2822 Gx 2.1 12p
09 19 36 +33 58 43 N2823 Gx 1.0 16p
09 19 18 +26 14 44 N2824 Gx 1.3 14p
09 19 42 +33 42 43 N2825 Gx 1.1 16p
09 19 42 +33 35 43 N2826 Gx 1.8 15p
09 19 30 +33 50 43 N2827 Gx 15p
09 19 48 +33 51 43 N2828 Gx 15p
09 19 48 +33 38 43 N2829 Gx
09 20 00 +33 42 43 N2830 Gx 1.3 15p
09 20 00 +33 42 43 N2831 Gx 0.8 13.6
09 20 06 +33 42 43 N2832 Gx 3.3 11.5
09 20 12 +33 54 43 N2833 Gx 15p
09 20 18 +33 41 43 N2834 Gx 15p
09 18 08 -22 22 16 N2835 Gx 6.3 11p
09 13 46 -69 21 15 N2836 Gx
09 18 38 -16 31 16 N2837 Gx 0.3 14p
09 21 01 +39 17 43 N2838 Gx 14p
09 20 54 +33 38 43 N2839 Gx 15p
09 21 06 +35 21 43 N2840 Gx 15p
09 22 21 +50 56 43 N2841 Gx 8.1 9.3
09 15 43 -63 05 16 N2842 Gx
09 20 41 +18 55 43 N2843 Gx
09 22 07 +40 07 43 N2844 Gx 1.9 12.9
09 18 48 -38 01 16 N2845 Gx
09 20 08 -14 42 17 N2846
09 20 20 -16 32 17 N2847 Gx 0.4 15p
09 20 26 -16 33 17 N2848 Gx 2.7 12.1
09 19 30 -40 32 17 N2849 OC
09 21 15 -04 56 17 N2850 Gx
09 20 50 -16 29 17 N2851 Gx 15p
09 23 31 +40 08 42 N2852 Gx 1.2 14p
09 23 37 +40 10 42 N2853 Gx 2.0 14p
09 24 20 +49 11 42 N2854 Gx 14p
09 21 44 -11 56 17 N2855 Gx 2.7 11.6
09 24 32 +49 13 42 N2856 Gx 14p
09 24 50 +49 19 42 N2857 Gx 2.4 14p
09 23 10 +03 07 42 N2858 Gx 14p
09 24 36 +34 29 42 N2859 Gx 4.8 10.7
09 25 13 +41 02 42 N2860 Gx 15p
09 23 52 +02 06 42 N2861 Gx 14p
09 25 11 +26 44 42 N2862 Gx 14p
09 23 51 -10 25 18 N2863 Gx 13p
09 24 28 +05 55 42 N2864 Gx 15p
09 23 44 -23 11 18 N2865 Gx 2.0 11.4
09 22 10 -51 06 17 N2866 -
09 21 32 -58 20 17 N2867 Pl 0.2 10p
09 23 39 -10 26 18 N2868
09 23 51 -10 27 18 N2869
09 28 10 +57 21 41 N2870 Gx 2.6 14p
09 25 58 +11 25 42 N2871
09 25 58 +11 24 42 N2872 Gx 2.1 13p
09 26 10 +11 25 42 N2873 Gx 15p
09 26 04 +11 24 42 N2874 Gx 2.5 14p
09 26 04 +11 24 42 N2875 Gx 0.5 15p
09 25 27 -06 44 18 N2876 Gx 14p
09 26 04 +02 11 42 N2877 Gx 14p
09 26 04 +02 03 42 N2878 Gx 15p
09 25 39 -11 41 18 N2879 T*
09 29 59 +62 28 41 N2880 Gx 2.6 11.6
09 26 08 -12 00 18 N2881 Gx 14p
09 26 46 +07 54 41 N2882 Gx 13p
09 25 25 -34 06 18 N2883 Gx
09 26 39 -11 34 19 N2884 Gx 2.6 13p
09 29 53 +22 55 41 N2885 Gx
09 26 44 -21 47 19 N2886 T*
09 23 25 -63 50 18 N2887 Gx
09 26 31 -28 03 19 N2888 Gx 0.8 12.5
09 27 27 -11 39 19 N2889 Gx 2.0 11.8
09 26 50 -14 33 19 N2890 Gx 15p
09 27 01 -24 50 19 N2891 Gx 14p
09 33 19 +67 35 40 N2892 Gx 1.7 14p
09 30 36 +29 30 40 N2893 Gx 1.4 13p
09 29 40 +07 41 41 N2894 Gx 13p
09 32 46 +57 27 40 N2895 Gx 14p
09 30 35 +23 37 40 N2896 Gx 15p
09 30 04 +02 10 41 N2897 Gx
09 30 04 +02 01 41 N2898 Gx 15p
09 27 09 -56 07 19 N2899 Pl 2.0
09 30 34 +04 06 40 N2900 Gx 14p
09 32 42 +31 05 40 N2901 -
09 31 08 -14 45 20 N2902 Gx 1.3 13p
09 32 29 +21 28 40 N2903 Gx 12.6 8.9
09 30 25 -30 24 20 N2904 Gx 13p
09 32 29 +21 29 40 N2905 Gx 13.3 10p
09 32 28 +08 25 40 N2906 Gx 1.6 13p
09 31 50 -16 45 20 N2907 Gx 1.9 13p
09 44 06 +79 39 37 N2908 Gx 14p
09 44 24 +65 57 37 N2909 Gx 14p
09 30 34 -52 55 20 N2910 OC 5 7.2
09 34 04 +10 07 39 N2911 Gx 4.3 11.6
09 33 58 +10 07 40 N2912 Gx
09 34 16 +09 26 39 N2913 Gx 14p
09 34 16 +10 05 39 N2914 Gx 1.2 13.1
09 26 10 -76 39 18 N2915 Gx 1.5 12.6
09 35 17 +21 40 39 N2916 Gx 2.6 12.0
09 34 45 -02 31 21 N2917 Gx 14p
09 36 06 +31 40 39 N2918 Gx 13p
09 35 04 +10 15 39 N2919 Gx 1.9 14p
09 34 32 -20 52 21 N2920 Gx
09 34 56 -20 58 21 N2921 Gx 13p
09 37 06 +37 39 39 N2922 Gx 14p
09 36 17 +16 43 39 N2923 Gx 15p
09 35 26 -16 25 21 N2924 Gx 1.6 13p
09 33 52 -53 27 20 N2925 OC 12 8p
09 37 48 +32 48 39 N2926 Gx 14p
09 37 29 +23 33 39 N2927 Gx 14p
09 37 35 +16 56 39 N2928 Gx 15p
09 37 41 +23 07 39 N2929 Gx 14p
09 37 47 +23 10 39 N2930 Gx 14p
09 37 53 +23 12 39 N2931 Gx 15p
09 35 29 -46 58 21 N2932 -
09 38 17 +16 59 38 N2933 Gx 15p
09 38 17 +16 59 38 N2934 Gx 15p
09 36 56 -21 09 21 N2935 Gx 3.5 12p
09 37 58 +02 42 38 N2936 Gx 1.7 13.1
09 37 58 +02 42 38 N2937 Gx 1.0 13.6
09 38 49 +76 17 38 N2938 Gx 14p
09 38 22 +09 29 38 N2939 Gx 2.7 14p
09 38 22 +09 34 38 N2940 Gx 1.3 15p
09 38 41 +17 01 38 N2941 Gx 15p
09 39 24 +33 58 38 N2942 Gx 2.2 13p
09 38 53 +17 00 38 N2943 Gx 14p
09 39 36 +32 17 38 N2944 Gx 1.3 15p
09 37 50 -22 03 21 N2945 Gx 14p
09 39 23 +16 59 38 N2946 Gx 15p
09 38 39 -12 27 22 N2947 -
09 39 10 +06 55 38 N2948 Gx 14p
09 40 17 +16 45 38 N2949 Gx 15p
09 42 58 +58 49 37 N2950 Gx 3.2 11.0
09 39 57 -00 15 22 N2951 Gx 15p
09 39 33 -10 10 22 N2952 -
09 40 40 +14 48 38 N2953 -
09 40 46 +14 53 38 N2954 Gx 13p
09 41 36 +35 51 38 N2955 Gx 1.8 12.7
09 39 32 -19 07 22 N2956 Gx
09 48 21 +72 56 36 N2957 Gx 15p
09 40 52 +11 51 38 N2958 Gx 14p
09 45 31 +68 34 37 N2959 Gx 1.5 14p
09 40 52 +03 32 38 N2960 Gx 13p
09 45 49 +68 34 37 N2961 Gx 0.9
09 41 10 +05 08 38 N2962 Gx 3.3 11.7
09 48 15 +72 56 36 N2963 Gx 1.4 14p
09 43 12 +31 49 37 N2964 Gx 3.0 11.3
09 43 30 +36 12 37 N2965 Gx 14p
09 42 28 +04 38 37 N2966 Gx 14p
09 42 21 +00 18 37 N2967 Gx 3.0 11.6
09 43 30 +31 54 37 N2968 Gx 2.2 11.8
09 42 03 -08 38 23 N2969 Gx 13p
09 43 48 +31 57 37 N2970 Gx 1.0 14p
09 44 00 +36 08 37 N2971 Gx 15p
09 40 29 -50 21 22 N2972 OC 4 9.9
09 38 13 -30 09 22 N2973 Gx
09 42 51 -03 43 23 N2974 Gx 3.4 10.8
09 41 26 -16 40 22 N2975 Gx
09 47 42 +67 53 36 N2976 Gx 4.9 10.2
09 44 17 +74 50 37 N2977 Gx 1.7 13p
09 43 33 -09 46 23 N2978 Gx 1.2 14p
09 43 21 -10 24 23 N2979 Gx 14p
09 43 27 -09 38 23 N2980 Gx 1.8 13p
09 45 18 +31 04 37 N2981 Gx 15p
09 42 36 -44 13 23 N2982 -
09 43 56 -20 30 23 N2983 Gx 2.6 11.7
09 43 52 +11 02 37 N2984 Gx 14p
09 50 51 +72 15 35 N2985 Gx 4.3 10.5
09 44 32 -21 18 23 N2986 Gx 2.5 10.9
09 45 52 +04 54 37 N2987 Gx 14p
09 47 05 +21 59 36 N2988 Gx 14p
09 45 38 -18 24 23 N2989 Gx 1.4 13p
09 46 34 +05 41 36 N2990 Gx 1.3 12.8
09 47 05 +21 59 36 N2991 Gx 14p
09 45 56 -14 21 23 N2992 Gx 4.1 11.9
09 46 02 -14 23 24 N2993 Gx 1.6 12.6
09 47 29 +22 04 36 N2994 Gx 14p
09 44 16 -54 48 23 N2995 -
09 46 44 -21 37 24 N2996 Gx 14p
09 45 49 -31 12 23 N2997 Gx 8.1 11p
09 49 01 +44 03 36 N2998 Gx 3.0 13p
09 45 23 -50 27 23 N2999 -
