09 49 25 +44 06 36 N3000 D*
09 46 31 -30 27 24 N3001 Gx 3.1 13p
09 49 19 +44 01 36 N3002 Gx 16p
09 48 54 +33 23 36 N3003 Gx 5.9 11.7
09 49 31 +44 05 36 N3004 D*
09 49 31 +44 06 36 N3005 Gx 16p
09 49 37 +43 59 36 N3006 Gx 15p
09 47 51 -06 27 24 N3007 Gx 15p
09 49 55 +44 03 36 N3008 Gx 15p
09 50 31 +44 16 35 N3009 Gx 14p
09 50 55 +44 18 35 N3010 Gx 14p
09 50 00 +32 11 36 N3011 Gx 1.2 14p
09 50 06 +34 40 36 N3012 Gx 15p
09 50 24 +33 32 35 N3013 Gx 15p
09 49 27 -04 45 24 N3014 Gx 14p
09 49 39 +01 06 36 N3015 Gx 14p
09 49 58 +12 40 36 N3016 Gx 13p
09 49 21 -02 51 24 N3017 Gx 14p
09 49 57 +00 35 36 N3018 Gx 14p
09 50 16 +12 42 35 N3019 Gx 15p
09 50 22 +12 47 35 N3020 Gx 3.2 13p
09 51 18 +33 31 35 N3021 Gx 1.7 13p
09 50 03 -05 10 24 N3022 Gx 14p
09 50 09 +00 35 36 N3023 Gx 3.1 13p
09 50 46 +12 44 35 N3024 Gx 2.2 14p
09 49 44 -21 46 24 N3025 Gx 15p
09 51 11 +28 31 35 N3026 Gx 2.2 13p
09 56 08 +72 10 34 N3027 Gx 4.7 12p
09 50 08 -19 11 24 N3028 Gx
09 48 57 -08 04 24 N3029 Gx
09 50 27 -12 15 25 N3030 Gx 15p
09 56 00 +69 02 34 N3031 Gx 25.7 6.9
09 52 23 +29 12 35 N3032 Gx 2.5 11.9
09 48 58 -56 26 24 N3033 OC 5 8.8
09 56 13 +69 39 34 N3034 Gx 11.2 8.4
09 52 03 -06 50 25 N3035 Gx 13p
09 49 26 -62 42 24 N3036 OC
09 51 38 -27 03 25 N3037 Gx 14p
09 51 31 -32 46 25 N3038 Gx 2.6 13p
09 52 46 +02 07 35 N3039 Gx 1.3 14p
09 53 17 +19 24 35 N3040 Gx 14p
09 53 22 +16 39 35 N3041 Gx 3.7 11.5
09 53 39 +00 40 35 N3042 Gx 14p
09 56 33 +59 16 34 N3043 Gx 2.0 14p
09 53 57 +01 33 35 N3044 Gx 4.8 12.0
09 53 26 -18 40 25 N3045 Gx 14p
09 53 32 -27 20 25 N3046 S*
09 54 51 -01 19 26 N3047 Gx 14p
09 55 16 +16 26 34 N3048 Gx 15p
09 55 04 +09 14 34 N3049 Gx 13p
09 54 33 -10 23 26 N3050 -
09 54 02 -27 18 25 N3051 Gx 14p
09 54 44 -18 39 26 N3052 Gx 2.1 13p
09 55 52 +16 24 34 N3053 Gx 13p
09 54 44 -25 43 26 N3054 Gx 3.9 12p
09 55 34 +04 14 34 N3055 Gx 2.2 12.1
09 54 44 -28 19 26 N3056 Gx 2.0 13p
10 06 10 +80 15 32 N3057 Gx 2.5 14p
09 53 45 -12 31 25 N3058 Gx 15p
09 50 15 -73 56 25 N3059 Gx 3.2 12p
09 56 40 +16 49 34 N3060 Gx 14p
09 56 41 +75 50 34 N3061 Gx 2.0 14p
09 56 51 +01 24 34 N3062 Gx 15p
10 02 02 +72 06 33 N3063 D*
09 55 51 -06 23 26 N3064 Gx 14p
10 02 20 +72 08 33 N3065 Gx 2.0 12.0
10 02 38 +72 05 33 N3066 Gx 1.2 12.9
09 58 42 +32 20 34 N3067 Gx 2.5 11.7
09 58 47 +28 51 34 N3068 Gx 15p
09 58 10 +10 25 34 N3069 Gx 15p
09 58 16 +10 20 34 N3070 Gx 13p
09 59 11 +31 35 33 N3071 Gx 15p
09 57 50 -19 22 26 N3072 Gx 13p
10 01 14 +55 35 33 N3073 Gx 1.5 13p
10 00 00 +35 22 33 N3074 Gx 2.5 15p
09 59 16 +14 23 33 N3075 Gx 14p
09 57 56 -18 12 26 N3076 Gx 14p
10 03 42 +68 42 33 N3077 Gx 4.6 9.9
09 58 38 -26 57 26 N3078 Gx 1.9 11.1
10 02 20 +55 39 33 N3079 Gx 7.6 10.6
10 00 10 +13 01 33 N3080 Gx 14p
09 59 44 -22 51 27 N3081 Gx 2.2 12p
09 59 07 -30 21 27 N3082 Gx 14p
10 00 09 -02 53 27 N3083 Gx 14p
09 59 14 -27 09 27 N3084 Gx 14p
09 59 50 -19 30 27 N3085 Gx 14p
10 00 27 -02 59 27 N3086 Gx 14p
09 59 25 -34 14 27 N3087 Gx 1.9 13p
10 01 23 +22 22 33 N3088 Gx 15p
09 59 50 -28 21 27 N3089 Gx 1.9 13p
10 00 51 -02 58 27 N3090 Gx 14p
10 00 26 -19 39 27 N3091 Gx 2.2 13p
10 01 09 -03 01 27 N3092 Gx 14p
10 01 15 -02 58 27 N3093 Gx 15p
10 01 46 +15 45 33 N3094 Gx 13p
10 00 19 -31 34 27 N3095 Gx 3.2 13p
10 00 56 -19 40 27 N3096 Gx 15p
10 04 39 +60 06 32 N3097 -
10 02 35 +24 41 33 N3098 Gx 2.6 12.0
10 02 59 +32 40 33 N3099 Gx 15p
10 00 55 -31 41 27 N3100 Gx 2.8 13p
10 01 57 -03 00 27 N3101 Gx 15p
10 04 57 +60 05 32 N3102 Gx 14p
10 00 55 -31 41 27 N3103 Gx
10 04 12 +40 43 32 N3104 Gx 3.2 13p
10 00 59 -54 47 27 N3105 OC 2 9.7
10 04 11 +31 09 32 N3106 Gx 14p
10 03 34 +13 36 33 N3107 Gx 13p
10 02 49 -31 42 27 N3108 Gx 13p
10 03 20 -26 10 27 N3109 Gx 14.5 10p
10 04 21 -06 29 28 N3110 Gx 13p
10 06 31 +47 14 32 N3111 Gx 14p
10 04 14 -20 47 28 N3112 Gx
10 04 38 -28 28 28 N3113 Gx 3.2 14p
10 02 52 -60 08 27 N3114 OC 35 4.2
10 05 27 -07 44 28 N3115 Gx 8.3 9.2
10 06 53 +31 04 32 N3116 Gx 15p
10 06 28 +02 52 32 N3117 Gx 14p
10 07 35 +33 00 32 N3118 Gx 14p
10 06 52 +14 17 32 N3119 Gx 15p
10 05 37 -34 14 28 N3120 Gx
10 07 04 +14 21 32 N3121 Gx 14p
10 06 45 -06 33 28 N3122 Gx
10 07 15 +00 02 32 N3123 -
10 06 56 -19 14 28 N3124 Gx 3.2 12p
10 06 50 -29 57 28 N3125 Gx 1.5 13p
10 08 29 +31 50 31 N3126 Gx 13p
10 06 32 -16 08 28 N3127 Gx 14p
10 06 08 -16 08 28 N3128 Gx 14p
10 08 40 +18 23 31 N3129 -
10 08 28 +09 57 31 N3130 Gx 14p
10 08 58 +18 13 31 N3131 Gx 14p
10 07 13 -40 27 28 N3132 Pl 0.8 8p
10 07 27 -11 58 28 N3133 Gx
10 09 46 +12 18 31 N3134 -
10 11 13 +45 56 31 N3135 Gx 14p
10 05 56 -67 24 28 N3136 Gx 2.5 11.0
10 09 26 -29 05 29 N3137 Gx 6.8
10 09 21 -11 59 29 N3138 Gx 15p
10 10 21 -11 48 29 N3139 Gx 15p
10 09 44 -16 38 29 N3140 Gx 1.4 14p
10 09 32 -16 39 29 N3141 -
10 10 21 -08 30 29 N3142 Gx 14p
10 10 21 -12 36 29 N3143 Gx 0.9 14p
10 15 56 +74 11 30 N3144 Gx 1.4 14p
10 10 27 -12 27 29 N3145 Gx 3.3 12p
10 11 26 -20 53 29 N3146 Gx 13p
10 17 19 +73 22 30 N3147 Gx 4.0 10.7
10 13 43 +50 26 30 N3148 Gx 16p
10 03 44 -80 26 28 N3149 Gx 2.1
10 13 42 +38 39 30 N3150 Gx 15p
10 13 48 +38 35 30 N3151 Gx 1.0 15p
10 13 54 +38 48 30 N3152 Gx 1.0
10 13 10 +12 38 31 N3153 Gx 2.3 13p
10 13 22 +17 01 30 N3154 Gx 14p
10 18 02 +74 19 30 N3155 Gx 14p
10 12 58 +03 06 31 N3156 Gx 2.1 13p
10 12 02 -31 39 29 N3157 Gx
10 14 06 +38 44 30 N3158 Gx 2.3 11.8
10 14 12 +38 37 30 N3159 Gx 1.3 13.4
10 14 12 +38 50 30 N3160 Gx 15p
10 14 18 +38 37 30 N3161 Gx 1.0
10 13 47 +22 42 30 N3162 Gx 3.1 11.6
10 14 24 +38 37 30 N3163 Gx 1.4 13.1
10 15 32 +56 39 30 N3164 Gx 14p
10 13 46 +03 21 30 N3165 Gx 1.6 15p
10 14 04 +03 24 30 N3166 Gx 5.2 10.6
10 14 53 +29 34 30 N3167 -
10 16 44 +60 12 30 N3168 Gx 14p
10 14 28 +03 26 30 N3169 Gx 4.8 10.5
10 16 24 +46 34 30 N3170 -
10 15 50 -20 40 30 N3171 Gx
11 50 34 +89 05 20 N3172 Gx 0.7 13.6
10 14 44 -27 42 30 N3173 Gx 14p
10 21 14 +75 07 29 N3174 -
10 14 56 -28 53 30 N3175 Gx 4.8 11.3
10 15 32 -19 02 30 N3176 -
10 16 52 +21 05 30 N3177 Gx 1.7 12.3
10 16 21 -15 48 30 N3178 Gx 13p
10 18 18 +41 04 30 N3179 Gx 14p
10 18 24 +41 23 30 N3180 -
10 18 30 +41 22 30 N3181 -
10 19 50 +58 10 29 N3182 Gx 2.3 13p
10 22 13 +74 08 29 N3183 Gx 2.5 13p
10 18 36 +41 23 29 N3184 Gx 6.9 9.8
10 17 53 +21 39 30 N3185 Gx 2.3 12.2
10 17 52 +06 55 30 N3186 Gx 15p
10 18 05 +21 50 30 N3187 Gx 3.3 13.1
10 20 02 +57 23 29 N3188 Gx 1.1 15p
10 18 29 +21 48 30 N3189 Gx 4.5 12p
10 18 23 +21 48 30 N3190 Gx 4.6 11.0
10 19 24 +46 26 29 N3191 Gx 0.8 14p
10 19 18 +46 25 29 N3192 Gx
10 18 41 +21 52 29 N3193 Gx 2.8 10.9
10 23 25 +74 45 29 N3194 -
10 09 26 -80 53 29 N3195 Pl 0.6
10 19 05 +27 38 29 N3196 Gx 15p
10 14 53 +77 47 30 N3197 Gx 14p
10 20 12 +45 31 29 N3198 Gx 8.3 10.4
10 17 17 -57 56 30 N3199 Nb 22
10 18 50 -18 00 31 N3200 Gx 4.8 12p
10 17 48 -46 26 30 N3201 Gb 18.2 6.8
10 20 48 +42 59 29 N3202 Gx 1.4 14p
10 19 50 -26 43 31 N3203 Gx 3.0 13p
10 20 29 +27 47 29 N3204 Gx 15p
10 21 06 +42 55 29 N3205 Gx 14p
10 22 08 +56 54 29 N3206 Gx 3.0 12p
10 21 18 +42 56 29 N3207 Gx 14p
10 19 56 -25 52 31 N3208 Gx 1.9 14p
10 20 53 +25 27 29 N3209 Gx 14p
10 27 42 +79 49 28 N3210 Gx
10 17 58 -62 41 30 N3211 Pl 0.2 12p
10 28 36 +79 45 28 N3212 Gx 14p
10 21 34 +19 37 29 N3213 Gx 1.2 14p
10 23 26 +57 00 29 N3214 Gx 1.0 15p
10 29 30 +79 44 28 N3215 Gx 14p
10 21 59 +23 52 29 N3216 Gx 15p
10 21 40 +10 51 29 N3217 -
10 26 55 +74 37 28 N3218 -
10 23 00 +38 32 29 N3219 Gx 15p
10 24 02 +57 00 29 N3220 Gx 1.6 14p
10 22 34 +21 32 29 N3221 Gx 3.3 14p
10 22 52 +19 51 29 N3222 Gx 1.3 12.8
10 21 49 -34 17 31 N3223 Gx 4.1 12p
10 21 49 -34 43 31 N3224 Gx
10 25 26 +58 07 28 N3225 Gx 2.3 13p
10 23 40 +19 52 29 N3226 Gx 2.8 11.4
10 23 46 +19 50 29 N3227 Gx 5.6 10.8
10 22 00 -51 44 31 N3228 OC 18 6.0
10 23 39 +00 02 29 N3229 D*
10 23 58 +12 31 29 N3230 Gx 14p
10 27 04 +66 46 28 N3231 -
10 24 35 +27 59 28 N3232 Gx 15p
10 22 14 -22 17 31 N3233 Gx 14p
10 25 11 +26 59 28 N3234
10 25 11 +27 59 28 N3235 Gx 14p
10 27 08 +61 14 28 N3236 Gx 15p
10 26 06 +39 37 28 N3237 Gx 14p
10 27 01 +57 12 28 N3238 Gx 1.6 14p
10 25 22 +17 08 28 N3239 Gx 5.2 12p
10 24 44 -21 48 32 N3240 Gx 14p
10 24 32 -32 30 32 N3241 Gx 1.5 12.7
10 25 02 -18 39 32 N3242 Pl 20.8 9p
10 26 39 -02 39 32 N3243 Gx 14p
10 25 43 -39 51 32 N3244 Gx 1.9
10 27 35 +28 28 28 N3245 Gx 3.2 10.8
10 26 58 +03 50 28 N3246 Gx 2.3 13p
10 26 05 -57 57 32 N3247 CN 7 7.6
10 28 04 +22 48 28 N3248 Gx 14p
10 26 32 -34 59 32 N3249 Gx
10 26 43 -39 58 32 N3250 Gx 3.2 11.0
10 29 35 +26 03 28 N3251 Gx 14p
10 34 48 +73 44 27 N3252 Gx 2.1 14p
10 28 46 +12 40 28 N3253 Gx 1.4 14p
10 29 35 +29 28 28 N3254 Gx 5.1 11.5
10 26 41 -60 41 32 N3255 OC 2 11.0
10 28 01 -43 55 32 N3256 Gx 3.5 11.3
10 29 02 -35 41 32 N3257 Gx 1.1
10 29 08 -35 37 32 N3258 Gx 1.8 11.7
10 32 57 +65 01 27 N3259 Gx 2.3 13p
10 29 20 -35 37 32 N3260 Gx 1.3
10 29 13 -44 40 32 N3261 Gx 4.1 12p
10 29 25 -44 11 32 N3262 Gx 1.2
10 29 31 -44 09 32 N3263 Gx 3.6
10 32 43 +56 03 27 N3264 Gx 3.4 13p
10 31 23 +28 46 27 N3265 Gx 1.2 14p
10 33 39 +64 43 27 N3266 Gx 1.7 14p
10 30 02 -35 20 33 N3267 Gx 2.4 13p
10 30 14 -35 21 33 N3268 Gx 2.0 11.8
10 30 14 -35 14 33 N3269 Gx 3.1 13p
10 31 47 +24 49 27 N3270 Gx 14p
10 30 44 -35 23 33 N3271 Gx 2.3 11.7
10 32 29 +28 25 27 N3272 Gx
10 30 44 -35 38 33 N3273 Gx 2.3 13p
10 32 35 +27 38 27 N3274 Gx 2.2 12.8
10 31 07 -36 45 33 N3275 Gx 2.8 12p
10 31 19 -39 58 33 N3276 Gx
10 33 11 +28 29 27 N3277 Gx 2.0 11.7
10 31 49 -39 58 33 N3278 Gx
10 34 52 +11 10 27 N3279 Gx 14p
10 32 51 -12 40 33 N3280 Gx 16p
10 32 08 -34 52 33 N3281 Gx 3.3 11.7
10 32 32 -22 19 33 N3282 Gx 14p
10 33 07 -46 06 33 N3283
10 36 19 +58 30 26 N3284 S*
10 33 50 -27 28 33 N3285 Gx 2.5 13p
10 36 37 +58 35 26 N3286 Gx 14p
10 35 04 +21 37 27 N3287 Gx 2.2 13p
10 36 43 +58 31 26 N3288 Gx 1.2 15p
10 34 26 -35 21 33 N3289 Gx 2.2
10 35 21 -17 17 33 N3290 Gx 1.4 14p
10 36 23 +37 13 26 N3291 Gx 1.0 14p
10 35 51 -06 12 33 N3292 Gx 14p
10 35 59 -58 15 34 N3293 CN 40 4.7
10 36 35 +37 18 26 N3294 Gx 3.3 11.7
10 32 57 -12 39 33 N3295 Gx
10 32 57 -12 44 33 N3296 Gx
10 35 39 -12 43 33 N3297 -
10 37 30 +50 04 26 N3298 Gx 15p
10 36 40 +12 40 26 N3299 Gx 2.1 13p
10 36 52 +14 08 26 N3300 Gx 2.1 13p
10 37 10 +21 51 26 N3301 Gx 3.6 11.4
10 36 02 -32 23 34 N3302 Gx 14p
10 37 22 +18 06 26 N3303 Gx 3.0 15p
10 37 53 +37 25 26 N3304 Gx 1.7 14p
10 36 32 -27 11 34 N3305 Gx 14p
10 37 28 +12 37 26 N3306 Gx 1.5 14p
10 36 32 -27 33 34 N3307 Gx 1.0 16p
10 36 38 -27 27 34 N3308 Gx 2.0 12.2
10 36 50 -27 32 34 N3309 Gx 1.9 11.9
10 39 01 +53 28 26 N3310 Gx 3.6 10.9
10 36 56 -27 33 34 N3311 Gx 2.5 11.6
10 37 14 -27 35 34 N3312 Gx 3.6 12p
10 37 44 -25 20 34 N3313 Gx 13p
10 37 26 -27 42 34 N3314 Gx 2.0 14p
10 37 32 -27 47 34 N3315
10 37 50 -27 37 34 N3316 Gx 1.2 15p
10 37 38 -27 30 34 N3317 Gx 0.6 14p
10 37 31 -41 39 34 N3318 Gx 2.6 12p
10 39 29 +41 39 26 N3319 Gx 6.8 11.3
10 39 54 +47 22 26 N3320 Gx 2.2 13p
10 39 03 -11 40 34 N3321 Gx 2.7
10 39 03 -11 40 34 N3322
10 39 58 +25 17 26 N3323 Gx 14p
10 37 30 -58 39 34 N3324 CN 16 6.7
10 39 33 -00 14 34 N3325 Gx 14p
10 39 46 +05 04 26 N3326 Gx 14p
10 40 16 +24 03 26 N3327 Gx 14p
10 39 58 +09 11 26 N3328
10 45 07 +76 47 25 N3329 Gx 2.1 13p
10 38 48 -54 10 34 N3330 OC 7 7.4
10 39 14 -23 50 34 N3331 Gx 14p
10 40 40 +09 09 26 N3332 Gx 13p
10 40 08 -36 04 34 N3333 Gx
10 41 41 +37 16 26 N3334 Gx 14p
10 39 50 -23 57 34 N3335 Gx 14p
10 40 32 -27 47 34 N3336 Gx 13p
10 42 04 +04 57 26 N3337 Gx 15p
10 42 22 +13 43 26 N3338 Gx 5.5 10.8
10 42 27 -00 23 34 N3339 S*
10 42 33 -00 24 35 N3340 Gx 13p
10 42 52 +05 00 25 N3341 Gx 15p
10 42 58 +09 24 25 N3342 S*
10 46 28 +73 19 25 N3343 Gx 1.6 15p
10 43 46 +24 53 25 N3344 Gx 6.9 10.0
10 43 52 +11 57 25 N3345 D*
10 43 58 +14 50 25 N3346 Gx 2.8 12p
10 43 02 -36 23 35 N3347 Gx 4.4 13p
10 47 34 +72 48 25 N3348 Gx 2.2 11.2
10 44 04 +06 43 25 N3349 Gx 15p
10 44 41 +30 41 25 N3350 Gx 15p
10 44 16 +11 40 25 N3351 Gx 7.4 9.7
10 44 34 +22 20 25 N3352 Gx 14p
10 45 43 +55 56 25 N3353 Gx 1.5 12.7
10 43 20 -36 23 35 N3354 Gx 14p
10 43 44 -23 13 35 N3355 -
10 44 28 +06 43 25 N3356 Gx 13p
10 44 40 +14 03 25 N3357 Gx 1.9 15p
10 43 50 -36 24 35 N3358 Gx 3.8 13p
10 46 56 +63 11 25 N3359 Gx 6.8 10.5
10 44 33 -11 37 35 N3360
10 44 39 -11 38 35 N3361
10 45 04 +06 34 25 N3362 Gx 13p
10 45 34 +22 02 25 N3363 Gx 14p
10 48 52 +72 23 25 N3364 Gx 1.9 14p
10 46 33 +01 47 25 N3365 Gx 4.7 13p
10 35 25 -43 42 33 N3366 Gx
10 46 52 +13 43 25 N3367 Gx 2.3 11.5
10 47 04 +11 47 25 N3368 Gx 7.1 9.2
10 46 56 -25 16 35 N3369 Gx 15p
10 47 22 +17 14 25 N3370 Gx 3.1 12p
10 47 16 +13 46 25 N3371 S*
10 44 00 -59 53 35 N3372 Nb 120
10 47 28 +13 38 25 N3373 S*
10 48 11 +43 08 25 N3374 Gx 14p
10 47 15 -09 58 35 N3375 Gx 13p
10 47 40 +06 01 25 N3376 Gx 14p
10 47 58 +13 57 25 N3377 Gx 4.4 10.2
10 46 50 -40 02 35 N3378 Gx
10 48 04 +12 33 25 N3379 Gx 4.5 9.3
10 48 28 +28 34 25 N3380 Gx 1.9 14p
10 48 41 +34 40 25 N3381 Gx 2.4 13p
10 48 47 +36 42 25 N3382 -
10 47 32 -24 28 35 N3383 Gx 13p
10 48 34 +12 36 25 N3384 Gx 5.9 10.0
10 48 28 +04 53 25 N3385 Gx 13p
10 48 28 +04 58 25 N3386 Gx 15p
10 48 28 +04 58 25 N3387 Gx 15p
10 48 34 +08 34 25 N3388 -
10 48 46 +12 30 25 N3389 Gx 2.7 11.8
10 48 20 -31 33 35 N3390 Gx 4.0 12.2
10 49 10 +14 11 25 N3391 Gx 13p
10 51 20 +65 44 24 N3392 Gx 15p
10 48 32 -25 11 35 N3393 Gx 13p
10 50 56 +65 41 24 N3394 Gx 13p
10 50 05 +32 57 24 N3395 Gx 1.9 12.1
10 50 11 +32 57 24 N3396 Gx 2.8 12.2
10 54 36 +77 15 24 N3397 -
10 51 48 +55 21 24 N3398 Gx 1.3
10 49 40 +16 11 25 N3399 Gx 14p
10 51 04 +28 26 24 N3400 Gx 1.4 14p
10 50 40 +05 46 24 N3401 -
10 50 15 -12 41 36 N3402 Gx
10 54 16 +73 39 24 N3403 Gx 3.1 13p
10 50 33 -12 08 36 N3404 Gx 2.6 14p
10 49 58 +16 12 24 N3405 Gx 14p
10 52 06 +51 00 24 N3406 Gx 13p
10 52 37 +61 21 24 N3407 Gx 1.7 15p
10 52 31 +58 24 24 N3408 Gx 1.0 14p
10 50 27 -17 04 36 N3409 Gx 15p
10 52 12 +50 59 24 N3410 Gx 15p
10 50 33 -12 52 36 N3411 Gx 13p
10 51 10 +13 23 24 N3412 Gx 3.6 10.6
10 51 35 +32 44 24 N3413 Gx 2.4 13p
10 51 34 +27 57 24 N3414 Gx 3.6 10.8
10 51 59 +43 41 24 N3415 Gx 2.4 13p
10 51 59 +43 44 24 N3416 Gx 15p
10 51 16 +08 27 24 N3417 Gx 15p
10 51 34 +28 05 24 N3418 Gx 1.2 14p
10 51 34 +13 55 24 N3419 Gx 1.1 13p
10 50 21 -17 16 36 N3420 Gx 14p
10 51 03 -12 28 36 N3421 Gx 14p
10 51 21 -12 25 36 N3422 Gx 15p
10 51 28 +05 48 24 N3423 Gx 3.9 11.2
10 52 05 +32 52 24 N3424 Gx 3.0 13p
10 51 40 +08 32 24 N3425 Gx 14p
10 51 52 +18 26 24 N3426 Gx 14p
10 51 40 +08 16 24 N3427 Gx 14p
10 51 40 +09 15 24 N3428 Gx 14p
10 51 10 +09 13 24 N3429 Gx
10 52 29 +32 55 24 N3430 Gx 3.9 11.5
10 51 27 -17 02 36 N3431 Gx 14p
10 52 47 +36 35 24 N3432 Gx 6.2 11.3
10 52 22 +10 07 24 N3433 Gx 3.5 12p
10 52 16 +03 46 24 N3434 Gx 13p
10 55 07 +61 16 24 N3435 Gx 14p
10 42 40 +07 54 25 N3436 Gx
10 52 52 +22 54 24 N3437 Gx 2.6 13p
10 52 40 +10 32 24 N3438 Gx 14p
10 52 40 +08 32 24 N3439 Gx 15p
10 54 12 +57 05 24 N3440 Gx 2.3 14p
10 52 46 +07 12 24 N3441 Gx 14p
10 53 23 +33 53 24 N3442 Gx 0.7 13p
10 53 16 +17 32 24 N3443 Gx 2.5 14p
10 53 16 +10 11 24 N3444 Gx 1.2
10 54 54 +56 57 24 N3445 Gx 1.6 12.4
10 52 19 -45 10 36 N3446 OC
10 53 40 +16 44 24 N3447 Gx 3.8 13p
10 55 00 +54 17 24 N3448 Gx 5.4 11.7
10 53 08 -32 57 36 N3449 Gx 2.6 13p
10 48 21 -20 52 35 N3450 Gx 2.7 14p
10 54 40 +27 12 24 N3451 Gx 13p
10 54 21 -11 25 36 N3452 Gx 15p
10 53 57 -21 48 36 N3453 Gx
10 54 46 +17 19 24 N3454 Gx 2.2 14p
10 54 46 +17 15 24 N3455 Gx 2.8 13p
10 54 21 -16 03 36 N3456 Gx 2.1 13p
10 54 58 +17 35 24 N3457 Gx 13p
10 56 18 +57 05 24 N3458 Gx 1.7 13p
10 54 57 -17 05 36 N3459 Gx 14p
10 55 04 +17 34 24 N3460
10 55 10 +17 37 24 N3461 Gx
10 55 34 +07 40 24 N3462 Gx 13p
10 55 20 -26 08 36 N3463 Gx 14p
10 54 57 -21 05 36 N3464 Gx 2.8 13p
10 59 40 +75 10 23 N3465 Gx 14p
10 56 34 +09 43 24 N3466 Gx 1.3 15p
10 56 58 +09 44 24 N3467 Gx 14p
10 57 41 +40 55 24 N3468 Gx 14p
10 57 09 -14 19 36 N3469 Gx 14p
10 59 00 +59 29 23 N3470 Gx 1.7 14p
10 59 25 +61 30 23 N3471 Gx 2.0 13p
10 57 33 -19 39 36 N3472 -
10 58 16 +17 05 23 N3473 Gx 15p
10 58 22 +17 03 23 N3474 Gx 15p
10 58 34 +24 12 23 N3475 Gx 14p
10 58 22 +09 15 23 N3476 Gx 15p
10 58 28 +09 11 23 N3477 Gx 15p
10 59 47 +46 05 23 N3478 Gx 2.8 13p
10 59 09 -14 59 37 N3479 Gx 13p
10 59 10 +09 19 23 N3480 -
10 59 45 -07 32 37 N3481 Gx 14p
10 58 50 -46 36 37 N3482 Gx 2.0
10 59 14 -28 29 37 N3483 Gx 13p
11 03 22 +75 47 23 N3484 -
11 00 16 +14 48 23 N3485 Gx 2.5 13p
11 00 40 +28 56 23 N3486 Gx 6.9 10.3
11 00 58 +17 33 23 N3487 Gx 14p
11 01 42 +57 39 23 N3488 Gx 2.0 14p
11 00 34 +13 52 23 N3489 Gx 3.7 10.3
11 00 10 +09 20 23 N3490 Gx 15p
11 00 52 +12 08 23 N3491 Gx 14p
11 01 10 +10 28 23 N3492 Gx 14p
11 01 46 +27 42 23 N3493 Gx 15p
11 01 27 +03 41 23 N3494 -
11 01 33 +03 36 23 N3495 Gx 4.6 13p
11 00 00 -60 21 37 N3496 OC 9 8.2
11 01 39 -19 29 37 N3497 -
11 02 10 +14 21 23 N3498 T*
11 03 30 +56 11 23 N3499 Gx 1.0 14p
11 02 04 +75 11 23 N3500 Gx 15p
11 03 10 +17 57 23 N3501 Gx 3.7 13p
11 02 21 -14 09 37 N3502 Gx 14p
11 01 30 -59 52 37 N3503 Nb 3
11 03 28 +27 56 23 N3504 Gx 2.7 11.1
11 02 57 -15 30 37 N3505 -
11 03 28 +11 03 23 N3506 Gx 1.3 13p
11 03 46 +18 06 23 N3507 Gx 3.5 11p
11 03 09 -16 19 37 N3508 Gx 14p
11 04 40 +04 48 23 N3509 Gx 2.3 14p
11 03 58 +28 51 23 N3510 Gx 3.8 12.9
11 03 39 -23 06 37 N3511 Gx 5.4 12p
11 04 16 +28 00 23 N3512 Gx 1.7 12.4
11 04 03 -23 16 37 N3513 Gx 2.8 12p
11 04 09 -18 50 37 N3514 Gx 13p
11 04 52 +28 12 23 N3515 Gx 1.1 15p
11 07 08 +72 32 22 N3516 Gx 2.3 11.6
11 05 54 +56 29 23 N3517 Gx 1.2 14p
11 04 33 -06 29 37 N3518 Gx
11 04 12 -61 23 37 N3519 -
11 05 45 -17 57 37 N3520 At
11 06 03 -00 03 37 N3521 Gx 9.5 8.9
11 06 52 +20 02 22 N3522 Gx 14p
11 03 10 +75 06 23 N3523 Gx 14p
11 06 46 +11 22 23 N3524 Gx 13p
11 06 39 -19 28 37 N3525 -
11 07 16 +07 08 22 N3526 Gx 13p
11 07 34 +28 30 22 N3527 Gx 15p
11 07 33 -19 29 38 N3528 Gx 3.0
11 07 33 -19 34 38 N3529 Gx 1.5
11 09 00 +57 12 22 N3530 Gx 14p
11 07 10 +07 08 22 N3531
11 06 37 -58 41 37 N3532 OC 55 3.0
11 07 26 -37 11 38 N3533 Gx 2.6
11 08 58 +26 34 22 N3534 Gx 15p
11 08 46 +04 48 22 N3535 Gx 14p
11 09 04 +28 27 22 N3536 Gx 15p
11 08 51 -10 27 38 N3537 Gx 14p
11 11 51 +75 32 22 N3538 -
11 09 22 +28 38 22 N3539 Gx 15p
11 09 34 +35 59 22 N3540 Gx 14p
11 09 03 -10 57 38 N3541 Gx 15p
11 10 16 +36 55 22 N3542 Gx 15p
11 11 06 +61 20 22 N3543 Gx 15p
11 11 45 -18 18 38 N3544 Gx
11 10 28 +36 56 22 N3545 Gx 15p
11 10 03 -13 24 38 N3546 Gx 14p
11 10 10 +10 41 22 N3547 Gx 2.2 12.8
11 10 40 +36 00 22 N3548 -
11 11 11 +53 21 22 N3549 Gx 3.2 12p
11 10 52 +28 44 22 N3550 Gx 1.4 14p
11 09 52 +21 41 22 N3551 Gx 15p
11 10 52 +28 40 22 N3552 Gx 15p
11 10 52 +28 40 22 N3553 Gx 15p
11 10 58 +28 38 22 N3554 Gx 15p
11 09 58 +21 42 22 N3555 Gx 15p
11 11 47 +55 38 22 N3556 Gx 8.3 10.1
11 10 14 -37 33 38 N3557 Gx 4.0 10.4
11 11 10 +28 31 22 N3558 Gx 1.3 15p
11 10 58 +11 59 22 N3559 Gx 1.5 14p
11 10 58 +11 09 22 N3560 S*
11 11 28 +28 41 22 N3561 Gx 1.1 15p
11 13 14 +72 51 22 N3562 Gx 13p
11 11 40 +26 56 22 N3563 Gx 1.4 15p
11 10 50 -37 34 38 N3564 Gx 2.1 12.2
11 10 09 -20 03 38 N3565 -
11 10 09 -20 03 38 N3566 -
11 11 34 +05 48 22 N3567 Gx 14p
11 11 02 -37 28 38 N3568 Gx 2.4
11 12 22 +35 25 22 N3569 Gx 14p
11 12 22 +27 33 22 N3570 Gx 1.3 15p
11 11 45 -18 18 38 N3571 Gx 3.3 13p
11 10 37 -60 15 38 N3572 CN 20 6.6
11 11 32 -36 52 38 N3573 Gx
11 12 28 +27 35 22 N3574 Gx 0.5
11 13 22 +22 38 22 N3575 -
11 12 01 -61 24 38 N3576 Nb 20
11 14 05 +48 14 22 N3577 Gx 1.7 15p
11 13 03 -15 58 38 N3578 -
11 12 07 -61 15 38 N3579 Nb
11 13 33 +03 38 22 N3580 Gx 14p
11 12 19 -61 19 38 N3581 Nb
11 12 31 -61 17 38 N3582 Nb
11 14 29 +48 17 22 N3583 Gx 2.8 12p
11 12 37 -61 13 38 N3584 Nb
11 13 33 -26 46 38 N3585 Gx 2.9 10.0
11 12 49 -61 22 38 N3586 Nb
11 15 05 +54 59 22 N3587 Pl 3.2 11.2
11 14 16 +20 22 22 N3588 Gx 15p
11 15 30 +60 40 22 N3589 Gx 1.7 15p
11 13 07 -60 48 38 N3590 OC 4 8.2
11 14 21 -14 05 38 N3591 Gx 14p
11 14 40 +17 14 22 N3592 Gx 2.0 15p
11 14 52 +12 47 22 N3593 Gx 5.8 11.0
11 16 23 +55 40 22 N3594 Gx 15p
11 15 41 +47 25 22 N3595 Gx 1.7 13p
11 15 22 +14 45 22 N3596 Gx 4.2 12p
11 14 51 -23 44 38 N3597 Gx 13p
11 15 28 +17 14 22 N3598 Gx 13p
11 15 40 +18 05 22 N3599 Gx 2.8 11.9
11 16 05 +41 34 22 N3600 Gx 4.3 12p
11 15 45 +05 05 22 N3601 Gx 14p
11 16 04 +17 23 22 N3602 Gx 15p
11 15 19 -61 16 38 N3603 CN 12 9.1
11 16 33 +04 29 22 N3604 -
11 17 04 +17 59 22 N3605 Gx 1.7 13p
11 16 27 -33 50 38 N3606 Gx
11 17 10 +18 01 22 N3607 Gx 3.7 10.0
11 17 16 +18 07 22 N3608 Gx 3.0 11.0
11 18 04 +26 36 21 N3609 Gx 14p
11 18 41 +58 45 21 N3610 Gx 3.2 10.8
11 17 45 +04 31 22 N3611 Gx 2.4 12.2
11 18 28 +26 36 21 N3612 Gx 15p
11 18 53 +57 58 21 N3613 Gx 3.6 12p
11 18 35 +45 43 21 N3614 Gx 4.6 12p
11 18 16 +23 22 21 N3615 Gx 14p
11 18 28 +14 42 21 N3616 -
11 18 03 -26 08 39 N3617 Gx 13p
11 18 46 +23 27 21 N3618 Gx 14p
11 19 41 +57 44 21 N3619 Gx 3.1 13p
11 16 16 -76 14 38 N3620 Gx 2.8
11 18 33 -32 50 39 N3621 Gx 10.0 10p
11 20 30 +67 13 21 N3622 Gx 13p
11 19 10 +13 03 21 N3623 Gx 10.0 9.3
11 19 04 +07 30 21 N3624 Gx 14p
11 20 47 +57 45 21 N3625 Gx 2.2 14p
11 20 22 +18 19 21 N3626 Gx 3.1 10.9
11 20 28 +12 57 21 N3627 Gx 8.7 9.0
11 20 34 +13 34 21 N3628 Gx 14.8 9.5
11 20 46 +26 56 21 N3629 Gx 2.2 13p
11 20 33 +02 56 21 N3630 Gx 2.3 13p
11 21 17 +53 08 21 N3631 Gx 4.6 10.4
11 20 46 +18 07 21 N3632 -
11 20 39 +03 33 21 N3633 Gx 1.4 14p
11 20 51 -09 02 39 N3634 Gx 15p
11 20 51 -09 02 39 N3635 Gx 16p
11 20 39 -10 18 39 N3636 Gx 1.1 13p
11 20 57 -10 17 39 N3637 Gx 1.7 13p
11 20 33 -08 07 39 N3638 Gx 15p
11 21 46 +18 26 21 N3639 Gx 14p
11 21 21 +03 12 21 N3640 Gx 4.1 10.3
11 21 27 +03 10 21 N3641 Gx 1.1 14p
11 22 35 +59 03 21 N3642 Gx 5.8 11.1
11 21 39 +02 59 21 N3643 Gx 1.1 15p
11 21 45 +02 47 21 N3644 Gx 15p
11 21 51 +02 57 21 N3645 Gx 15p
11 21 58 +20 08 21 N3646 Gx 3.9 11.2
11 21 51 +02 52 21 N3647 Gx 15p
11 22 52 +39 51 21 N3648 Gx 13p
11 22 28 +20 11 21 N3649 Gx 1.6 15p
11 22 52 +20 40 21 N3650 Gx 1.9 15p
11 22 40 +24 16 21 N3651 Gx 14p
11 22 52 +37 44 21 N3652 Gx 2.4 13p
11 22 46 +24 14 21 N3653 Gx 15p
11 24 24 +69 24 21 N3654 Gx 13p
11 23 10 +16 33 21 N3655 Gx 1.6 11.6
11 23 53 +53 49 21 N3656 Gx 1.7 13p
11 24 11 +52 53 21 N3657 Gx 1.8 12p
11 24 16 +38 32 21 N3658 Gx 2.1 13p
11 24 04 +17 47 21 N3659 Gx 2.1 13p
11 23 51 -08 41 39 N3660 Gx 2.8 13p
11 23 57 -13 49 39 N3661 Gx 14p
11 24 03 -01 07 39 N3662 Gx 1.6 14p
11 24 15 -12 18 39 N3663 Gx 13p
11 24 39 +03 18 21 N3664 Gx 2.0 13p
11 24 58 +38 44 21 N3665 Gx 3.2 10.8
11 24 40 +11 19 21 N3666 Gx 4.2 12p
11 24 33 -13 50 39 N3667 Gx 13p
11 25 47 +63 25 21 N3668 Gx 13p
11 25 41 +57 41 21 N3669 Gx 2.3 13p
11 24 58 +23 55 21 N3670 Gx 14p
11 26 05 +60 27 21 N3671 Gx 15p
11 25 15 -09 49 39 N3672 Gx 4.1 11p
11 25 27 -26 45 39 N3673 Gx 3.5 12p
11 26 41 +57 01 21 N3674 Gx 2.0 13p
11 26 22 +43 33 21 N3675 Gx 5.9 11p
11 25 51 -10 38 39 N3676 -
11 26 34 +46 56 21 N3677 Gx 2.0 14p
11 26 28 +27 51 21 N3678 Gx 14p
11 26 27 -05 36 39 N3679 Gx 15p
11 25 56 -43 16 39 N3680 OC 12 7.6
11 26 46 +16 50 21 N3681 Gx 2.5 11.7
11 28 00 +66 33 21 N3682 Gx 2.0 13p
11 27 47 +56 51 21 N3683 Gx 2.0 13p
11 27 28 +17 00 21 N3684 Gx 3.2 11.7
11 26 27 +04 06 21 N3685 -
11 27 58 +17 11 21 N3686 Gx 3.3 11.4
11 28 16 +29 29 21 N3687 Gx 2.0 13p
11 28 03 -09 11 39 N3688 Gx 15p
11 28 28 +25 38 21 N3689 Gx 1.6 12.3
11 28 47 +58 31 21 N3690 Gx 2.4 12p
11 28 28 +16 53 21 N3691 Gx 1.3 14p
11 28 40 +09 22 21 N3692 Gx 3.3 13p
11 28 27 -13 11 39 N3693 Gx 13p
11 29 10 +35 22 21 N3694 Gx 1.0 13p
11 29 28 +35 33 21 N3695 Gx 15p
11 29 03 -11 16 39 N3696 Gx
11 28 58 +20 46 21 N3697 Gx 14p
11 29 16 +35 38 21 N3698 -
11 28 14 -59 58 39 N3699 Pl 1.1
11 29 46 +35 29 21 N3700 Gx 15p
11 29 40 +24 03 21 N3701 Gx 14p
11 30 27 -08 53 39 N3702 Gx 15p
11 29 51 -08 38 39 N3703 -
11 30 15 -11 31 39 N3704 Gx 14p
11 30 22 +09 15 21 N3705 Gx 5.0 11p
11 29 57 -36 26 39 N3706 Gx 2.9 12p
11 30 21 -11 33 39 N3707 -
11 30 57 -03 14 39 N3708 -
11 30 57 -03 16 39 N3709 -
11 31 16 +22 44 21 N3710 Gx 14p
11 29 39 -11 05 39 N3711 Gx 15p
11 31 22 +28 32 21 N3712 Gx 15p
11 31 52 +28 07 21 N3713 Gx 14p
11 32 04 +28 20 21 N3714 Gx 14p
11 31 45 -14 13 39 N3715 Gx 13p
11 31 57 +03 28 21 N3716 Gx 14p
11 31 45 -30 20 39 N3717 Gx 5.8 12p
11 32 52 +53 02 21 N3718 Gx 8.7 10.5
11 32 27 +00 47 21 N3719 Gx 2.0 14p
11 32 39 +00 46 21 N3720 Gx 1.1 13.3
11 34 39 -09 36 40 N3721 Gx 15p
11 34 45 -09 40 40 N3722 Gx 16p
11 32 39 -09 59 39 N3723 Gx 14p
11 34 45 -09 42 40 N3724 Gx 15p
11 33 59 +61 51 20 N3725 Gx 1.4 14p
11 33 34 +47 00 20 N3726 Gx 6.0 10.4
11 33 57 -13 53 40 N3727 Gx
11 33 28 +24 25 20 N3728 Gx 14p
11 34 04 +53 06 20 N3729 Gx 3.1 11.4
11 34 57 -09 38 40 N3730 Gx
11 34 28 +12 30 20 N3731 Gx 14p
11 34 27 -09 52 40 N3732 Gx 1.3 13p
11 35 16 +54 49 20 N3733 Gx 4.8 12p
11 34 57 -14 07 40 N3734 Gx 14p
11 36 17 +70 30 20 N3735 Gx 4.2 12p
11 35 54 +73 26 20 N3736 Gx 15p
11 35 52 +54 55 20 N3737 Gx 1.3 14p
11 36 04 +54 29 20 N3738 Gx 2.6 11.7
11 35 52 +25 02 20 N3739 Gx 15p
11 36 29 +59 57 20 N3740 Gx 15p
11 36 16 +45 16 20 N3741 Gx 14p
11 35 39 -37 57 40 N3742 Gx
11 36 04 +21 42 20 N3743 Gx 15p
11 36 04 +22 58 20 N3744 Gx 15p
11 37 58 +21 59 20 N3745 Gx 0.4
11 37 58 +21 58 20 N3746 Gx 1.3 15p
11 37 48 +74 57 20 N3747 -
11 38 04 +22 00 20 N3748 Gx 0.8
11 36 03 -38 00 40 N3749 Gx
11 38 10 +21 56 20 N3750 Gx 0.9
11 38 10 +21 54 20 N3751 Gx 0.4 15p
11 37 54 +75 15 20 N3752
11 38 10 +21 57 20 N3753 Gx 2.0 15p
11 38 10 +21 57 20 N3754 Gx 0.4
11 36 52 +36 23 20 N3755 Gx 3.2 13p
11 37 04 +54 16 20 N3756 Gx 4.4 11.5
11 37 22 +58 24 20 N3757 Gx 13p
11 36 40 +21 34 20 N3758 Gx 15p
11 37 10 +54 47 20 N3759 Gx 1.5 14p
10 37 10 +21 51 26 N3760
11 37 04 +22 58 20 N3761 Gx 15p
11 37 47 +61 44 20 N3762 Gx 13p
11 36 39 -09 51 40 N3763 Gx 13p
11 37 10 +17 52 20 N3764 Gx 15p
11 37 22 +24 05 20 N3765 Gx 15p
11 36 20 -61 38 40 N3766 OC 12 5.3
11 37 34 +16 51 20 N3767 Gx 14p
11 37 28 +17 49 20 N3768 Gx 13p
11 37 58 +47 52 20 N3769 Gx 3.2 12p
11 38 16 +59 35 20 N3770 Gx 13p
11 38 39 -09 21 40 N3771 Gx
11 38 04 +22 40 20 N3772 Gx 14p
11 38 28 +12 05 20 N3773 Gx 1.6 13p
11 38 51 -09 00 40 N3774 Gx 15p
11 38 33 -10 38 40 N3775 Gx 15p
11 38 33 -03 21 40 N3776 Gx
11 36 21 -12 35 40 N3777 Gx 14p
11 38 39 -50 44 40 N3778 Gx 1.4
11 39 09 -10 38 40 N3779
11 39 40 +56 14 20 N3780 Gx 3.1 12p
11 39 16 +26 20 20 N3781 Gx 15p
11 39 34 +46 29 20 N3782 Gx 1.7 13p
11 39 15 -37 46 40 N3783 Gx 1.9 13p
11 39 40 +26 18 20 N3784 Gx 15p
11 39 46 +26 17 20 N3785 Gx 15p
11 39 58 +31 53 20 N3786 Gx 2.4 13p
11 39 58 +20 27 20 N3787 Gx 14p
11 39 58 +31 54 20 N3788 Gx 2.2 13p
11 38 21 -09 37 40 N3789 Gx 16p
11 40 04 +17 41 20 N3790 Gx 14p
11 40 03 -09 24 40 N3791 Gx 14p
11 40 03 +04 58 20 N3792 -
11 39 40 +31 50 20 N3793 Gx 15p
11 39 52 +55 09 20 N3794 Gx 15p
11 40 22 +58 35 20 N3795 Gx 2.4 14p
11 40 52 +60 16 20 N3796 Gx 13p
11 40 22 +31 52 20 N3797 Gx 0.2 15p
11 40 28 +24 41 20 N3798 Gx 14p
11 40 28 +15 18 20 N3799 Gx 0.9 14p
11 40 28 +15 19 20 N3800 Gx 2.1 13p
11 40 34 +17 42 20 N3801 Gx 3.2 12.1
11 40 34 +17 44 20 N3802 Gx 1.4 13.6
11 40 34 +17 47 20 N3803 Gx
11 41 10 +56 10 20 N3804 Gx 2.4 13p
11 41 04 +20 20 20 N3805 Gx 14p
11 41 04 +17 46 20 N3806 Gx 14p
11 41 04 +17 45 20 N3807 Gx 1.5 15p
11 40 58 +22 25 20 N3808 Gx 0.7 11.9
11 41 34 +59 52 20 N3809 Gx 13p
11 41 15 +11 26 20 N3810 Gx 4.3 10.8
11 41 34 +47 40 20 N3811 Gx 2.4 13p
11 41 22 +24 49 20 N3812 Gx 14p
11 41 34 +36 31 20 N3813 Gx 2.3 11.7
11 41 46 +24 47 20 N3814 Gx 15p
11 41 58 +24 47 20 N3815 Gx 14p
11 42 04 +20 05 20 N3816 Gx 13p
11 42 09 +10 17 20 N3817 Gx 14p
11 42 15 -06 10 40 N3818 Gx 2.1 11.8
11 42 21 +10 20 20 N3819 Gx 15p
11 42 21 +10 22 20 N3820 Gx 15p
11 42 28 +20 18 20 N3821 Gx 14p
11 42 27 +10 15 20 N3822 Gx 13p
11 42 27 -13 52 40 N3823 Gx 14p
11 43 04 +52 45 20 N3824 Gx 1.6 15p
11 42 39 +10 15 20 N3825 Gx 14p
11 42 40 +26 28 20 N3826 Gx 14p
11 42 52 +18 49 20 N3827 Gx 13p
11 43 10 +16 28 20 N3828 Gx 15p
11 43 46 +52 41 20 N3829 Gx 1.2 15p
11 43 28 +26 33 20 N3830 Gx 14p
11 43 27 -12 53 40 N3831 Gx 14p
11 43 46 +22 42 20 N3832 Gx 14p
11 43 45 +10 08 20 N3833 Gx 14p
11 43 52 +19 03 20 N3834 Gx 1.9
11 44 22 +60 05 20 N3835 Gx 2.0 13p
11 43 45 -16 49 40 N3836 Gx 13p
11 44 10 +19 52 20 N3837 Gx 14p
11 44 28 +57 55 20 N3838 Gx 1.7 13p
11 44 09 +10 46 20 N3839 Gx 13p
11 44 10 +20 03 20 N3840 Gx 14p
11 44 16 +19 57 20 N3841 Gx 15p
11 44 16 +19 55 20 N3842 Gx 1.2 13p
11 44 09 +07 54 20 N3843 Gx 14p
11 44 16 +20 00 20 N3844 Gx 15p
11 44 22 +19 58 20 N3845 Gx 15p
11 44 46 +55 38 20 N3846 Gx 1.2 15p
11 44 28 +33 19 20 N3847
11 43 57 +10 14 20 N3848 Gx 15p
11 44 27 +03 08 20 N3849 -
11 45 52 +55 51 20 N3850 Gx 2.3 14p
11 44 34 +19 57 20 N3851 Gx 15p
11 44 39 +10 16 20 N3852 -
11 44 40 +16 32 20 N3853 Gx 13p
11 44 45 -09 23 40 N3854 -
11 44 34 +33 18 20 N3855
11 44 40 +33 18 20 N3856
11 45 04 +19 31 20 N3857 Gx 15p
11 45 09 -09 17 40 N3858 Gx 1.9 13p
11 45 10 +19 26 20 N3859 Gx 15p
11 44 52 +19 47 20 N3860 Gx 14p
11 45 04 +19 58 20 N3861 Gx 14p
11 45 22 +19 34 20 N3862 Gx 1.6 12.6
11 45 21 +08 27 20 N3863 Gx 14p
11 45 28 +19 22 20 N3864 Gx 15p
11 45 09 -09 15 40 N3865 Gx 2.3 13p
11 45 33 -09 21 40 N3866 Gx 14p
11 45 40 +19 22 20 N3867 Gx 14p
11 45 40 +19 25 20 N3868 Gx 15p
11 46 03 +10 48 20 N3869 Gx 13p
11 46 10 +50 10 20 N3870 Gx 1.3 13p
11 46 28 +33 03 20 N3871 Gx 15p
11 46 03 +13 44 20 N3872 Gx 2.2 11.7
11 45 58 +19 45 20 N3873 Gx 14p
11 46 03 +08 31 20 N3874 D*
11 46 04 +19 44 20 N3875 Gx 15p
11 45 39 +09 09 20 N3876 Gx 13p
11 46 22 +47 28 20 N3877 Gx 5.4 12p
11 46 28 +33 10 20 N3878 Gx 15p
11 47 10 +69 22 20 N3879 Gx 13p
11 46 34 +33 08 20 N3880 Gx 15p
11 46 46 +33 05 20 N3881 Gx 15p
11 46 21 -56 23 40 N3882 Gx
11 47 04 +20 40 20 N3883 Gx 14p
11 46 28 +20 23 20 N3884 Gx 14p
11 47 03 -27 56 40 N3885 Gx 1.7 13p
11 47 22 +19 49 20 N3886 Gx 14p
11 47 21 -16 52 40 N3887 Gx 3.3 11.0
11 47 52 +55 56 20 N3888 Gx 1.8 13p
11 48 10 +56 00 20 N3889 Gx 16p
11 49 40 +74 18 20 N3890 Gx 14p
11 48 16 +30 21 20 N3891 Gx 13p
11 48 15 -10 59 40 N3892 Gx 2.8 12p
11 48 52 +48 41 20 N3893 Gx 4.4 11p
11 49 04 +59 23 20 N3894 Gx 2.4 13p
11 49 22 +59 24 20 N3895 Gx 1.4 14p
11 49 10 +48 39 20 N3896 Gx 1.7 14p
11 49 16 +34 59 20 N3897 Gx 2.1 14p
11 49 28 +56 03 20 N3898 Gx 4.4 10.8
11 49 28 +26 26 20 N3899 -
11 49 28 +26 59 20 N3900 Gx 3.5 11.4
11 43 18 +77 22 20 N3901 Gx 14p
11 49 34 +26 05 20 N3902 Gx 1.8 14p
11 49 21 -37 31 40 N3903 Gx
11 49 27 -29 18 40 N3904 Gx 2.2 11.0
11 49 21 -09 45 40 N3905 Gx 1.8
11 49 58 +48 24 20 N3906 Gx 1.9 14p
11 49 45 -01 05 40 N3907 Gx 14p
11 50 09 +12 09 20 N3908 Gx
11 49 51 -48 16 40 N3909 OC
11 50 15 +21 20 20 N3910 Gx 14p
11 49 40 +24 55 20 N3911 Gx 15p
11 50 22 +26 27 20 N3912 Gx 1.7 13p
11 50 52 +55 19 20 N3913 Gx 2.6 13p
11 50 51 +06 33 20 N3914 Gx 14p
11 50 51 -05 09 40 N3915 -
11 51 04 +55 07 20 N3916 Gx 1.8 15p
11 51 04 +51 48 20 N3917 Gx 4.9 12p
11 50 33 -57 12 40 N3918 Pl 0.2 8p
11 50 51 +19 59 20 N3919 Gx 14p
11 50 22 +24 55 20 N3920 Gx 14p
11 51 22 +55 03 20 N3921 Gx 2.2 13p
11 51 28 +50 09 20 N3922 Gx 14p
11 51 15 -28 49 40 N3923 Gx 2.9 10.1
11 52 52 +49 59 20 N3924 Gx 1.9 15p
11 51 33 +21 53 20 N3925 Gx 15p
11 51 45 +22 01 20 N3926 Gx 14p
11 51 52 +28 07 20 N3927 -
11 52 04 +48 39 20 N3928 Gx 1.8 13p
11 51 57 +20 59 20 N3929 Gx 14p
11 52 04 +37 59 20 N3930 Gx 3.8 12p
11 51 28 +51 58 20 N3931 Gx 1.4 15p
11 52 46 +48 26 20 N3932 Gx 15p
11 52 15 +16 47 20 N3933 Gx 14p
11 52 27 +16 50 20 N3934 Gx 15p
11 52 40 +32 23 20 N3935 Gx 14p
11 52 33 -26 55 40 N3936 Gx 4.0 13p
11 52 57 +20 37 20 N3937 Gx 14p
11 53 04 +44 05 20 N3938 Gx 5.4 10.4
11 53 28 +75 05 20 N3939 -
11 52 57 +20 59 20 N3940 Gx 14p
11 53 10 +36 57 20 N3941 Gx 3.8 11p
11 51 39 -11 25 40 N3942 Gx 14p
11 53 09 +20 28 20 N3943 Gx 14p
11 53 21 +26 12 20 N3944 Gx 14p
11 53 28 +60 39 20 N3945 Gx 5.5 10.6
11 53 39 +21 01 20 N3946 Gx 15p
11 53 39 +20 43 20 N3947 Gx 1.6 14p
11 53 39 +20 57 20 N3948 Gx 0.5 15p
11 53 58 +47 50 20 N3949 Gx 3.0 11.0
11 53 58 +47 54 20 N3950 Gx 15p
11 53 57 +23 22 20 N3951 Gx 14p
11 53 57 -04 01 40 N3952 Gx 1.5 13p
11 54 04 +52 18 20 N3953 Gx 6.6 10.1
11 53 57 +20 52 20 N3954 Gx 14p
11 54 15 -23 11 40 N3955 Gx 3.2 11.9
11 54 15 -20 35 40 N3956 Gx 3.5 13p
11 54 15 -19 35 40 N3957 Gx 3.5 13p
11 54 52 +58 20 20 N3958 Gx 1.6 13p
11 54 51 -07 45 40 N3959 Gx 14p
11 51 09 -55 43 40 N3960 OC 7 8.3
11 55 16 +69 18 20 N3961 Gx 14p
11 54 57 -13 59 40 N3962 Gx 2.9 10.6
11 55 16 +58 28 20 N3963 Gx 2.8 12p
11 55 03 +28 14 20 N3964 Gx 15p
11 55 21 -10 53 40 N3965 -
11 55 57 +32 10 20 N3966 Gx 14p
11 55 27 -07 51 40 N3967 Gx 15p
11 55 45 +11 56 20 N3968 Gx 3.0 13p
11 55 21 -18 57 40 N3969 Gx 14p
11 55 33 -12 03 40 N3970 Gx 14p
11 55 51 +29 58 20 N3971 Gx 14p
11 56 04 +55 17 20 N3972 Gx 4.0 13p
11 55 51 +11 59 20 N3973 Gx 15p
11 55 57 -12 01 40 N3974 Gx 14p
11 56 10 +60 30 20 N3975 Gx 0.8 15p
11 56 15 +06 43 20 N3976 Gx 3.9 12p
11 56 22 +55 22 20 N3977 Gx 1.7 13p
11 56 28 +60 29 20 N3978 Gx 1.8 15p
11 56 21 -02 43 40 N3979 Gx 14p
11 56 22 +55 21 20 N3980 Gx 1.8 15p
11 56 21 -19 55 40 N3981 Gx 3.9 12p
11 56 46 +55 06 20 N3982 Gx 2.5 12p
11 56 39 +23 51 20 N3983 Gx 15p
11 58 03 +29 01 20 N3984 Gx 15p
11 56 57 +48 18 20 N3985 Gx 1.2 13p
11 56 57 +31 59 20 N3986 Gx 3.1 14p
11 57 33 +25 10 20 N3987 Gx 2.5 14p
11 57 39 +27 51 20 N3988 Gx 14p
11 57 39 +25 12 20 N3989 Gx 15p
11 57 51 +55 26 20 N3990 Gx 1.7 12.6
11 57 45 +32 18 20 N3991 Gx 1.4 13.2
11 57 51 +53 21 20 N3992 Gx 7.6 9.8
11 57 51 +25 13 20 N3993 Gx 1.9 15p
11 57 51 +32 15 20 N3994 Gx 1.1 12.7
11 57 57 +32 16 20 N3995 Gx 2.8 12.6
11 58 03 +14 17 20 N3996 Gx 14p
11 58 03 +25 14 20 N3997 Gx 1.8 14p
11 58 09 +55 25 20 N3998 Gx 3.1 10.6
11 58 39 +25 07 20 N3999 Gx 15p
