11 58 15 +25 07 20 N4000 Gx 15p
11 58 21 +47 18 20 N4001 Gx 15p
11 58 15 +23 11 20 N4002 Gx 14p
11 58 15 +23 06 20 N4003 Gx 15p
11 58 21 +27 51 20 N4004 Gx 2.2 14p
11 58 27 +25 06 20 N4005 Gx 14p
11 58 27 -02 06 40 N4006 Gx 14p
11 58 27 +25 06 20 N4007
11 58 33 +28 10 20 N4008 Gx 2.5 12.0
11 58 39 +25 11 20 N4009 Gx
11 58 51 +47 14 20 N4010 Gx 4.2 13p
11 58 39 +25 05 20 N4011 Gx 15p
11 58 45 +10 00 20 N4012 Gx 14p
11 58 45 +43 55 20 N4013 Gx 5.2 12p
11 58 51 +16 09 20 N4014 Gx 13p
11 58 57 +25 01 20 N4015 Gx 14p
11 58 39 +27 29 20 N4016 Gx 1.5 15p
11 58 57 +27 24 20 N4017 Gx 1.8 13p
11 58 57 +25 18 20 N4018 Gx 14p
11 59 09 +14 11 20 N4019 -
11 59 09 +30 23 20 N4020 Gx 2.1 13p
11 59 15 +25 04 20 N4021 Gx 15p
11 59 15 +25 12 20 N4022 Gx 14p
11 59 21 +24 58 20 N4023 Gx 14p
11 58 45 -18 22 40 N4024 Gx 2.3 13p
11 59 27 +37 46 20 N4025 Gx 3.3 15p
11 59 39 +50 56 20 N4026 Gx 5.1 12p
11 59 45 -19 17 40 N4027 Gx 3.0 11.1
12 00 09 +16 12 20 N4028 -
12 00 21 +08 10 20 N4029 Gx 14p
12 00 39 -01 07 40 N4030 Gx 4.3 12p
12 00 45 +31 55 20 N4031 Gx 14p
12 00 51 +20 02 20 N4032 Gx 2.1 13p
12 00 51 -17 52 40 N4033 Gx 2.5 13p
12 01 45 +69 17 20 N4034 Gx
12 00 45 -15 58 40 N4035 Gx 1.4
12 01 39 +61 52 20 N4036 Gx 4.5 10.6
12 01 39 +13 22 20 N4037 Gx 2.7 13p
12 02 09 -18 53 40 N4038 Gx 2.6 10.7
12 02 09 -18 54 40 N4039 Gx 3.2 13p
12 02 27 +17 48 20 N4040 Gx 15p
12 02 27 +62 06 20 N4041 Gx 2.8 11.1
12 02 39 +20 07 20 N4042 -
12 02 39 +04 19 20 N4043 Gx 14p
12 02 45 -00 12 40 N4044 Gx 14p
12 02 57 +01 57 20 N4045 Gx 2.8 11.8
12 03 03 +01 43 20 N4046 -
12 03 09 +48 36 20 N4047 Gx 1.5 13p
12 03 09 +17 59 20 N4048 Gx 14p
12 03 15 +18 44 20 N4049 Gx 14p
12 03 09 -16 23 40 N4050 Gx 3.1 12p
12 03 27 +44 30 20 N4051 Gx 5.0 10.3
12 02 09 -63 13 40 N4052 OC 8 9p
12 03 27 +19 42 20 N4053 Gx 14p
12 03 27 +57 52 20 N4054 Gx 15p
12 03 57 +21 02 20 N4055 -
12 04 15 +20 17 20 N4056 Gx
12 05 33 +20 17 20 N4057 Gx
12 04 03 +03 32 20 N4058 Gx 14p
12 04 09 +21 17 20 N4059 -
12 04 21 +20 19 20 N4060 Gx 15p
12 04 21 +20 11 20 N4061 Gx 1.5 14p
12 04 21 +31 52 20 N4062 Gx 4.3 11.2
12 04 21 +01 50 20 N4063 Gx 15p
12 04 27 +18 25 20 N4064 Gx 4.5 11.5
12 04 27 +20 11 20 N4065 Gx 1.5 14p
12 04 27 +20 20 20 N4066 Gx 14p
12 04 27 +10 49 20 N4067 Gx 1.5 13p
12 04 15 +52 33 20 N4068 Gx 3.2 13p
12 04 27 +20 18 20 N4069 Gx
12 04 27 +20 24 20 N4070 Gx 14p
12 04 28 -67 19 40 N4071 Pl 1.3
12 04 33 +20 11 20 N4072 Gx 15p
12 04 45 +01 52 20 N4073 Gx 2.5 13p
12 04 51 +20 18 20 N4074 Gx 15p
12 04 57 +02 03 20 N4075 Gx 14p
12 04 51 +20 10 20 N4076 Gx 14p
12 04 57 +01 46 20 N4077 Gx 14p
12 05 03 +10 34 20 N4078 Gx 14p
12 05 03 -02 24 40 N4079 Gx 2.4 14p
12 05 15 +26 58 20 N4080 Gx 14p
12 04 51 +64 24 20 N4081 Gx 1.8 14p
12 05 33 +10 39 20 N4082 Gx 15p
12 05 33 +10 35 20 N4083 Gx 15p
12 05 33 +21 12 20 N4084 Gx 15p
12 05 39 +50 19 20 N4085 Gx 2.8 12.3
12 05 45 +20 13 20 N4086 Gx 15p
12 05 51 -26 34 40 N4087 Gx 13p
12 05 51 +50 31 20 N4088 Gx 5.8 10.5
12 05 51 +20 32 20 N4089 Gx 15p
12 05 45 +20 17 20 N4090 Gx 15p
12 05 57 +20 32 20 N4091 Gx 15p
12 06 09 +20 28 20 N4092 Gx 14p
12 06 09 +20 31 20 N4093 Gx 15p
12 06 09 -14 33 40 N4094 Gx 4.2 12p
12 06 15 +20 33 20 N4095 Gx 14p
12 06 15 +47 27 20 N4096 Gx 6.5 10.6
12 06 21 +36 50 20 N4097 Gx 14p
12 06 21 +20 35 20 N4098 Gx 14p
12 06 21 +20 37 20 N4099 -
12 06 27 +49 33 20 N4100 Gx 5.2 12p
12 06 27 +25 32 20 N4101 Gx 14p
12 06 39 +52 41 20 N4102 Gx 3.2 12p
12 06 58 -61 16 40 N4103 OC 7 7p
12 06 51 +28 08 20 N4104 Gx 3.0 14p
12 06 57 -29 47 40 N4105 Gx 2.4 12p
12 07 03 -29 47 40 N4106 Gx 1.9 11.4
12 06 57 +10 34 20 N4107
12 07 03 +67 08 20 N4108 Gx 1.9 13p
12 07 09 +42 58 20 N4109 Gx 0.8 15p
12 07 21 +18 30 20 N4110 Gx 14p
12 07 21 +43 02 20 N4111 Gx 4.8 10.8
12 07 22 -40 12 40 N4112 Gx
12 07 27 +33 58 20 N4113 -
12 07 27 -14 12 40 N4114 Gx 2.3 13p
12 07 27 +14 23 20 N4115 -
12 07 51 +02 40 20 N4116 Gx 3.8 11.9
12 08 03 +43 06 20 N4117 Gx 2.8 14p
12 08 09 +43 05 20 N4118 Gx 0.9 16p
12 08 09 +09 31 20 N4119 -
12 08 45 +69 31 20 N4120 Gx 1.9 14p
12 08 09 +65 05 20 N4121 Gx 0.6 14p
12 07 27 +32 58 20 N4122 Gx 15p
12 08 27 +02 51 20 N4123 Gx 4.5 11.2
12 08 27 +10 21 20 N4124 Gx 4.6 12p
12 08 21 +65 09 20 N4125 Gx 5.1 9.8
12 08 57 +16 07 20 N4126 Gx 14p
12 08 38 +76 46 20 N4127 Gx 2.3 13p
12 08 45 +68 44 20 N4128 Gx 2.8 13p
12 09 09 -09 03 40 N4129 Gx 2.6 12.6
12 09 09 -04 01 40 N4130 -
12 08 57 +29 16 20 N4131 Gx 1.6 14p
12 09 15 +29 12 20 N4132 Gx 1.1 15p
12 08 50 +74 54 20 N4133 Gx 13p
12 09 27 +29 09 20 N4134 Gx 14p
12 09 27 +43 58 20 N4135 Gx 1.0 15p
12 09 33 +29 54 20 N4136 Gx 4.1 12p
12 09 33 +44 04 20 N4137 Gx 1.2 15p
12 09 45 +43 39 20 N4138 Gx 2.9 12p
12 09 51 +01 47 20 N4139 -
12 09 57 +01 46 20 N4140 -
12 09 57 +58 49 20 N4141 Gx 14p
12 09 45 +53 04 20 N4142 Gx 2.3 14p
12 09 51 +42 30 20 N4143 Gx 2.9 12p
12 10 15 +46 25 20 N4144 Gx 5.9 12p
12 10 15 +39 51 20 N4145 Gx 5.8 11.0
12 10 33 +26 24 20 N4146 Gx 1.6 14p
12 10 21 +18 31 20 N4147 Gb 4.0 10.3
12 10 21 +35 50 20 N4148 Gx 1.8 15p
12 10 39 +58 17 20 N4149 Gx 14p
12 10 51 +30 22 20 N4150 Gx 2.5 11.7
12 10 45 +39 22 20 N4151 Gx 5.9 10.4
12 10 51 +16 00 20 N4152 Gx 2.3 12.0
12 11 03 +18 20 20 N4153 -
12 10 57 +58 19 20 N4154 S*
12 11 03 +19 01 20 N4155 Gx 14p
12 11 03 +39 26 20 N4156 Gx 1.5 13.0
12 11 21 +50 27 20 N4157 Gx 6.9 12p
12 11 27 +20 09 20 N4158 Gx 2.0 13p
12 10 56 +76 07 20 N4159 Gx 14p
12 11 51 +43 43 20 N4160 -
12 11 39 +57 42 20 N4161 Gx 13p
12 12 09 +24 05 20 N4162 Gx 2.5 11.5
12 12 27 +36 08 20 N4163 Gx 1.9 13p
12 12 21 +13 10 20 N4164 Gx 15p
12 12 27 +13 13 20 N4165 Gx 1.5 13.6
12 12 27 +17 44 20 N4166 Gx 14p
12 12 27 +36 29 20 N4167 -
12 12 33 +13 10 20 N4168 Gx 2.8 11.3
12 12 27 +29 08 20 N4169 Gx 2.1 13p
12 12 33 +29 10 20 N4170 Gx 13p
12 12 33 +29 10 20 N4171 Gx 5.1 14p
12 12 27 +56 09 20 N4172 Gx 14p
12 12 33 +29 09 20 N4173 Gx 4.8 13p
12 12 39 +29 06 20 N4174 Gx 0.8 14p
12 12 45 +29 07 20 N4175 Gx 2.0 14p
12 12 57 -09 09 40 N4176 Gx
12 13 03 -14 01 40 N4177 Gx 13p
12 13 03 +10 50 20 N4178 Gx 5.0 11.4
12 13 09 +01 16 20 N4179 Gx 4.2 10.9
12 13 21 +07 00 20 N4180 Gx 1.8 13p
12 13 39 +50 44 20 N4181 Gx 14p
12 13 39 +04 01 20 N4182 -
12 13 33 +43 40 20 N4183 Gx 5.0 13p
12 13 52 -62 43 40 N4184 -
12 13 39 +28 29 20 N4185 Gx 13p
12 14 21 +14 42 20 N4186 Gx 1.4 14p
12 13 39 +50 42 20 N4187 Gx 14p
12 14 27 -12 34 40 N4188 Gx 14p
12 14 03 +13 24 20 N4189 Gx 2.5 11.7
12 13 57 +36 36 20 N4190 Gx 1.7 13p
12 14 09 +07 10 20 N4191 Gx 14p
12 14 03 +14 52 20 N4192 Gx 9.5 10.1
12 14 09 +13 08 20 N4193 Gx 2.3 12.4
12 14 27 +54 30 20 N4194 Gx 2.5 12.4
12 14 27 +59 35 20 N4195 Gx 15p
12 14 39 +28 23 20 N4196 Gx 1.6 14p
12 14 51 +05 46 20 N4197 Gx 3.5 13p
12 14 33 +55 59 20 N4198 Gx 14p
12 15 03 +59 52 20 N4199 Gx 15p
12 15 03 +12 09 20 N4200 Gx 14p
12 14 57 -11 35 40 N4201 Gx 14p
12 18 27 -01 05 40 N4202 Gx 14p
12 15 21 +33 10 20 N4203 Gx 3.6 10.7
12 15 27 +20 37 20 N4204 Gx 4.2 13p
12 15 08 +63 46 20 N4205 Gx 14p
12 15 33 +13 00 20 N4206 Gx 5.2 12.1
12 15 45 +09 33 20 N4207 Gx 1.8 13p
12 15 39 +13 52 20 N4208
12 15 45 +28 29 20 N4209 -
12 15 32 +65 57 20 N4210 Gx 2.2 13p
12 15 51 +28 09 20 N4211 Gx 1.4 14p
12 15 57 +13 52 20 N4212 Gx 3.0 11.2
12 15 57 +23 57 20 N4213 Gx 14p
12 15 51 +36 18 20 N4214 Gx 7.9 9.7
12 16 09 +06 22 20 N4215 Gx 1.9 13p
12 16 09 +13 07 20 N4216 Gx 8.3 10.0
12 16 03 +47 04 20 N4217 Gx 5.5 12p
12 16 03 +48 06 20 N4218 Gx 1.2 13p
12 16 40 -43 21 40 N4219 Gx 4.5 12p
12 16 27 +47 51 20 N4220 Gx 4.1 12p
12 16 14 +66 12 20 N4221 Gx 2.3 14p
12 16 39 +13 17 20 N4222 Gx 3.3 14p
12 16 45 +06 40 20 N4223 -
12 16 51 +07 26 20 N4224 Gx 2.4 11.8
12 16 57 -12 19 40 N4225 Gx 14p
12 16 39 +47 00 20 N4226 Gx 1.3 14p
12 16 45 +33 29 20 N4227 Gx 1.8 14p
12 16 51 +36 18 20 N4228 -
12 16 57 +33 32 20 N4229 Gx 14p
12 17 34 -55 09 40 N4230 OC 6 9p
12 17 03 +47 25 20 N4231 Gx 1.4 15p
12 17 03 +47 24 20 N4232 Gx 1.5 15p
12 17 21 +07 35 20 N4233 Gx 2.3 11.9
12 17 27 +03 39 20 N4234 Gx 1.3 12.9
12 17 27 +07 09 20 N4235 Gx 4.3 11.6
12 16 56 +69 26 20 N4236 Gx 18.6 9.7
12 17 27 +15 17 20 N4237 Gx 2.3 11.7
12 17 08 +63 23 20 N4238 Gx 1.9 14p
12 17 33 +16 30 20 N4239 Gx 13p
12 17 39 -09 57 40 N4240 Gx 14p
12 17 39 +06 39 20 N4241 Gx 2.5 12.0
12 17 45 +45 35 20 N4242 Gx 4.8 11.0
12 17 51 -11 20 40 N4243 -
12 17 45 +37 47 20 N4244 Gx 16.2 10.2
12 17 51 +29 34 20 N4245 Gx 3.3 11.4
12 18 15 +07 09 20 N4246 Gx 2.5 12.7
12 18 15 +07 14 20 N4247 Gx 0.7 15p
12 18 03 +47 23 20 N4248 Gx 3.0 12.6
12 18 15 +05 34 20 N4249 Gx 15p
12 17 38 +70 46 20 N4250 Gx 2.7 13p
12 18 21 +28 08 20 N4251 Gx 4.2 12p
12 18 45 +05 32 20 N4252 Gx 1.5 15p
12 18 39 +29 47 20 N4253 Gx 1.1 14p
12 19 03 +14 23 20 N4254 Gx 5.4 9.8
12 19 15 +04 46 20 N4255 Gx 13p
12 18 56 +65 52 20 N4256 Gx 4.6 12p
12 19 21 +05 42 20 N4257 Gx 1.2 15p
12 19 15 +47 16 20 N4258 Gx 18.2 8.3
12 19 39 +05 21 20 N4259 Gx 1.1 13.6
12 19 39 +06 04 20 N4260 Gx 2.6 11.8
12 19 39 +05 47 20 N4261 Gx 3.9 10.3
12 19 45 +14 51 20 N4262 Gx 2.2 11.5
12 19 57 -12 16 40 N4263 Gx 14p
12 19 51 +05 49 20 N4264 Gx 1.1 12.9
12 19 57 -12 16 40 N4265 Gx 14p
12 19 57 +05 30 20 N4266 Gx 2.1 15p
12 20 03 +12 46 20 N4267 Gx 3.5 10.9
12 20 03 +05 15 20 N4268 Gx 1.6 12.7
12 20 03 +05 59 20 N4269 Gx 1.5 14p
12 20 03 +05 26 20 N4270 Gx 2.2 12.2
12 19 51 +56 43 20 N4271 Gx 13p
12 20 03 +30 18 20 N4272 Gx 14p
12 20 09 +05 19 20 N4273 Gx 2.3 11.9
12 20 03 +29 35 20 N4274 Gx 6.9 10.4
12 20 09 +27 35 20 N4275 Gx 1.0 13p
12 20 27 +07 40 20 N4276 Gx 14p
12 20 21 +05 19 20 N4277 Gx 0.9 13.5
12 20 21 +29 15 20 N4278 Gx 3.6 10.2
12 20 39 -11 41 40 N4279 Gx 14p
12 20 39 -11 42 40 N4280 -
12 20 39 +05 21 20 N4281 Gx 3.1 11.3
12 20 39 +05 33 20 N4282 Gx 14p
12 20 33 +29 17 20 N4283 Gx 1.4 12.0
12 20 26 +58 04 20 N4284 Gx 14p
12 20 57 -11 40 40 N4285 Gx 14p
12 20 57 +29 19 20 N4286 Gx 1.9 15p
12 21 03 +05 37 20 N4287 Gx 15p
12 20 51 +46 15 20 N4288 Gx 2.3 13p
12 21 15 +03 41 20 N4289 Gx 3.9 14p
12 21 02 +58 04 20 N4290 Gx 2.5 12p
12 20 31 +75 20 20 N4291 Gx 2.2 12p
12 21 33 +04 34 20 N4292 Gx 2.1 14p
12 21 27 +18 21 20 N4293 Gx 6.0 11p
12 21 33 +11 29 20 N4294 Gx 3.1 12.1
12 21 27 +28 07 20 N4295 Gx
12 21 45 +06 38 20 N4296 Gx 14p
12 21 45 +06 38 20 N4297 Gx 14p
12 21 45 +14 34 20 N4298 Gx 3.2 11.4
12 21 57 +11 28 20 N4299 Gx 1.7 12.5
12 21 57 +05 21 20 N4300 Gx 14p
12 21 51 +04 45 20 N4301 Gx 1.4 15p
12 21 57 +14 34 20 N4302 Gx 5.2 11.6
12 22 09 +04 26 20 N4303 Gx 6.0 9.7
12 22 28 -33 30 40 N4304 Gx 2.4 12.0
12 22 21 +12 42 20 N4305 Gx 2.2 12.6
12 22 21 +12 45 20 N4306 Gx 1.6 14p
12 22 21 +09 00 20 N4307 Gx 3.7 13p
12 22 09 +30 01 20 N4308 Gx 1.0 14p
12 22 27 +07 07 20 N4309 Gx 2.0 14p
12 22 39 +29 10 20 N4310 Gx 2.6 13p
12 22 39 +29 10 20 N4311 Gx 2.3 13p
12 22 45 +15 30 20 N4312 Gx 4.7 11.8
12 22 51 +11 46 20 N4313 Gx 3.9 13p
12 22 51 +29 51 20 N4314 Gx 4.8 10.5
12 22 57 +09 17 20 N4315 -
12 23 03 +09 19 20 N4316 Gx 14p
12 22 51 +31 01 20 N4317 S*
12 22 57 +08 10 20 N4318 Gx 0.9 14p
12 21 55 +75 17 20 N4319 Gx 3.1 12p
12 23 21 +10 31 20 N4320 Gx 15p
12 23 09 +15 47 20 N4321 Gx 6.9 9.4
12 23 15 +15 52 20 N4322 Gx 1.3 13.9
12 23 09 +15 52 20 N4323 -
12 23 21 +05 13 20 N4324 Gx 2.5 13p
12 23 27 +10 36 20 N4325 Gx 15p
12 23 27 +06 02 20 N4326 Gx 1.7 14p
12 23 27 +15 45 20 N4327 -
12 23 33 +15 46 20 N4328 Gx 1.5 13.5
12 23 40 -12 35 40 N4329 Gx 1.2 14p
12 23 33 +11 21 20 N4330 Gx 14p
12 22 37 +76 09 20 N4331 Gx 2.0 15p
12 23 02 +65 49 20 N4332 Gx 2.3 13p
12 23 39 +06 00 20 N4333 Gx 1.1 14p
12 23 39 +07 26 20 N4334 Gx 2.4 14p
12 23 14 +58 25 20 N4335 Gx 2.2 14p
12 23 51 +19 25 20 N4336 Gx 13p
12 24 10 -58 09 40 N4337 OC 4 8.9
12 23 21 +28 53 20 N4338 Gx 15p
12 23 51 +06 03 20 N4339 Gx 2.3 11.4
12 23 51 +16 41 20 N4340 Gx 4.1 11.0
12 24 15 +07 05 20 N4341 Gx 14p
12 23 51 +07 01 20 N4342 Gx 1.1 14p
12 23 57 +06 55 20 N4343 Gx 2.8 12.1
12 23 51 +17 30 20 N4344 Gx 1.9 13p
12 22 55 +75 18 20 N4345 S*
12 23 45 +46 58 20 N4346 Gx 3.5 12p
12 24 09 -03 15 40 N4347 -
12 24 09 -03 28 40 N4348 Gx 3.5 13p
12 24 47 -61 55 40 N4349 OC 16 7.4
12 24 15 +16 40 20 N4350 Gx 3.2 11.1
12 24 15 +12 10 20 N4351 Gx 2.0 12.7
12 24 21 +11 11 20 N4352 Gx 1.9 12.7
12 24 15 +07 45 20 N4353 Gx 1.3 14p
12 24 21 +12 10 20 N4354 -
12 24 27 -01 01 40 N4355 -
12 24 33 +08 31 20 N4356 Gx 14p
12 24 15 +48 44 20 N4357 Gx 3.8 14p
12 24 14 +58 22 20 N4358 Gx 14p
12 24 27 +31 29 20 N4359 Gx 3.5 13p
12 24 33 +09 15 20 N4360 Gx 1.7 13p
12 24 46 -18 49 40 N4361 Pl 1.8 10p
12 24 26 +58 20 20 N4362 Gx 15p
12 23 43 +74 55 20 N4363 Gx 1.5 15p
12 24 14 +58 22 20 N4364 Gx 14p
12 24 45 +07 17 20 N4365 Gx 6.2 11p
12 25 15 +07 25 20 N4366 ?
12 24 51 +12 09 20 N4367 -
12 24 57 +10 34 20 N4368 -
12 24 51 +39 21 20 N4369 Gx 2.5 12p
12 25 09 +07 25 20 N4370 Gx 1.6 14p
12 25 09 +11 40 20 N4371 Gx 3.9 10.8
12 26 06 -72 41 40 N4372 Gb 18.6 7.8
12 25 34 -39 46 40 N4373 Gx 3.2 11.1
12 25 21 +12 51 20 N4374 Gx 5.0 9.3
12 25 15 +28 31 20 N4375 Gx 1.6 14p
12 25 33 +04 54 20 N4376 Gx 14p
12 25 27 +14 44 20 N4377 Gx 1.8 11.8
12 25 33 +04 53 20 N4378 Gx 3.3 12p
12 25 27 +15 34 20 N4379 Gx 2.1 11.7
12 25 39 +09 59 20 N4380 Gx 3.7 12p
12 25 21 +48 48 20 N4381 -
12 25 39 +18 09 20 N4382 Gx 7.1 9.2
12 25 39 +16 26 20 N4383 Gx 2.2 13p
12 25 26 +54 28 20 N4384 Gx 1.5 13p
12 25 57 +00 32 20 N4385 Gx 2.3 12.4
12 24 43 +75 30 20 N4386 Gx 3.0 12p
12 25 57 +12 47 20 N4387 Gx 1.9 12.0
12 26 03 +12 38 20 N4388 Gx 5.1 11.1
12 25 51 +45 39 20 N4389 Gx 2.7 12p
12 26 03 +10 25 20 N4390 Gx 1.8 13p
12 25 32 +64 54 20 N4391 Gx 1.4 14p
12 25 27 +45 50 20 N4392 Gx 14p
12 26 03 +27 31 20 N4393 Gx 3.3 13p
12 26 09 +18 11 20 N4394 Gx 3.9 10.9
12 26 03 +33 31 20 N4395 Gx 12.9 10.2
12 26 15 +15 38 20 N4396 Gx 3.5 13p
12 26 15 +18 17 20 N4397 T*
12 26 21 +10 40 20 N4398 S*
12 26 09 +33 32 20 N4399 -
12 26 09 +33 32 20 N4400 -
12 26 09 +33 29 20 N4401 -
12 26 21 +13 05 20 N4402 Gx 4.1 11.7
12 26 33 -07 42 40 N4403 Gx 14p
12 26 39 -07 42 40 N4404 Gx 14p
12 26 21 +16 09 20 N4405 Gx 2.0 13p
12 26 27 +12 55 20 N4406 Gx 7.4 9.2
12 26 33 +12 37 20 N4407 -
12 26 27 +27 51 20 N4408 Gx 15p
12 26 45 +02 28 20 N4409 -
12 26 45 +08 59 20 N4410 Gx 1.3 14p
12 26 45 +08 50 20 N4411 Gx 2.2 12.8
12 26 51 +03 56 20 N4412 Gx 1.5 13p
12 26 45 +12 35 20 N4413 Gx 2.5 13p
12 26 39 +31 11 20 N4414 Gx 3.6 10.3
12 26 51 +08 23 20 N4415 Gx 1.5 14p
12 27 03 +07 54 20 N4416 Gx 13p
12 27 03 +09 33 20 N4417 Gx 3.6 11.2
12 27 09 -00 52 40 N4418 Gx 14p
12 27 09 +15 01 20 N4419 Gx 3.4 11.1
12 27 15 +02 28 20 N4420 Gx 2.2 13p
12 27 15 +15 26 20 N4421 Gx 2.7 11.6
12 27 33 -05 50 40 N4422 Gx 14p
12 27 21 +05 50 20 N4423 Gx 2.3 14p
12 27 27 +09 23 20 N4424 Gx 3.7 11.6
12 27 27 +12 42 20 N4425 Gx 3.4 11.9
12 27 27 +27 49 20 N4426 D*
12 27 27 +27 49 20 N4427 D*
12 27 45 -08 11 39 N4428 Gx 1.9 13p
12 27 39 +11 05 21 N4429 Gx 5.5 10.2
12 27 39 +06 13 21 N4430 Gx 2.7 12p
12 27 45 +12 16 21 N4431 Gx 2.0 12.8
12 27 51 +06 12 21 N4432 Gx 15p
12 27 51 -08 18 39 N4433 Gx 2.3 13p
12 27 45 +08 07 21 N4434 Gx 1.6 13p
12 27 57 +13 03 21 N4435 Gx 3.0 10.9
12 27 57 +12 17 21 N4436 Gx 1.9 13.1
12 33 03 +00 05 21 N4437
12 28 03 +12 59 21 N4438 Gx 9.3 10.1
12 28 41 -60 07 39 N4439 OC 4 8.4
12 28 09 +12 16 21 N4440 Gx 2.0 11.8
12 27 32 +64 46 20 N4441 Gx 4.7 14p
12 28 21 +09 46 21 N4442 Gx 4.6 10.5
12 28 21 +13 06 21 N4443 S*
12 28 52 -43 17 39 N4444 Gx 1.6
12 28 33 +09 24 21 N4445 Gx 2.8 12.8
12 28 27 +13 53 21 N4446 Gx 15p
12 28 33 +13 52 21 N4447 Gx 15p
12 28 27 +28 35 21 N4448 Gx 4.0 11.1
12 28 27 +44 04 21 N4449 Gx 5.1 9.4
12 28 45 +17 03 21 N4450 Gx 4.8 10.1
12 28 57 +09 14 21 N4451 Gx 1.5 12.5
12 28 57 +11 43 21 N4452 Gx 2.4 12.4
12 28 57 +06 28 21 N4453 Gx 0.6
12 29 03 -01 57 39 N4454 Gx 2.2 12.1
12 28 57 +22 47 21 N4455 Gx 2.8 13p
12 28 04 -30 08 39 N4456 Gx 15p
12 29 15 +03 32 21 N4457 Gx 3.0 10.8
12 29 15 +13 13 21 N4458 Gx 1.9 12.1
12 29 15 +13 57 21 N4459 Gx 3.8 10.4
12 29 03 +44 50 21 N4460 Gx 4.4 12p
12 29 15 +13 09 21 N4461 Gx 3.7 11.2
12 29 34 -23 11 39 N4462 Gx 3.7 12p
12 30 17 -64 49 39 N4463 OC 5 7.2
12 29 39 +08 08 21 N4464 Gx 1.1 12.7
12 29 39 +08 00 21 N4465 Gx 15p
12 29 45 +07 40 21 N4466 Gx 1.4 15p
12 29 45 +07 58 21 N4467 Gx 0.7 14.5
12 29 45 +14 01 21 N4468 Gx 1.5 13.0
12 29 45 +08 43 21 N4469 Gx 3.9 12p
12 29 51 +07 47 21 N4470 Gx 1.5 13p
12 29 57 +07 53 21 N4471 Gx 0.2 15p
12 30 03 +07 58 21 N4472 Gx 8.9 8.4
12 30 03 +13 24 21 N4473 Gx 4.5 10.2
12 30 09 +14 02 21 N4474 Gx 2.3 11.8
12 30 03 +27 13 21 N4475 Gx 2.1 15p
12 30 15 +12 19 21 N4476 Gx 1.9 12.3
12 30 15 +13 36 21 N4477 Gx 4.0 10.4
12 30 33 +12 18 21 N4478 Gx 2.0 11.2
12 30 33 +13 33 21 N4479 Gx 1.8 12.5
12 30 39 +04 13 21 N4480 Gx 2.6 12.4
12 30 02 +64 01 21 N4481 Gx 15p
12 30 27 +10 45 21 N4482 Gx 14p
12 30 57 +08 59 21 N4483 Gx 1.8 13p
12 29 10 -11 40 39 N4484 Gx 14p
12 30 45 +41 40 21 N4485 Gx 2.4 12.0
12 31 03 +12 22 21 N4486 Gx 7.2 8.6
12 31 22 -08 04 39 N4487 Gx 4.1 11p
12 31 09 +08 20 21 N4488 Gx 3.6 13p
12 31 03 +16 43 21 N4489 Gx 2.2 13p
12 30 51 +41 36 21 N4490 Gx 5.9 9.8
12 31 15 +11 27 21 N4491 Gx 1.9 12.5
12 31 15 +08 03 21 N4492 Gx 2.0 12.5
12 31 27 +00 35 21 N4493 Gx 15p
12 31 39 +25 45 21 N4494 Gx 4.8 9.9
12 31 33 +29 07 21 N4495 Gx 14p
12 31 51 +03 54 21 N4496 Gx 3.9 12p
12 31 45 +11 35 21 N4497 Gx 2.3 12.6
12 31 57 +16 49 21 N4498 Gx 3.2 13p
12 32 22 -39 59 39 N4499 Gx
12 31 38 +57 56 21 N4500 Gx 1.9 13p
12 32 15 +14 23 21 N4501 Gx 6.9 9.5
12 32 21 +16 40 21 N4502 Gx 15p
12 32 21 +11 09 21 N4503 Gx 3.5 11.1
12 32 33 -07 35 39 N4504 Gx 4.0 12p
12 32 33 +03 57 21 N4505 -
12 32 27 +13 23 21 N4506 Gx 1.6 14p
12 35 52 -39 56 39 N4507 Gx 2.3 13p
12 32 39 +05 48 21 N4508 -
12 33 21 +32 04 21 N4509 Gx 1.1 14p
12 31 55 +64 13 21 N4510 Gx 14p
12 32 26 +56 27 21 N4511 Gx 14p
12 32 49 +63 52 21 N4512 Gx 14p
12 32 07 +66 18 21 N4513 Gx 14p
12 32 45 +29 42 21 N4514 Gx 14p
12 33 15 +16 13 21 N4515 Gx 1.6 13p
12 33 21 +14 32 21 N4516 Gx 1.9 14p
12 33 03 +00 05 21 N4517 Gx 10.2 10.5
12 33 27 +07 49 21 N4518 Gx 15p
12 33 45 +08 37 21 N4519 Gx 3.1 11.7
12 34 04 -07 24 39 N4520 Gx
12 33 01 +63 55 21 N4521 Gx 13p
12 33 57 +09 08 21 N4522 Gx 3.7 13p
12 34 03 +15 08 21 N4523 Gx 2.6 14p
12 34 04 -12 02 39 N4524 Gx 14p
12 34 03 +30 15 21 N4525 Gx 2.9 13p
12 34 15 +07 40 21 N4526 Gx 7.2 9.6
12 34 21 +02 37 21 N4527 Gx 6.3 10.4
12 34 21 +11 17 21 N4528 Gx 1.8 11.7
12 32 03 +20 28 21 N4529 Gx 15p
12 34 03 +41 19 21 N4530 -
12 34 33 +13 03 21 N4531 Gx 3.0 13p
12 34 33 +06 26 21 N4532 Gx 2.9 11.9
12 34 39 +02 18 21 N4533 Gx 2.0 15p
12 34 21 +35 29 21 N4534 Gx 3.0 12p
12 34 33 +08 10 21 N4535 Gx 6.8 9.8
12 34 45 +02 09 21 N4536 Gx 7.4 10.4
12 35 26 +50 48 21 N4537 Gx 16p
12 34 57 +03 18 21 N4538 Gx 15p
12 34 51 +18 10 21 N4539 Gx 3.5 12.0
12 35 03 +15 31 21 N4540 Gx 2.0 12p
12 35 27 -00 14 39 N4541 Gx 1.8 14p
12 35 02 +50 48 21 N4542 Gx 15p
12 35 39 +06 05 21 N4543 Gx 14p
12 35 51 +03 00 21 N4544 Gx 2.1 14p
12 34 49 +63 29 21 N4545 Gx 2.8 13p
12 35 45 -03 49 39 N4546 Gx 3.5 10.3
12 35 02 +58 54 21 N4547 Gx 15p
12 35 39 +14 28 21 N4548 Gx 5.4 10.2
12 35 02 +58 54 21 N4549 Gx 15p
12 35 45 +12 11 21 N4550 Gx 3.5 11.6
12 35 51 +12 14 21 N4551 Gx 2.0 11.9
12 35 57 +12 31 21 N4552 Gx 4.2 9.8
12 36 22 -39 28 39 N4553 Gx 2.1
12 35 57 +11 09 21 N4554 -
12 35 57 +26 29 21 N4555 Gx 1.7 14p
12 36 03 +26 52 21 N4556 Gx 1.5 14p
12 36 21 +26 55 21 N4557 Gx 15p
12 36 03 +26 59 21 N4558 Gx 15p
12 36 15 +27 56 21 N4559 Gx 10.5 9.9
12 36 21 +07 39 21 N4560 -
12 36 21 +19 18 21 N4561 Gx 1.5 13p
12 35 51 +25 49 21 N4562 Gx 2.5 14p
12 36 09 +26 57 21 N4563 Gx 15p
12 36 39 +11 24 21 N4564 Gx 3.1 11.1
12 36 33 +25 57 21 N4565 Gx 16.2 9.6
12 36 08 +54 11 21 N4566 Gx 1.5 14p
12 36 45 +11 13 21 N4567 Gx 3.0 11.3
12 36 51 +11 12 21 N4568 Gx 4.6 10.8
12 37 03 +13 08 21 N4569 Gx 9.5 9.5
12 37 09 +07 13 21 N4570 Gx 4.1 10.9
12 37 09 +14 11 21 N4571 Gx 3.8 11.3
12 36 06 +74 13 21 N4572 Gx 15p
12 37 58 -43 38 39 N4573 Gx
12 37 58 -35 31 39 N4574 Gx
12 38 10 -40 33 39 N4575 Gx 2.2 13p
12 37 51 +04 20 21 N4576 Gx 1.4 13.5
12 37 45 +06 02 21 N4577 -
12 37 45 +09 31 21 N4578 Gx 3.6 11.4
12 37 57 +11 47 21 N4579 Gx 5.4 9.8
12 38 03 +05 20 21 N4580 Gx 2.4 13p
12 38 27 +01 26 21 N4581 Gx 13p
12 38 27 +00 09 21 N4582 S*
12 38 15 +33 26 21 N4583 Gx 14p
12 38 33 +13 05 21 N4584 Gx 1.5 14p
12 38 21 +28 55 21 N4585 Gx 14p
12 38 45 +04 17 21 N4586 Gx 4.4 11.6
12 38 51 +02 38 21 N4587 Gx 14p
12 39 03 +06 44 21 N4588 Gx 15p
12 37 36 +74 10 21 N4589 Gx 3.0 12p
12 39 46 -26 46 39 N4590 Gb 12.0 8.2
12 39 33 +05 59 21 N4591 Gx 14p
12 39 33 -00 33 39 N4592 Gx 4.6 12p
12 39 57 -05 22 39 N4593 Gx 4.0 12p
12 40 16 -11 38 39 N4594 Gx 8.9 8.3
12 40 09 +15 16 21 N4595 Gx 1.8 13p
12 40 09 +10 09 21 N4596 Gx 3.9 10.5
12 40 27 -05 49 39 N4597 Gx 3.6 12p
12 40 33 +08 21 21 N4598 Gx 14p
12 40 45 +01 09 21 N4599 Gx 13p
12 40 39 +03 06 21 N4600 Gx 13p
12 41 04 -40 55 39 N4601 Gx 2.2
12 40 51 -05 09 39 N4602 Gx 3.6 12p
12 41 10 -41 00 39 N4603 Gx 3.8 12p
12 40 57 -05 10 39 N4604 -
12 40 13 +61 35 21 N4605 Gx 5.5 11p
12 41 15 +11 53 21 N4606 Gx 2.8 11.9
12 41 27 +11 51 21 N4607 Gx 3.2 12.9
12 41 27 +10 07 21 N4608 Gx 3.2 11.1
12 42 36 -62 59 39 N4609 OC 5 6.9
12 41 39 +07 41 21 N4610 -
12 41 45 +13 42 21 N4611 Gx 15p
12 41 45 +07 17 21 N4612 Gx 2.2 13p
12 41 39 +26 03 21 N4613 Gx 15p
12 41 39 +26 00 21 N4614 Gx 14p
12 41 45 +26 02 21 N4615 Gx 14p
12 42 34 -40 40 39 N4616 Gx 1.6
12 41 20 +50 24 21 N4617 Gx 3.1 14p
12 41 44 +41 07 21 N4618 Gx 4.4 10.8
12 41 57 +35 02 21 N4619 Gx 1.5 14p
12 42 15 +12 55 21 N4620 Gx 2.0 13p
12 42 15 +11 37 21 N4621 Gx 5.1 9.8
12 42 52 -40 46 38 N4622 Gx 2.1
12 42 27 +07 39 21 N4623 Gx 2.6 13p
12 42 33 +03 02 21 N4624 -
12 42 08 +41 14 21 N4625 Gx 2.4 12.3
12 42 40 -07 03 39 N4626 Gx 14p
12 42 15 +32 32 21 N4627 Gx 2.7 12.3
12 42 40 -06 58 39 N4628 Gx 14p
12 42 51 -01 22 38 N4629 D*
12 42 45 +03 56 22 N4630 Gx 1.7 13p
12 42 21 +32 30 21 N4631 Gx 15.1 9.3
12 42 45 -00 06 38 N4632 Gx 3.2 12p
12 42 51 +14 19 22 N4633 Gx 2.1 13.2
12 42 57 +14 16 22 N4634 Gx 2.4 12.4
12 42 51 +19 55 22 N4635 Gx 2.0 13p
12 43 03 +02 39 22 N4636 Gx 6.2 9.6
12 43 09 +11 24 22 N4637 Gx 1.5 15p
12 43 03 +11 24 22 N4638 Gx 2.8 11.3
12 43 09 +13 13 22 N4639 Gx 2.9 11.5
12 43 21 +12 16 22 N4640 Gx 15p
12 43 27 +11 01 22 N4641 Gx 15p
12 43 33 -00 40 38 N4642 Gx 2.0 14p
12 43 33 +01 57 22 N4643 Gx 3.4 10.6
12 42 56 +55 07 22 N4644 Gx 1.8 14.0
12 44 29 -41 46 38 N4645 Gx 2.2 13p
12 43 08 +54 49 22 N4646 Gx 0.7 14p
12 43 45 +11 33 22 N4647 Gx 3.0 11.4
12 41 59 +74 23 21 N4648 Gx 2.2 13p
12 43 57 +11 31 22 N4649 Gx 7.2 8.8
12 44 34 -40 45 38 N4650 Gx
12 43 57 +16 22 22 N4651 Gx 3.8 10.7
12 43 31 +58 56 22 N4652 Gx 15p
12 44 09 -00 35 38 N4653 Gx 2.6 12.3
12 44 15 +13 06 22 N4654 Gx 4.7 10.5
12 43 50 +41 00 22 N4655 Gx 15p
12 44 15 +32 08 22 N4656 Gx 13.8 10.4
12 44 27 +32 10 22 N4657 Gx 1.2
12 44 52 -10 06 38 N4658 Gx 2.2 13p
12 44 45 +13 29 22 N4659 Gx 1.8 13p
12 44 45 +11 09 22 N4660 Gx 2.8 11.0
12 45 29 -40 50 38 N4661 Gx 1.1
12 44 44 +37 05 22 N4662 Gx 2.5 14p
12 45 04 -10 13 38 N4663 Gx 1.4 14p
12 45 21 +03 01 22 N4664
12 45 21 +03 01 22 N4665 Gx 4.2 12p
12 45 21 -00 29 38 N4666 Gx 4.5 10.8
12 45 33 +11 24 22 N4667 -
12 45 45 -00 33 38 N4668 Gx 1.4 13.1
12 45 02 +54 51 22 N4669 Gx 1.7 15p
12 45 33 +27 06 22 N4670 Gx 1.8 12.7
12 46 04 -07 05 38 N4671 Gx 14p
12 46 35 -41 44 38 N4672 Gx 1.9
12 45 51 +27 02 22 N4673 Gx 1.2 14p
12 46 22 -08 40 38 N4674 Gx 1.9 15p
12 45 50 +54 42 22 N4675 Gx 1.6 15p
12 46 21 +30 42 22 N4676 Gx 2.8 14p
12 47 17 -41 36 38 N4677 Gx 2.9 12.7
12 46 57 -04 36 38 N4678 -
12 47 47 -39 35 38 N4679 Gx 2.3 13p
12 47 10 -11 38 38 N4680 Gx 13p
12 47 47 -43 21 38 N4681 Gx
12 47 34 -10 05 38 N4682 Gx 2.8 13p
12 47 59 -41 33 38 N4683 Gx 2.1 12.9
12 47 33 -02 44 38 N4684 Gx 2.9 13p
12 47 21 +19 26 22 N4685 Gx 14p
12 46 55 +54 31 22 N4686 Gx 2.3 14p
12 47 38 +35 19 22 N4687 Gx 1.2 14p
12 48 03 +04 18 22 N4688 Gx 3.3 13p
12 48 03 +13 44 22 N4689 Gx 4.0 10.9
12 48 09 -01 39 38 N4690 Gx 14p
12 48 27 -03 21 38 N4691 Gx 3.2 11.2
12 48 09 +27 11 22 N4692 Gx 1.4 14p
12 47 17 +71 10 22 N4693 Gx 14p
12 48 27 +10 57 22 N4694 Gx 3.6 12p
12 47 43 +54 21 22 N4695 Gx 1.3 15p
12 49 05 -41 20 38 N4696 Gx 3.5 10.7
12 48 52 -05 49 38 N4697 Gx 6.0 9.3
12 48 39 +08 27 22 N4698 Gx 4.3 10.7
12 49 16 -08 41 38 N4699 Gx 3.5 9.6
12 49 22 -11 26 38 N4700 Gx 3.0 12p
12 49 27 +03 21 22 N4701 Gx 3.0 12.4
12 49 15 +27 09 22 N4702 Gx 15p
12 49 34 -09 08 38 N4703 Gx 2.8 15p
12 49 02 +41 53 22 N4704 Gx 1.2 15p
12 49 40 -05 13 38 N4705 Gx 3.0 14p
12 50 11 -41 18 38 N4706 Gx 2.2 12.7
12 48 38 +51 08 22 N4707 Gx 2.3 14p
12 49 58 -11 07 38 N4708 Gx 1.6 14p
12 50 23 -41 24 38 N4709 Gx 2.7
12 49 51 +15 08 22 N4710 Gx 5.1 11.0
12 49 08 +35 19 22 N4711 Gx 14p
12 49 51 +25 26 22 N4712 Gx 2.6 13.0
12 50 15 +05 17 22 N4713 Gx 2.8 11.8
12 50 34 -13 19 38 N4714 Gx 14p
12 50 03 +27 47 22 N4715 Gx 2.0 15p
12 50 46 -09 27 38 N4716 Gx 15p
12 50 52 -09 27 38 N4717 Gx 15p
12 50 46 -05 18 38 N4718 Gx 2.1 15p
12 50 20 +33 07 22 N4719 Gx 1.8 14p
12 50 57 -04 08 38 N4720 Gx 15p
12 50 27 +27 18 22 N4721 Gx 15p
12 51 46 -13 20 38 N4722 Gx 13p
12 51 22 -13 16 38 N4723 Gx 15p
12 51 10 -14 21 38 N4724 Gx 1.5 15p
12 50 39 +25 28 22 N4725 Gx 11.0 9.2
12 51 46 -14 14 38 N4726 Gx 14p
12 51 16 -14 21 38 N4727 Gx 1.6 13p
12 50 45 +27 24 22 N4728 Gx 1.1
12 52 05 -41 09 38 N4729 Gx 1.3
12 52 17 -41 10 38 N4730 Gx 1.2
12 51 16 -06 25 38 N4731 Gx 6.5 11p
12 50 19 +52 50 22 N4732 Gx 15p
12 51 21 +10 53 22 N4733 Gx 2.3 13p
12 51 27 +04 50 22 N4734 Gx 1.2 14p
12 51 15 +28 54 22 N4735 Gx 0.7 15p
12 51 08 +41 05 22 N4736 Gx 11.0 8.2
12 51 08 +34 07 22 N4737 Gx 15p
12 51 21 +28 46 22 N4738 Gx 2.3 15p
12 51 52 -08 26 38 N4739 Gx 1.7 14p
12 51 46 -14 14 38 N4740 Gx
12 51 08 +47 38 22 N4741 Gx 14p
12 52 04 -10 28 38 N4742 Gx 2.3 11.1
12 52 35 -41 25 38 N4743 Gx
12 52 41 -41 05 38 N4744 Gx
12 51 33 +27 24 22 N4745 Gx 0.7
12 52 09 +12 03 22 N4746 Gx 2.5 13p
12 52 03 +25 45 22 N4747 Gx 3.6 12.4
12 52 28 -13 25 38 N4748 Gx
12 51 23 +71 36 22 N4749 Gx 1.9 14p
12 50 17 +72 50 22 N4750 Gx 2.3 12p
12 53 11 -42 41 38 N4751 Gx
12 52 33 +13 27 22 N4752 S*
12 52 39 -01 13 38 N4753 Gx 5.4 9.9
12 52 33 +11 17 22 N4754 Gx 4.7 10.6
12 53 54 -60 21 37 N4755 OC 10 4.2
12 53 10 -15 26 38 N4756 Gx 2.0 13p
12 53 04 -10 20 38 N4757 Gx 1.8 15p
12 52 57 +15 49 22 N4758 Gx 3.2 14p
12 53 22 -09 12 38 N4759 Gx 15p
12 53 22 -10 31 38 N4760 Gx 1.8 13p
12 53 22 -09 12 38 N4761 Gx 14p
12 53 09 +11 12 22 N4762 Gx 8.7 10.2
12 53 40 -17 01 38 N4763 Gx 1.7 13p
12 53 28 -09 12 38 N4764 Gx 16p
12 53 27 +04 26 22 N4765 Gx 1.4 13p
12 53 22 -10 24 38 N4766 Gx 1.6 15p
12 54 11 -39 44 37 N4767 Gx 2.6 13p
12 53 34 -09 33 38 N4768 S*
12 53 34 -09 33 38 N4769 D*
12 53 46 -09 32 37 N4770 Gx 14p
12 53 39 +01 14 22 N4771 Gx 4.0 13p
12 53 45 +02 08 23 N4772 Gx 3.3 13p
12 53 52 -08 39 37 N4773 Gx 2.0 15p
12 53 26 +36 47 22 N4774 Gx 0.6 14.4
12 54 04 -06 38 37 N4775 Gx 2.2 12p
12 54 22 -09 14 37 N4776 -
12 54 16 -08 48 37 N4777 Gx 2.3 15p
12 54 22 -09 13 37 N4778 -
12 54 03 +09 42 23 N4779 Gx 2.3 13p
12 54 22 -08 38 37 N4780 Gx 2.1 14p
12 54 40 -10 33 37 N4781 Gx 3.5 12p
12 54 52 -12 35 37 N4782 Gx 1.5 11.7
12 54 52 -12 34 37 N4783 Gx 1.7 11.8
12 54 52 -10 38 37 N4784 Gx 1.8 15p
12 53 47 -48 47 37 N4785 Gx
12 54 46 -06 53 37 N4786 Gx 2.0 13p
12 54 21 +27 02 23 N4787 Gx 15p
12 54 27 +27 17 23 N4788 Gx 15p
12 54 33 +27 02 23 N4789 Gx 1.7 12.0
12 55 10 -10 16 37 N4790 Gx 1.8 13p
12 55 03 +08 01 23 N4791 Gx 15p
12 55 22 -12 31 37 N4792 Gx 1.1
12 54 51 +28 54 23 N4793 Gx 2.9 11.7
12 55 28 -12 38 37 N4794 Gx 2.3 14p
12 55 15 +08 02 23 N4795 Gx 1.7 13p
12 55 21 +08 02 23 N4796 Gx 13p
12 55 09 +27 19 23 N4797 -
12 55 15 +27 23 23 N4798 Gx 1.3 13.1
12 55 33 +02 52 23 N4799 Gx 14p
12 54 50 +46 30 23 N4800 Gx 1.8 12p
12 54 49 +53 04 23 N4801 Gx 15p
12 56 04 -12 04 37 N4802 Gx 12p
12 55 57 +08 12 23 N4803 Gx 15p
12 56 10 -13 03 37 N4804 -
12 55 39 +27 55 23 N4805 Gx
12 56 28 -29 31 37 N4806 Gx 14p
12 55 45 +27 29 23 N4807 Gx 1.2 14p
12 56 03 +04 16 23 N4808 Gx 2.7 12p
12 55 03 +02 37 23 N4809 Gx 1.9 14p
12 55 03 +02 36 23 N4810 Gx 0.8 15p
12 57 11 -41 49 37 N4811 Gx
12 57 11 -41 50 37 N4812 Gx
12 56 52 -06 49 37 N4813 Gx 15p
12 55 37 +58 19 23 N4814 Gx 3.2 13p
12 58 19 -64 58 37 N4815 OC 3 8.6
12 56 27 +27 43 23 N4816 Gx 1.6 15p
12 56 27 +27 58 23 N4817 -
12 57 04 -08 32 37 N4818 Gx 4.5 12p
12 56 45 +26 57 23 N4819 Gx 1.2 14p
12 57 16 -13 43 37 N4820 Gx 15p
12 56 45 +26 55 23 N4821 Gx 0.7 15p
12 57 16 -10 46 37 N4822 Gx 14p
12 57 40 -13 45 37 N4823
12 56 51 +27 29 23 N4824 Gx
12 57 28 -13 41 37 N4825 Gx 2.0 12.1
12 56 57 +21 39 23 N4826 Gx 9.3 8.5
12 56 57 +27 09 23 N4827 Gx 1.7 13.0
12 56 57 +27 59 23 N4828 Gx 15p
12 57 34 -13 45 37 N4829 Gx
12 57 40 -19 43 37 N4830 Gx 13p
12 57 52 -27 19 37 N4831 Gx 14p
12 58 05 -39 45 37 N4832 Gx
12 59 56 -70 54 37 N4833 Gb 13.5 7.4
12 56 37 +52 16 23 N4834 Gx 15p
12 58 23 -46 16 37 N4835 Gx 3.4 12p
12 57 46 -12 46 37 N4836 Gx 13p
12 57 08 +48 16 23 N4837 Gx 1.4 14p
12 58 10 -13 04 37 N4838 Gx 13p
12 57 39 +27 28 23 N4839 Gx 4.2 14p
12 57 45 +27 35 23 N4840 Gx 0.6 15p
12 57 44 +28 27 23 N4841 Gx 1.9 11.5
12 57 51 +27 27 23 N4842 Gx 0.6 15p
12 58 15 -03 38 37 N4843 Gx 14p
12 58 22 -13 05 37 N4844 S*
12 58 15 +01 33 23 N4845 Gx 5.0 12p
12 58 08 +36 20 23 N4846 Gx 14p
12 58 46 -13 09 37 N4847 Gx
12 58 20 +28 13 23 N4848 Gx 1.8 14p
12 58 27 +26 22 23 N4849 Gx 2.2 15p
12 58 38 +27 56 23 N4850 Gx 1.6 16p
12 58 32 +28 07 23 N4851 Gx 15p
13 00 24 -59 37 37 N4852 OC 11 9p
12 58 50 +27 34 23 N4853 Gx 1.2 13.1
12 59 02 +27 38 23 N4854 Gx 15p
12 59 34 -13 14 37 N4855 Gx 14p
12 59 34 -15 03 37 N4856 Gx 4.6 10.4
12 57 23 +70 10 23 N4857 Gx 14p
12 59 14 +28 05 23 N4858 Gx 0.4 16p
12 59 15 +26 47 23 N4859 Gx 1.7 15p
12 59 20 +28 05 23 N4860 Gx 1.0 13.5
12 59 14 +34 50 23 N4861 Gx 4.1 12.2
12 59 40 -14 08 37 N4862 Gx 15p
12 59 52 -14 02 37 N4863 Gx 15p
12 59 26 +27 57 23 N4864 Gx 0.6 13.6
12 59 32 +28 03 23 N4865 Gx 1.4 13.3
12 59 45 +14 08 23 N4866 Gx 6.5 11.0
12 59 32 +27 56 23 N4867 Gx 1.1 16p
12 59 20 +37 17 23 N4868 Gx 1.7 13p
12 59 38 +27 53 23 N4869 Gx 1.1 13.5
12 59 32 +36 58 23 N4870 Gx
12 59 44 +27 55 23 N4871 Gx 0.5 15p
12 59 50 +27 55 23 N4872 Gx 1.0 13.7
12 59 50 +27 57 23 N4873 Gx 0.8 14.2
12 59 50 +27 56 23 N4874 Gx 2.7 11.9
12 59 50 +27 52 23 N4875 Gx 16p
12 59 56 +27 53 23 N4876 Gx 0.4 15p
13 00 40 -15 18 37 N4877 Gx 2.7 13p
13 00 34 -06 06 37 N4878 Gx 14p
13 00 46 -06 04 37 N4879 Gx 15p
13 00 27 +12 27 23 N4880 Gx 3.3 12p
13 00 14 +28 13 23 N4881 Gx 1.0 13.5
13 00 14 +27 57 23 N4882
13 00 08 +28 00 23 N4883 Gx 14.3
13 00 14 +27 57 23 N4884 -
13 00 46 -06 51 37 N4885 Gx 15p
13 00 14 +27 57 23 N4886 Gx 0.8 13.9
13 00 52 -14 41 37 N4887 Gx 1.6 14p
13 01 22 -06 05 37 N4888 -
13 00 20 +27 56 23 N4889 Gx 3.0 11.4
13 00 52 -04 35 37 N4890 Gx 14p
13 01 04 -13 27 37 N4891 S*
13 00 14 +26 52 23 N4892 Gx 1.6 15p
13 00 20 +37 09 23 N4893 Gx 15p
13 00 32 +27 56 23 N4894 Gx 16p
13 00 32 +28 10 23 N4895 Gx 2.3 12.8
13 00 44 +28 19 23 N4896 Gx 1.3 13.7
13 01 10 -13 28 37 N4897 Gx 2.8 13p
13 00 32 +27 55 23 N4898 Gx 15p
13 01 10 -13 58 37 N4899 Gx 2.7 12p
13 00 51 +02 28 23 N4900 Gx 2.3 11.5
13 00 08 +47 10 23 N4901 Gx 15p
13 01 16 -14 32 37 N4902 Gx 3.0 11.2
13 01 40 -30 57 37 N4903 Gx 15p
13 01 15 -00 03 37 N4904 Gx 2.3 12.1
13 01 46 -30 53 37 N4905 Gx 15p
13 00 56 +27 53 23 N4906 Gx 14.2
13 01 02 +28 07 23 N4907 Gx 1.4 13.4
13 01 08 +28 00 23 N4908 Gx 1.1 15p
13 02 17 -42 47 37 N4909 Gx
13 01 39 +01 38 23 N4910 -
13 01 08 +27 45 23 N4911 Gx 1.3 12.8
13 01 02 +37 21 23 N4912 -
13 01 02 +37 19 23 N4913 -
13 00 56 +37 17 23 N4914 Gx 3.6 12p
13 01 46 -04 34 37 N4915 Gx 1.7 11.9
13 00 56 +37 20 23 N4916 Gx
13 01 07 +47 12 23 N4917 Gx 15p
13 02 04 -04 31 37 N4918 Gx
13 01 32 +27 46 23 N4919 Gx 1.4 15p
13 02 10 -11 23 37 N4920 Gx 14p
13 01 38 +27 51 23 N4921 Gx 2.7 12.1
13 01 38 +29 17 23 N4922 Gx 2.1 14p
13 01 44 +27 49 23 N4923 Gx 1.3 13.6
13 02 28 -14 59 37 N4924 Gx 0.7 14p
13 02 22 -07 43 37 N4925 Gx 14p
13 02 08 +27 35 23 N4926 Gx 1.4 12.9
13 02 14 +27 58 23 N4927 Gx 15p
13 03 16 -08 06 36 N4928 Gx 1.3 13p
13 02 56 +28 01 24 N4929 Gx 1.5 15p
13 04 23 -41 26 36 N4930 Gx 3.6
13 03 14 +28 00 24 N4931 Gx 2.0 13.5
13 02 49 +50 25 24 N4932 Gx 14p
13 04 10 -11 30 36 N4933 Gx 2.5 13p
13 03 32 +27 59 24 N4934 Gx 15p
13 03 33 +14 21 24 N4935 Gx 14p
13 04 34 -30 33 36 N4936 Gx 1.9 11.3
13 04 59 -47 14 36 N4937 -
13 03 13 +51 18 24 N4938 Gx 15p
13 04 28 -10 21 36 N4939 Gx 5.8 11p
13 05 11 -47 17 36 N4940 Gx
13 04 28 -05 34 36 N4941 Gx 3.7 11.1
13 04 34 -07 40 36 N4942 Gx 1.8 14p
13 04 02 +28 03 24 N4943 Gx 15p
13 04 02 +28 09 24 N4944 Gx 1.9 13p
13 05 42 -49 29 36 N4945 Gx 20.0 9p
13 05 41 -43 37 36 N4946 Gx
13 05 41 -35 21 36 N4947 Gx 2.8 12p
13 05 10 -07 58 36 N4948 Gx 1.8 14p
13 04 26 +29 00 24 N4949 Gx
13 05 47 -43 32 36 N4950 Gx
13 05 22 -06 31 36 N4951 Gx 3.3 12p
13 05 14 +29 06 24 N4952 Gx 1.6 14p
13 06 23 -37 35 36 N4953 Gx
13 02 20 +75 22 23 N4954 Gx 14p
13 06 22 -29 46 36 N4955 Gx 15p
13 05 20 +35 09 24 N4956 Gx 13p
13 05 26 +27 32 24 N4957 Gx 1.3 12.9
13 06 04 -08 02 36 N4958 Gx 4.1 10.5
13 05 56 +33 09 24 N4959 Gx 15p
13 06 02 +27 31 24 N4960 Gx
13 06 02 +27 42 24 N4961 Gx 1.7 13.5
13 06 08 +29 02 24 N4962 -
13 06 02 +41 41 24 N4963 Gx 14p
13 05 37 +56 16 24 N4964 Gx 13p
13 07 28 -28 15 36 N4965 Gx 2.6 14p
13 06 32 +29 02 24 N4966 Gx 1.2 14p
13 05 55 +53 32 24 N4967 Gx 15p
13 07 22 -23 42 36 N4968 Gx 14p
13 07 15 +13 37 24 N4969 Gx 15p
13 07 46 -24 03 36 N4970 Gx 14p
13 07 08 +28 30 24 N4971 Gx 1.3 15p
13 04 20 +75 16 24 N4972 -
13 05 43 +53 39 24 N4973
13 06 07 +53 38 24 N4974
13 08 16 -05 02 36 N4975 Gx 0.5
13 08 54 -49 31 36 N4976 Gx 4.3 10.2
13 06 25 +55 37 24 N4977 Gx 14p
13 08 03 +18 23 24 N4978 Gx 14p
13 07 50 +24 47 24 N4979 Gx 15p
13 09 28 -28 39 36 N4980 Gx 2.2 15p
13 09 04 -06 48 36 N4981 Gx 2.8 12p
13 09 04 -10 36 36 N4982 At
13 08 38 +28 17 24 N4983 Gx 15p
13 09 16 -15 32 36 N4984 Gx 2.8 12p
13 08 20 +41 39 24 N4985 Gx 15p
13 08 38 +35 10 24 N4986 Gx 14p
13 08 13 +51 54 24 N4987 Gx 14p
13 10 05 -43 07 36 N4988 Gx
13 09 40 -05 26 36 N4989 Gx 14p
13 09 40 -05 17 36 N4990 Gx 15p
13 09 33 +02 19 24 N4991 Gx 15p
13 09 15 +11 36 24 N4992 Gx 14p
13 09 58 -23 25 36 N4993 Gx 14p
13 10 04 -23 24 36 N4994 Gx
13 09 58 -07 51 36 N4995 Gx 2.5 11.0
13 09 51 +00 51 24 N4996 Gx 14p
13 10 16 -16 31 36 N4997 Gx 13p
13 08 25 +50 38 24 N4998 Gx 15p
13 09 51 +01 38 24 N4999 Gx 2.6 13p
