13 10 02 +28 52 24 N5000 Gx 1.9 14p
13 09 49 +53 27 24 N5001 Gx 14p
13 10 56 +36 35 25 N5002 Gx 14p
13 08 49 +43 42 24 N5003 Gx 15p
13 11 20 +29 36 25 N5004 Gx 1.9 14p
13 11 08 +37 01 25 N5005 Gx 5.4 9.8
13 12 04 -19 15 35 N5006 Gx 14p
13 09 30 +62 08 24 N5007 Gx 14p
13 11 32 +25 21 25 N5008 -
13 11 01 +50 03 25 N5009 Gx 15p
13 12 46 -15 48 35 N5010 Gx 14p
13 13 11 -43 07 35 N5011 Gx 2.0 13p
13 11 51 +22 53 25 N5012 Gx 2.9 13p
13 12 27 +03 10 25 N5013 Gx 15p
13 11 44 +36 15 25 N5014 Gx 1.7 13p
13 12 40 -04 20 35 N5015 Gx 1.9 13p
13 12 20 +24 04 25 N5016 Gx 1.9 14p
13 13 10 -16 47 35 N5017 Gx 1.7 13p
13 13 16 -19 32 35 N5018 Gx 2.6 10.8
13 13 03 +04 42 25 N5019 Gx 14p
13 12 51 +12 34 25 N5020 Gx 13p
13 12 19 +46 10 25 N5021 Gx 14p
13 13 46 -19 34 35 N5022 Gx 2.5 13p
13 12 25 +44 00 25 N5023 Gx 6.5 12p
13 13 09 +18 08 25 N5024 Gb 12.6 7.7
13 13 02 +31 46 25 N5025 Gx 14p
13 14 29 -42 59 35 N5026 Gx 2.3 13p
13 13 39 +06 02 25 N5027 Gx 15p
13 14 04 -13 04 35 N5028 Gx 1.7 14p
13 12 49 +47 02 25 N5029 Gx 14p
13 14 10 -16 31 35 N5030 Gx 1.9 14p
13 14 22 -16 07 35 N5031 Gx 14p
13 13 38 +27 46 25 N5032 Gx 13p
13 13 38 +36 34 25 N5033 Gx 10.5 10.1
13 12 21 +70 37 25 N5034 Gx 14p
13 15 04 -16 31 35 N5035 Gx 1.6 14p
13 14 58 -04 12 35 N5036 Gx
13 15 16 -16 36 35 N5037 Gx 2.5 13p
13 15 22 -15 57 35 N5038 Gx 14p
13 15 10 -04 11 35 N5039 Gx
13 13 49 +51 14 25 N5040 Gx 15p
13 14 50 +30 40 25 N5041 Gx 14p
13 15 46 -24 00 35 N5042 Gx 4.2 13p
13 17 01 -60 05 35 N5043 -
13 15 40 -16 24 35 N5044 Gx 2.6 11.0
13 17 20 -63 26 35 N5045 -
13 16 04 -16 21 35 N5046 Gx 1.2 15p
13 16 04 -16 32 35 N5047 Gx 3.0 13p
13 16 23 -28 24 35 N5048 Gx 15p
13 16 16 -16 25 35 N5049 Gx 2.1 12.9
13 16 03 +02 50 25 N5050 Gx 14p
13 16 35 -28 18 35 N5051 Gx 1.4
13 15 50 +29 37 25 N5052 Gx 14p
13 16 39 +17 40 25 N5053 Gb 10.5 9.8
13 17 16 -16 39 35 N5054 Gx 5.0 11p
13 16 01 +42 00 25 N5055 Gx 12.3 8.6
13 16 26 +30 54 25 N5056 Gx 13p
13 16 44 +30 59 25 N5057 Gx 14p
13 17 03 +12 31 25 N5058 Gx 14p
13 17 15 +07 48 25 N5059 Gx 15p
13 17 33 +06 00 25 N5060 Gx 14p
13 18 23 -26 51 34 N5061 Gx 2.6 12p
13 18 41 -35 27 34 N5062 Gx
13 18 41 -35 21 34 N5063 Gx
13 19 18 -47 56 34 N5064 Gx 2.8 13p
13 17 50 +31 02 25 N5065 Gx 14p
13 18 40 -10 15 34 N5066 Gx 14p
13 18 40 -10 09 34 N5067 D*
13 19 10 -21 03 34 N5068 Gx 6.9 11p
13 18 58 -10 13 34 N5069 -
13 19 28 -12 30 34 N5070 Gx 15p
13 18 57 +07 54 26 N5071 Gx 15p
13 19 22 -12 33 34 N5072 Gx 14p
13 19 40 -14 53 34 N5073 Gx 3.5 13p
13 18 38 +31 26 26 N5074 Gx 1.0 14.0
13 19 27 +07 47 26 N5075 Gx 15p
13 19 40 -12 46 34 N5076 Gx 13p
13 19 46 -12 40 34 N5077 Gx 2.0 11.5
13 20 05 -27 25 34 N5078 Gx 3.2 12p
13 19 52 -12 43 34 N5079 Gx 1.7 12p
13 19 39 +08 23 26 N5080 Gx 14p
13 19 26 +28 28 26 N5081 Gx 14p
13 21 12 -43 43 34 N5082 Gx 3.1
13 19 14 +39 34 26 N5083 Gx 15p
13 20 34 -21 51 34 N5084 Gx 4.8 12p
13 20 34 -24 27 34 N5085 Gx 3.4 12p
13 21 30 -43 47 34 N5086 Gx
13 20 40 -20 38 34 N5087 Gx 2.3 11.0
13 20 34 -12 35 34 N5088 Gx 2.7 13p
13 19 50 +30 13 26 N5089 Gx 2.1 14p
13 21 24 -43 45 34 N5090 Gx 2.6 13p
13 21 30 -43 45 34 N5091 Gx 2.2
13 20 08 +22 58 26 N5092 Gx 14p
13 19 49 +40 21 26 N5093 Gx 15p
13 20 58 -14 06 34 N5094 Gx 14p
13 20 51 -02 18 34 N5095 Gx 15p
13 20 26 +33 03 26 N5096 Gx 15p
13 21 10 -12 30 34 N5097 Gx
13 20 26 +33 07 26 N5098 Gx 0.9 15p
13 21 34 -13 05 34 N5099 Gx
13 21 21 +08 56 26 N5100 Gx 15p
13 22 05 -27 27 34 N5101 Gx 5.5 12p
13 22 17 -36 39 34 N5102 Gx 9.3 9.7
13 20 43 +43 02 26 N5103 Gx 13p
13 21 39 +00 18 26 N5104 Gx 14p
13 22 04 -13 14 34 N5105 Gx 2.6 13p
13 21 57 +08 27 26 N5106 S*
13 21 38 +38 30 26 N5107 Gx 1.9 14p
13 23 29 -32 21 34 N5108 Gx 15p
13 21 06 +57 37 26 N5109 Gx 1.9 14p
13 22 46 -13 06 34 N5110 Gx
13 23 04 -12 59 34 N5111 Gx 13p
13 22 08 +38 42 26 N5112 Gx 3.9 12p
13 21 36 +57 40 26 N5113 Gx 15p
13 24 17 -32 22 34 N5114 Gx 14p
13 23 09 +13 55 26 N5115 Gx 15p
13 23 08 +26 57 26 N5116 Gx 2.2 14p
13 23 14 +28 17 26 N5117 Gx 2.3 14p
13 23 45 +06 21 26 N5118 Gx 14p
13 24 10 -12 18 34 N5119 Gx 14p
13 26 26 -63 26 33 N5120 OC 3 13p
13 25 05 -37 42 33 N5121 Gx 2.3 12p
13 24 22 -10 40 34 N5122 Gx 14p
13 23 25 +43 02 26 N5123 Gx 13p
13 25 05 -30 20 33 N5124 Gx 13p
13 24 09 +09 40 26 N5125 Gx 13p
13 25 11 -30 21 33 N5126 Gx 14p
13 24 02 +31 32 26 N5127 Gx 2.6 14p
13 25 48 -43 02 33 N5128 Gx 18.2 7.0
13 24 21 +13 57 26 N5129 Gx 13p
13 24 34 -10 14 34 N5130 Gx 14p
13 24 14 +30 57 26 N5131 Gx 14p
13 24 39 +14 03 27 N5132 Gx 14p
13 25 10 -04 03 33 N5133 Gx 15p
13 25 34 -21 09 33 N5134 Gx 2.8 12p
13 25 59 -29 51 33 N5135 Gx 2.4 13p
13 25 03 +13 42 27 N5136 Gx 14p
13 25 03 +14 02 27 N5137 Gx 15p
13 27 38 -59 02 33 N5138 OC 8 7.6
13 27 06 -47 30 33 N5139 Gb 36.3 3.7
13 26 35 -33 54 33 N5140 Gx 0.5 13p
13 25 08 +36 21 27 N5141 Gx 1.7 12.8
13 25 14 +36 22 27 N5142 Gx 1.1 13.3
13 25 14 +36 24 27 N5143 Gx 15p
13 23 03 +70 29 26 N5144 Gx 1.4 13p
13 25 25 +43 13 27 N5145 Gx 2.3 13p
13 26 46 -12 20 33 N5146 Gx 14p
13 26 33 +02 04 27 N5147 Gx 1.8 11.8
13 26 51 +02 17 27 N5148 Gx 1.1
13 26 20 +35 54 27 N5149 Gx 14p
13 27 53 -29 35 33 N5150 Gx 1.4 13p
13 26 51 +16 50 27 N5151 Gx 15p
13 28 11 -29 38 33 N5152 Gx 14p
13 28 17 -29 38 33 N5153 Gx 14p
13 26 38 +35 58 27 N5154 Gx 15p
13 29 56 -63 26 33 N5155 -
13 29 00 -48 56 33 N5156 Gx 2.1 13p
13 27 38 +31 59 27 N5157 Gx 14p
13 27 57 +17 44 27 N5158 Gx 14p
13 28 33 +02 57 27 N5159 Gx 15p
13 28 33 +05 57 27 N5160 D*
13 29 29 -33 11 33 N5161 Gx 5.4 12p
13 29 21 +11 14 27 N5162 Gx 15p
13 27 06 +52 43 27 N5163 Gx 15p
13 27 24 +55 27 27 N5164 Gx 1.2 15p
13 28 51 +11 21 27 N5165 Gx 14p
13 28 32 +31 59 27 N5166 Gx 14p
13 28 51 +12 40 27 N5167 Gx 14p
13 31 32 -60 57 32 N5168 OC 4 9.1
13 28 25 +46 38 27 N5169 Gx 2.4 14p
13 30 04 -17 59 33 N5170 Gx 8.1 12p
13 29 33 +11 42 27 N5171 Gx 14p
13 29 33 +17 01 27 N5172 Gx 3.3 11.9
13 28 37 +46 34 27 N5173 Gx 1.3 13p
13 29 33 +10 58 27 N5174 Gx 13p
13 29 33 +10 58 27 N5175 Gx 13p
13 29 33 +11 45 27 N5176 Gx 15p
13 29 33 +11 46 27 N5177 Gx 15p
13 29 39 +11 35 27 N5178 Gx 15p
13 29 39 +11 43 27 N5179 Gx 15p
13 29 39 +16 47 27 N5180 Gx 14p
13 29 51 +13 16 27 N5181 Gx 14p
13 30 59 -28 09 32 N5182 Gx 13p
13 30 21 -01 45 33 N5183 Gx 13p
13 30 27 -01 42 33 N5184 Gx 13p
13 30 15 +13 23 27 N5185 Gx 14p
13 30 15 +12 08 27 N5186 Gx 15p
13 30 08 +31 05 27 N5187 Gx 14p
13 31 35 -34 48 32 N5188 Gx 13p
13 33 51 -66 00 32 N5189 Pl 2.6 10p
13 30 51 +18 06 28 N5190 Gx 13p
13 30 57 +11 10 28 N5191 Gx 15p
13 31 09 -01 48 32 N5192 Gx 15p
13 32 11 -33 15 32 N5193 Gx 1.8 13p
13 30 07 +47 10 27 N5194 Gx 11.0 8.4
13 30 13 +47 14 27 N5195 Gx 5.4 9.6
13 31 39 -01 38 32 N5196 Gx 15p
13 31 45 -01 43 32 N5197 Gx 15p
13 30 25 +46 38 27 N5198 Gx 2.1 13p
13 30 50 +34 47 28 N5199 Gx 15p
13 31 57 -00 03 32 N5200 D*
13 29 24 +53 02 27 N5201 Gx 14p
13 32 21 -01 43 32 N5202 Gx 15p
13 32 28 -08 49 32 N5203 Gx 14p
13 29 47 +58 23 27 N5204 Gx 4.8 11.3
13 30 04 +62 29 27 N5205 Gx 3.4 13p
13 34 00 -48 10 32 N5206 Gx
13 32 27 +13 52 28 N5207 Gx 14p
13 32 45 +07 17 28 N5208 Gx 14p
13 32 57 +07 18 28 N5209 Gx 14p
13 33 09 +07 08 28 N5210 Gx 14p
13 33 27 -01 03 32 N5211 Gx 14p
13 32 51 +07 16 28 N5212 Gx 15p
13 34 57 +04 05 28 N5213 Gx 15p
13 33 01 +41 50 28 N5214 Gx 14p
13 35 17 -33 31 32 N5215 Gx 15p
13 32 16 +62 40 28 N5216 Gx 3.0 14p
13 34 21 +17 49 28 N5217 Gx 14p
13 32 22 +62 44 28 N5218 Gx 2.1 12.3
13 39 00 -45 52 31 N5219 Gx
13 36 11 -33 29 32 N5220 Gx
13 35 09 +13 47 28 N5221 Gx 14p
13 35 09 +13 42 28 N5222 Gx 14p
13 34 38 +34 40 28 N5223 Gx 1.8 14p
13 35 27 +06 26 28 N5224 Gx 15p
13 33 30 +51 28 28 N5225 Gx 14p
13 35 15 +13 52 28 N5226 Gx
13 35 33 +01 23 28 N5227 Gx 1.9 15p
13 34 44 +34 44 28 N5228 Gx 14p
13 34 18 +47 53 28 N5229 Gx 3.3 14p
13 35 45 +13 38 28 N5230 Gx 2.2 13p
13 36 03 +02 57 28 N5231 Gx 14p
13 36 16 -08 31 32 N5232 Gx 13p
13 35 20 +34 38 28 N5233 Gx 15p
13 37 49 -49 51 31 N5234 Gx 1.2
13 36 21 +06 32 28 N5235 Gx 15p
13 37 17 -29 53 31 N5236 Gx 11.2 7.6
13 37 54 -42 53 31 N5237 Gx
13 34 54 +51 35 28 N5238 Gx 2.0 13p
13 36 45 +07 20 29 N5239 Gx 14p
13 36 07 +35 32 28 N5240 Gx 14p
13 36 52 -08 25 31 N5241 Gx 15p
13 37 21 +02 44 29 N5242 -
13 36 25 +38 19 28 N5243 Gx 1.7 14p
13 38 54 -45 54 31 N5244 Gx
13 37 45 +03 51 29 N5245 Gx
13 37 45 +04 03 29 N5246 Gx 15p
13 38 22 -17 54 31 N5247 Gx 5.4 10.5
13 37 45 +08 51 29 N5248 Gx 6.5 10.2
13 37 51 +15 56 29 N5249 Gx 14p
13 36 12 +51 12 28 N5250 Gx 14p
13 37 44 +27 23 29 N5251 Gx 14p
13 38 33 +04 29 29 N5252 Gx 14p
13 40 11 -31 40 31 N5253 Gx 4.0 10.6
13 39 52 -11 31 31 N5254 Gx 3.2 13p
13 37 29 +57 04 29 N5255 Gx 15p
13 38 30 +48 15 29 N5256 Gx 1.4 14p
13 40 09 +00 48 29 N5257 Gx 1.9 14p
13 40 15 +00 48 29 N5258 Gx 1.8 14p
13 39 32 +30 57 29 N5259 Gx 15p
13 40 41 -23 52 31 N5260 Gx 1.9 13p
13 40 33 +05 01 29 N5261 Gx 15p
13 35 29 +75 00 28 N5262 Gx 15p
13 40 14 +28 22 29 N5263 Gx 14p
13 41 53 -29 56 31 N5264 Gx 1.8 13p
13 40 19 +36 49 29 N5265 Gx 15p
13 43 19 -48 12 30 N5266 Gx 3.2 12p
13 40 49 +38 44 29 N5267 Gx 14p
13 42 22 -13 53 30 N5268 *?
13 45 09 -62 56 30 N5269 -
13 42 33 +04 12 30 N5270 Gx 14p
13 41 50 +30 05 29 N5271 Gx 15p
13 42 26 +28 21 30 N5272 Gb 16.2 6.4
13 42 19 +35 37 30 N5273 Gx 3.1 11.6
13 42 32 +29 48 30 N5274 Gx 15p
13 42 32 +29 47 30 N5275 Gx 15p
13 42 37 +35 36 30 N5276 Gx 1.1 15p
13 42 50 +29 55 30 N5277 Gx 15p
13 41 47 +55 38 29 N5278 Gx 1.4 14p
13 41 53 +55 38 29 N5279 Gx 1.3 14p
13 43 02 +29 49 30 N5280 Gx 15p
13 46 57 -62 55 30 N5281 OC 5 5.9
13 43 32 +30 02 30 N5282 Gx 15p
13 41 14 +67 38 29 N5283 Gx 1.3 14p
13 46 56 -59 12 30 N5284 -
13 44 45 +02 03 30 N5285 Gx 15p
13 46 43 -51 23 30 N5286 Gb 9.1 7.6
13 45 08 +29 46 30 N5287 Gx 16p
13 49 04 -64 42 29 N5288 OC 4 12p
13 45 19 +41 28 30 N5289 Gx 1.9 14p
13 45 31 +41 41 30 N5290 Gx 3.7 13p
13 47 41 -30 26 29 N5291 Gx 1.4
13 47 59 -30 58 29 N5292 Gx 1.6 14p
13 47 08 +16 14 30 N5293 Gx 1.9 14p
13 45 23 +55 15 30 N5294 Gx 15p
13 38 36 +79 25 29 N5295 Gx 15p
13 46 31 +43 49 30 N5296 Gx 1.2 15p
13 46 36 +43 50 30 N5297 Gx 5.6 12p
13 48 29 -30 28 29 N5298 Gx 1.4 14p
13 50 45 -59 57 29 N5299 At 30
13 48 33 +03 55 31 N5300 Gx 3.9 12p
13 46 36 +46 04 30 N5301 Gx 4.4 13p
13 49 05 -30 32 29 N5302 Gx 1.7 12.2
13 48 01 +38 16 31 N5303 Gx 1.1 13p
13 50 17 -30 36 29 N5304 Gx 1.0 15p
13 48 07 +37 48 31 N5305 Gx 14p
13 49 22 -07 13 29 N5306 Gx 14p
13 51 25 -51 13 29 N5307 Pl 0.2 12p
13 47 10 +60 56 31 N5308 Gx 3.5 11.3
13 50 16 -15 46 29 N5309 -
13 50 03 +00 02 31 N5310 S*
13 49 13 +39 58 31 N5311 Gx 13p
13 50 01 +33 36 31 N5312 Gx 15p
13 49 55 +39 57 31 N5313 Gx 1.9 13p
13 46 19 +70 19 30 N5314 Gx 14p
13 54 17 -66 32 28 N5315 Pl 0.1 13p
13 54 15 -61 53 28 N5316 OC 14 6.0
13 51 27 +04 58 31 N5317 -
13 50 43 +33 41 31 N5318 Gx 13p
13 50 43 +33 41 31 N5319 Gx 15p
13 50 31 +41 20 31 N5320 Gx 3.5 13p
13 50 55 +33 37 31 N5321 Gx 15p
13 49 28 +60 10 31 N5322 Gx 5.5 10.0
13 45 33 +76 49 30 N5323 Gx 14p
13 52 22 -06 04 28 N5324 Gx 2.4 12p
13 51 13 +38 15 31 N5325 Gx 15p
13 51 01 +39 32 31 N5326 Gx 2.5 13p
13 52 21 -02 13 28 N5327 Gx 14p
13 53 11 -28 30 28 N5328 Gx 1.7 11.8
13 52 27 +02 18 32 N5329 Gx 14p
13 53 17 -28 29 28 N5330 Gx 15p
13 52 39 +02 04 32 N5331 Gx 14p
13 52 20 +16 57 32 N5332 Gx 14p
13 54 49 -48 32 28 N5333 Gx 1.9
13 53 09 -01 08 28 N5334 Gx 4.4 12p
13 53 15 +02 48 32 N5335 Gx 14p
13 52 18 +43 13 32 N5336 Gx 13p
13 52 43 +39 40 32 N5337 Gx 13p
13 53 45 +05 11 32 N5338 Gx 14p
13 54 04 -07 57 28 N5339 Gx 2.1 12p
13 49 12 +72 37 31 N5340 Gx 15p
13 52 49 +37 48 32 N5341 Gx 14p
13 51 34 +59 51 31 N5342 Gx 14p
13 54 16 -07 35 28 N5343 Gx 14p
13 50 05 +73 56 31 N5344 Gx 15p
13 54 33 -01 26 28 N5345 Gx 14p
13 53 25 +39 33 32 N5346 Gx 15p
13 53 31 +33 27 32 N5347 Gx 1.9 12.6
13 54 27 +05 12 32 N5348 Gx 3.6 14p
13 53 25 +37 52 32 N5349 Gx 15p
13 53 37 +40 20 32 N5350 Gx 3.2 11.4
13 53 43 +37 53 32 N5351 Gx 3.1 12.1
13 53 49 +36 07 32 N5352 Gx 14p
13 53 43 +40 15 32 N5353 Gx 2.8 11.1
13 53 43 +40 16 32 N5354 Gx 2.3 11.5
13 54 01 +40 19 32 N5355 Gx 14p
13 55 15 +05 18 32 N5356 Gx 3.2 14p
13 56 17 -30 21 28 N5357 Gx 14p
13 54 19 +40 15 32 N5358 Gx 14p
14 00 13 -70 25 27 N5359 OC
13 55 57 +04 57 32 N5360 Gx 2.0 14p
13 54 55 +38 25 32 N5361 Gx 14p
13 55 07 +41 17 32 N5362 Gx 2.4 13p
13 56 21 +05 13 32 N5363 Gx 4.2 10.2
13 56 27 +04 59 32 N5364 Gx 7.1 10.4
13 58 13 -43 58 27 N5365 Gx 3.1 12p
13 56 39 -00 15 28 N5366 Gx 14p
13 58 00 -40 00 27 N5367 Nb 4
13 54 41 +54 18 32 N5368 Gx 1.1 14p
13 57 04 -05 30 27 N5369 Gx
13 54 16 +60 39 32 N5370 Gx 14p
13 55 55 +40 26 32 N5371 Gx 4.4 10.8
13 54 52 +58 39 32 N5372 Gx 13p
13 57 27 +05 14 33 N5373 Gx 15p
13 57 45 +06 04 33 N5374 Gx 1.9 14p
13 57 02 +29 08 33 N5375 Gx 3.5 12p
13 55 28 +59 28 32 N5376 Gx 2.1 13p
13 56 30 +47 12 32 N5377 Gx 4.6 11.2
13 57 01 +37 46 33 N5378 Gx 2.7 14p
13 55 46 +59 43 32 N5379 Gx 2.2 14p
13 57 07 +37 35 33 N5380 Gx 2.1 13p
14 00 57 -59 35 27 N5381 OC 14
13 58 27 +06 14 33 N5382 Gx 14p
13 57 18 +41 49 33 N5383 Gx 3.5 11.4
13 58 21 +06 30 33 N5384 Gx 14p
13 52 27 +76 09 32 N5385 -
13 58 27 +06 19 33 N5386 Gx 13p
13 58 39 +06 02 33 N5387 Gx 1.8 15p
13 59 10 -14 10 27 N5388 -
13 56 16 +59 42 32 N5389 Gx 4.1 13p
13 57 31 +40 24 33 N5390 -
13 57 12 +46 15 33 N5391 Gx 16p
13 59 40 -03 13 27 N5392
14 00 47 -28 51 27 N5393 Gx 15p
13 58 49 +37 25 33 N5394 Gx 1.9 13.0
13 58 49 +37 23 33 N5395 Gx 3.1 11.6
13 59 14 +29 05 33 N5396 -
14 01 30 -33 58 27 N5397 Gx
14 01 42 -33 05 26 N5398 Gx 2.9 13p
13 59 43 +34 45 33 N5399 Gx 14p
14 00 52 -02 52 27 N5400 Gx 14p
13 59 55 +36 13 33 N5401 Gx 14p
13 58 22 +59 47 33 N5402 Gx 14p
14 00 07 +38 09 33 N5403 Gx 3.2 15p
14 01 21 +00 03 33 N5404 D*
14 01 21 +07 41 33 N5405 Gx 14p
14 00 31 +38 53 33 N5406 Gx 2.1 13p
14 01 07 +39 07 33 N5407 Gx 14p
14 03 36 -41 24 26 N5408 Pl
14 01 57 +09 28 34 N5409 Gx 14p
14 00 54 +40 58 33 N5410 Gx 14p
14 02 09 +08 55 34 N5411 Gx 14p
13 57 28 +73 34 33 N5412 Gx 14p
13 58 02 +64 54 33 N5413 Gx 14p
14 02 15 +09 55 34 N5414 Gx 14p
13 57 06 +70 44 33 N5415 Gx 15p
14 02 21 +09 25 34 N5416 Gx 13p
14 02 21 +08 01 34 N5417 Gx 14p
14 02 27 +07 40 34 N5418 Gx 14p
14 04 00 -34 00 26 N5419 Gx 12p
14 03 16 -14 38 26 N5420 Gx 13p
14 01 55 +33 48 34 N5421 Gx 14p
14 00 53 +55 08 33 N5422 Gx 3.9 13p
14 02 57 +09 19 34 N5423 Gx 14p
14 03 09 +09 24 34 N5424 Gx 14p
14 01 00 +48 25 33 N5425 Gx 14p
14 03 40 -06 05 26 N5426 Gx 2.9 12.2
14 03 40 -06 03 26 N5427 Gx 2.5 11.4
14 03 40 -06 03 26 N5428 S*
14 03 40 -06 03 26 N5429 S*
14 00 58 +59 18 33 N5430 Gx 2.4 13p
14 03 15 +09 21 34 N5431 Gx 15p
14 03 52 -05 58 26 N5432 S*
14 02 43 +32 29 34 N5433 Gx 1.7 14p
14 03 33 +09 25 34 N5434 Gx 14p
14 04 04 -05 55 26 N5435 S*
14 03 51 +09 33 34 N5436 Gx 15p
14 03 57 +09 29 34 N5437 Gx 15p
14 03 57 +09 35 34 N5438 Gx 14p
14 02 12 +46 17 34 N5439 Gx 14p
14 03 13 +34 44 34 N5440 Gx 3.3 13p
14 03 25 +34 39 34 N5441 Gx 15p
14 05 10 -09 44 26 N5442 Gx 14p
14 02 22 +55 47 34 N5443 Gx 2.8 13p
14 03 37 +35 06 34 N5444 Gx 2.7 13p
14 03 43 +35 00 34 N5445 Gx 14p
14 05 21 +09 35 34 N5446 Gx
14 02 41 +54 15 34 N5447 K
14 02 59 +49 08 34 N5448 Gx 4.2 12p
14 02 41 +54 17 34 N5449 K
14 02 41 +54 12 34 N5450 K
14 02 53 +54 20 34 N5451 K
13 54 30 +78 11 32 N5452 Gx 2.3 13p
14 03 11 +54 16 34 N5453 K
14 04 56 +14 21 34 N5454 Gx 14p
14 03 11 +54 10 34 N5455 K
14 05 09 +11 51 34 N5456 Gx 14p
14 03 23 +54 19 34 N5457 Gx 26.9 7.7
14 03 23 +54 14 34 N5458 -
14 05 33 +13 06 34 N5459
14 07 55 -48 20 25 N5460 OC 25 5.6
14 03 53 +54 17 34 N5461 K
14 04 05 +54 20 34 N5462 K
14 06 21 +09 20 35 N5463 Gx 14p
14 07 23 -30 02 25 N5464 Gx 1.0 13p
14 06 40 -05 33 25 N5465 Gx 0.8 15p
14 05 43 +28 30 34 N5466 Gb 11.0 9.1
14 06 46 -05 30 25 N5467 S*
14 06 52 -05 28 25 N5468 Gx 2.5 12p
14 03 03 +09 18 34 N5469 Gx 15p
14 06 39 +06 00 35 N5470 Gx 14p
14 04 47 +54 22 34 N5471 K
14 07 10 -05 29 25 N5472 Gx 1.4 15p
14 04 52 +54 52 34 N5473 Gx 2.6 11.4
14 05 11 +53 38 34 N5474 Gx 4.5 10.9
14 05 22 +55 43 34 N5475 Gx 2.2 13p
14 08 28 -06 06 25 N5476 Gx 14p
14 05 47 +54 26 34 N5477 Gx 1.7 13.8
14 08 27 -01 43 25 N5478 Gx 14p
14 06 02 +65 39 35 N5479 Gx 15p
14 06 35 +50 41 35 N5480 Gx 1.8 13p
14 06 53 +50 41 35 N5481 Gx 1.7 13p
14 08 39 +08 54 35 N5482 Gx 14p
14 10 43 -43 20 24 N5483 Gx 3.1 12p
14 06 58 +55 00 35 N5484 Gx 16p
14 07 22 +54 58 35 N5485 Gx 2.6 11.5
14 07 34 +55 04 35 N5486 Gx 1.7 14p
14 09 57 +08 03 35 N5487 Gx 14p
14 08 18 -33 19 25 N5488 Gx
14 12 19 -46 06 24 N5489 Gx 1.4
14 10 14 +17 31 35 N5490 Gx 2.6 13p
14 11 09 +06 20 36 N5491 Gx 14p
14 10 44 +19 35 36 N5492 Gx 1.8 14p
14 11 46 -05 04 24 N5493 Gx 2.0 11.5
14 12 42 -30 40 24 N5494 Gx 2.2 13p
14 12 41 -27 08 24 N5495 Gx 13p
14 11 51 -01 10 24 N5496 Gx 4.4 13p
14 10 36 +38 51 36 N5497 Gx 15p
14 11 14 +25 40 36 N5498 Gx 15p
14 11 07 +35 52 36 N5499 Gx 14p
14 10 23 +48 31 36 N5500 Gx 14p
14 12 39 +01 14 36 N5501 Gx 15p
14 09 45 +60 24 35 N5502 -
14 09 33 +60 23 35 N5503 Gx 16p
14 12 32 +15 48 36 N5504 Gx 14p
14 12 45 +13 16 36 N5505 Gx 14p
14 13 28 -03 14 24 N5506 Gx 2.9 13p
14 13 34 -03 10 24 N5507 Gx 2.0 13p
14 12 38 +24 37 36 N5508 Gx 15p
14 12 32 +24 37 36 N5509 Gx
14 13 53 -18 00 24 N5510 Gx 14p
14 13 21 +08 35 36 N5511 Gx 15p
14 12 49 +30 49 36 N5512 Gx 15p
14 13 26 +20 24 36 N5513 Gx 14p
14 13 51 +07 38 36 N5514 Gx 14p
14 12 42 +39 16 36 N5515 Gx 13p
14 16 08 -48 08 23 N5516 Gx
14 13 13 +35 40 36 N5517 Gx 15p
14 14 08 +20 49 36 N5518 Gx 15p
14 14 39 +07 24 37 N5519
14 12 29 +50 20 36 N5520 Gx 13p
14 15 45 +04 22 37 N5521 Gx 14p
14 15 02 +15 07 37 N5522 Gx 14p
14 15 02 +25 17 37 N5523 Gx 4.5 13p
14 14 43 +36 22 37 N5524 Gx 15p
14 15 50 +14 15 37 N5525 Gx 14p
14 14 04 +57 44 36 N5526 Gx 14p
14 15 37 +36 09 37 N5527 Gx 16p
14 16 27 +08 15 37 N5528 Gx 15p
14 15 49 +36 11 37 N5529 Gx 5.9 13p
14 18 49 -43 25 22 N5530 Gx 4.1 12p
14 16 57 +10 51 37 N5531 Gx 14p
14 17 09 +10 46 37 N5532 Gx 1.9 12.0
14 16 19 +35 19 37 N5533 Gx 3.2 11.8
14 17 58 -07 26 23 N5534 Gx 1.4 14p
14 17 51 +08 09 37 N5535 Gx 15p
14 16 30 +39 28 37 N5536 Gx 14p
14 17 45 +07 01 37 N5537 Gx 15p
14 17 51 +07 27 37 N5538 Gx 15p
14 17 51 +08 09 37 N5539 Gx 15p
14 14 57 +59 58 37 N5540 Gx 15p
14 16 36 +39 33 37 N5541 Gx 13p
14 18 03 +07 31 37 N5542 Gx 15p
14 18 15 +07 37 37 N5543 Gx 15p
14 17 13 +36 32 37 N5544 Gx 1.1 13p
14 17 19 +36 33 37 N5545 Gx 1.3 13p
14 18 21 +07 32 37 N5546 Gx 14p
14 09 46 +78 34 35 N5547 Gx 14p
14 18 14 +25 06 37 N5548 Gx 1.9 12.5
14 18 45 +07 20 38 N5549 Gx 14p
14 18 39 +12 50 38 N5550 Gx 14p
14 19 09 +05 24 38 N5551 Gx 15p
14 19 09 +07 00 38 N5552 Gx 15p
14 18 38 +26 15 38 N5553 Gx 15p
14 19 27 +06 59 38 N5554 Gx 15p
14 19 17 -19 09 22 N5555 Gx 15p
14 20 54 -29 16 22 N5556 Gx 3.1 12p
14 18 37 +36 28 38 N5557 Gx 2.4 11.1
14 19 57 +07 00 38 N5558 -
14 19 20 +24 46 38 N5559 Gx 15p
14 20 21 +03 58 38 N5560 Gx 3.9 12.4
14 17 33 +58 42 37 N5561 Gx 15p
14 20 21 +10 13 38 N5562 Gx 14p
14 20 21 +07 01 38 N5563 Gx 15p
14 20 27 +06 59 38 N5564 -
14 20 27 +06 58 38 N5565 -
14 20 33 +03 54 38 N5566 Gx 6.5 10.5
14 19 31 +35 06 38 N5567 Gx 15p
14 19 37 +35 03 38 N5568 Gx 15p
14 20 45 +03 57 38 N5569 Gx 1.9 15p
14 19 39 +07 24 38 N5570 Gx
14 19 49 +35 07 38 N5571 -
14 19 43 +36 06 38 N5572 Gx 15p
14 20 51 +06 52 38 N5573 Gx 15p
14 21 09 +03 12 38 N5574 Gx 1.6 12.4
14 21 09 +06 10 38 N5575 Gx 14p
14 21 21 +03 14 38 N5576 Gx 3.2 10.9
14 21 27 +03 24 38 N5577 Gx 3.4 13p
14 21 27 +06 10 38 N5578 -
14 20 43 +35 09 38 N5579 Gx 14p
14 20 55 +35 11 38 N5580 ?
14 21 20 +23 27 38 N5581 Gx 15p
14 20 54 +39 40 38 N5582 Gx 13p
14 21 56 +13 11 38 N5583 Gx 14p
14 22 39 -00 24 21 N5584 Gx 3.3 12p
14 19 58 +56 42 38 N5585 Gx 5.5 10.9
14 22 20 +13 08 38 N5586 -
14 22 26 +13 53 38 N5587 Gx 2.9 14p
14 21 43 +35 05 38 N5588 D*
14 21 43 +35 13 38 N5589 Gx 14p
14 21 55 +35 09 38 N5590 Gx 13p
14 22 50 +13 41 39 N5591 Gx 14p
14 24 12 -28 42 21 N5592 Gx 1.7 13p
14 26 09 -54 50 21 N5593 OC
14 23 25 +26 13 39 N5594 Gx 15p
14 24 29 -16 44 21 N5595 Gx 2.0 12p
14 22 42 +37 05 39 N5596 Gx 1.5 15p
14 24 47 -16 47 21 N5597 Gx 2.0 12.1
14 22 42 +40 17 39 N5598 Gx 14p
14 23 57 +06 32 39 N5599 Gx 14p
14 24 02 +14 36 39 N5600 Gx 1.4 12.7
14 23 06 +40 16 39 N5601 Gx 15p
14 22 29 +50 29 38 N5602 Gx 13p
14 23 18 +40 20 39 N5603 Gx 14p
14 24 58 -03 14 21 N5604 Gx 14p
14 25 22 -13 11 21 N5605 Gx 1.8 13p
14 28 10 -59 39 20 N5606 OC 3 7.7
14 19 28 +71 33 38 N5607 Gx 1.1 14p
14 23 30 +41 44 39 N5608 Gx 2.7 13p
14 24 07 +34 48 39 N5609 Gx
14 24 32 +24 34 39 N5610 Gx 14p
14 24 25 +32 59 39 N5611 Gx 13p
14 34 42 -78 25 18 N5612 Gx 2.0 13p
14 24 19 +34 52 39 N5613 Gx 1.1 16p
14 24 19 +34 50 39 N5614 Gx 2.7 11.7
14 24 25 +34 50 39 N5615 Gx 15p
14 24 24 +36 24 39 N5616 Gx 15p
14 30 11 -60 44 20 N5617 OC 10 6.3
14 27 28 -02 17 20 N5618 Gx 1.8 15p
14 27 33 +04 46 40 N5619 Gx 2.5 14p
14 22 35 +69 32 39 N5620 Gx 15p
14 28 03 +08 13 40 N5621 -
14 26 23 +48 31 39 N5622 Gx 14p
14 27 25 +33 12 40 N5623 Gx 13p
14 26 46 +51 34 40 N5624 Gx 14p
14 27 12 +39 55 40 N5625 Gx 15p
14 30 00 -29 47 20 N5626 Gx 15p
14 28 45 +11 20 40 N5627 Gx 14p
14 28 38 +17 53 40 N5628 Gx 14p
14 28 31 +25 48 40 N5629 Gx 14p
14 27 48 +41 14 40 N5630 Gx 2.5 14p
14 26 45 +56 33 40 N5631 Gx 2.2 13p
14 28 33 -00 13 20 N5632 Gx
14 27 41 +46 07 40 N5633 Gx 2.3 12.3
14 29 52 -06 00 20 N5634 Gb 4.9 9.6
14 28 43 +27 23 40 N5635 Gx 2.6 14p
14 29 57 +03 14 40 N5636 Gx 1.9 15p
14 29 08 +23 09 40 N5637 Gx 14p
14 29 57 +03 12 40 N5638 Gx 2.6 11.3
14 29 01 +30 22 40 N5639 Gx 14p
14 20 41 +80 04 38 N5640 Gx 15p
14 29 31 +28 47 40 N5641 Gx 2.7 13p
14 29 25 +29 59 40 N5642 Gx 14p
14 33 01 -44 11 19 N5643 Gx 4.6 11p
14 30 39 +11 53 41 N5644 Gx 14p
14 30 57 +07 15 41 N5645 Gx 2.6 12.3
14 29 42 +35 24 40 N5646 Gx 15p
14 30 51 +11 50 41 N5647 Gx 15p
14 30 50 +13 58 41 N5648 Gx 14p
14 30 50 +13 58 41 N5649 Gx 14p
14 31 03 +05 58 41 N5650 Gx 0.2 15p
14 31 33 -00 57 19 N5651 -
14 31 09 +05 56 41 N5652 Gx 14p
14 30 25 +31 11 41 N5653 Gx 1.8 12.2
14 30 06 +36 19 40 N5654 Gx 14p
14 31 14 +13 57 41 N5655 Gx
14 30 36 +35 17 41 N5656 Gx 2.1 13p
14 30 55 +29 08 41 N5657 Gx 14p
14 32 39 +00 14 41 N5658 Gx 14p
14 31 19 +25 19 41 N5659 Gx 15p
14 29 59 +49 35 40 N5660 Gx 2.8 11.8
14 32 09 +06 12 41 N5661 Gx 14p
14 35 34 -56 34 18 N5662 OC 12 5.5
14 34 11 -16 35 18 N5663 Gx 15p
14 33 58 -14 36 19 N5664
14 32 39 +08 03 41 N5665 Gx 2.1 13p
14 33 21 +10 27 41 N5666 Gx 13p
14 30 32 +59 27 41 N5667 Gx 1.8 13p
14 33 39 +04 25 41 N5668 Gx 3.3 11.5
14 32 57 +09 51 41 N5669 Gx 4.1 12p
14 36 02 -45 58 18 N5670 Gx 2.0
14 27 47 +69 36 40 N5671
14 32 49 +31 38 41 N5672 Gx 1.0 13.6
14 31 40 +49 56 41 N5673 Gx 2.6 14p
14 34 03 +05 24 42 N5674 Gx 13p
14 32 48 +36 15 41 N5675 Gx 14p
14 32 59 +49 26 41 N5676 Gx 3.9 10.9
14 34 25 +25 25 42 N5677 Gx 15p
14 32 15 +57 53 41 N5678 Gx 3.2 12p
14 35 15 +05 18 42 N5679 Gx 14p
14 36 03 -00 04 18 N5680 Gx 15p
14 35 57 +08 16 42 N5681 Gx 14p
14 34 59 +48 38 42 N5682 Gx 2.0 14.0
14 35 05 +48 38 42 N5683 Gx 0.7 14.8
14 36 00 +36 30 42 N5684 Gx 14p
14 36 25 +29 52 42 N5685 Gx 15p
14 36 12 +36 27 42 N5686 Gx 15p
14 35 04 +54 27 42 N5687 Gx 2.6 11.8
14 39 50 -45 03 17 N5688 Gx 3.9
14 35 41 +48 43 42 N5689 Gx 3.7 11.9
14 37 57 +02 15 43 N5690 Gx 3.5 13p
14 38 09 -00 25 17 N5691 Gx 2.0 13p
14 38 33 +03 22 43 N5692 Gx 0.9 13p
14 36 23 +48 33 42 N5693 Gx 1.9 15p
14 39 54 -26 33 17 N5694 Gb 3.6 10.2
14 37 30 +36 32 42 N5695 Gx 14p
14 37 12 +41 47 42 N5696 Gx 14p
14 36 48 +41 39 42 N5697 Gx 14p
14 37 24 +38 26 42 N5698 Gx 14p
14 38 31 +29 28 43 N5699 -
14 37 17 +48 31 42 N5700 Gx 15p
14 39 27 +05 20 43 N5701 Gx 4.7 12p
14 39 02 +20 29 43 N5702 Gx 14p
14 38 43 +29 28 43 N5703 -
14 38 06 +40 29 43 N5704 -
14 40 03 -00 44 17 N5705 Gx 2.8 14p
14 38 49 +30 27 43 N5706 Gx 15p
14 37 40 +51 32 43 N5707 Gx 2.8 13p
14 38 30 +40 26 43 N5708 Gx 14p
14 39 01 +30 25 43 N5709 Gx 14p
14 39 32 +20 01 43 N5710 Gx 14p
14 39 38 +19 58 43 N5711 Gx 15p
14 29 37 +78 49 40 N5712 Gx 15p
14 40 27 -00 18 17 N5713 Gx 2.8 11.4
14 38 23 +46 36 43 N5714 Gx 3.0 14p
14 43 46 -57 34 16 N5715 OC 6 10p
14 41 23 -17 30 16 N5716 Gx 1.9 13p
14 38 47 +46 39 43 N5717 Gx 15p
14 41 03 +03 26 43 N5718 Gx 14p
14 41 09 -00 20 17 N5719 Gx 3.4 14p
14 38 34 +50 50 43 N5720 Gx 14p
14 39 05 +46 39 43 N5721 Gx 15p
14 39 11 +46 38 43 N5722 Gx 15p
14 39 05 +46 39 43 N5723 Gx 15p
14 39 17 +46 42 43 N5724 Gx 17p
14 41 21 +02 08 44 N5725 Gx 14p
14 43 11 -18 27 16 N5726
14 40 42 +33 57 43 N5727 Gx 2.3 14p
14 42 41 -17 16 16 N5728 Gx 2.8 11.3
14 42 16 -09 04 16 N5729 Gx 3.0 13p
14 40 29 +42 43 43 N5730
14 40 11 +42 44 43 N5731 Gx 14p
14 40 48 +38 37 43 N5732 Gx 14p
14 43 03 -00 22 16 N5733 Gx 1.3 15p
14 45 23 -20 53 15 N5734 Gx 14p
14 42 37 +28 42 44 N5735 Gx 14p
14 43 45 +11 11 44 N5736 Gx 15p
14 43 26 +18 51 44 N5737 Gx 14p
14 44 15 +01 35 44 N5738 Gx 14p
14 42 41 +41 48 44 N5739 Gx 2.2 13p
14 44 39 +01 39 44 N5740 Gx 3.1 11.9
14 46 22 -11 55 15 N5741 Gx 15p
14 46 04 -11 49 15 N5742 Gx 14p
14 45 23 -20 55 15 N5743 Gx 13p
14 44 11 -18 30 16 N5744 Gx
14 45 22 -13 57 15 N5745 Gx 14p
14 45 09 +01 55 45 N5746 Gx 7.9 10.6
14 44 38 +12 07 44 N5747 Gx 14p
14 45 14 +21 53 45 N5748 Gx 15p
14 49 16 -54 32 14 N5749 OC 8 9p
14 46 27 -00 14 15 N5750 Gx 2.9 11.6
14 44 03 +53 23 44 N5751 Gx 14p
14 45 30 +38 41 45 N5752 Gx 14p
14 45 36 +38 41 45 N5753 Gx 15p
14 45 36 +38 45 45 N5754 Gx 14p
14 45 42 +38 44 45 N5755 Gx 15p
14 47 53 -14 52 15 N5756 Gx 2.0 13p
14 48 05 -19 06 15 N5757 Gx 2.1 13p
14 47 20 +13 38 45 N5758 Gx 15p
14 47 32 +13 26 45 N5759 Gx 15p
14 47 56 +18 29 45 N5760 Gx 14p
14 49 23 -20 23 14 N5761 Gx 14p
14 48 56 +12 26 46 N5762 Gx 14p
14 49 14 +12 27 46 N5763 Gx 15p
14 53 57 -52 42 13 N5764 OC 2 13p
14 51 03 +05 05 46 N5765 Gx 14p
14 53 29 -21 23 13 N5766 Gx 14p
14 49 52 +47 21 46 N5767 Gx 15p
14 52 22 -02 33 13 N5768 Gx 2.0 13p
14 52 51 +07 54 47 N5769 Gx 15p
14 53 39 +03 55 47 N5770 Gx 13p
14 52 25 +29 49 47 N5771 Gx 14p
14 51 53 +40 34 47 N5772 Gx 2.3 14p
14 52 43 +29 46 47 N5773 Gx 14p
14 53 57 +03 33 47 N5774 Gx 3.2 12.2
14 54 15 +03 31 47 N5775 Gx 4.3 11.4
14 54 51 +02 56 47 N5776 Gx 14p
14 51 26 +58 56 47 N5777 Gx 3.3 14p
14 54 44 +18 36 47 N5778 Gx 15p
14 52 21 +55 52 47 N5779 Gx 15p
14 54 37 +28 55 47 N5780 Gx 14p
14 56 53 -17 16 12 N5781 Gx 14p
14 56 08 +11 51 48 N5782
14 53 39 +52 03 47 N5783 Gx 3.0 13p
14 54 23 +42 31 47 N5784 Gx 13p
14 54 03 +52 07 47 N5785 -
14 59 20 -42 02 11 N5786 Gx
14 55 29 +42 28 48 N5787 Gx 1.2 14p
14 53 21 +52 01 47 N5788 Gx 15p
14 56 49 +30 11 48 N5789 Gx 14p
14 57 45 +08 15 48 N5790 Gx 15p
14 59 05 -19 17 11 N5791 Gx 2.4 13p
14 58 39 -01 06 11 N5792 Gx 7.2 12p
14 59 41 -16 43 11 N5793 Gx 1.8 13.2
14 55 52 +49 42 48 N5794 Gx 14p
14 56 28 +49 21 48 N5795 Gx 14p
14 59 41 -16 38 11 N5796 Gx 1.9 13p
14 56 28 +49 40 48 N5797 Gx 13p
14 57 55 +29 56 48 N5798 Gx 13p
15 06 01 -72 27 09 N5799 Gx
15 02 21 -51 56 10 N5800 -
15 00 41 -13 55 11 N5801 Gx
15 00 47 -13 56 11 N5802 Gx
15 01 17 -13 55 11 N5803
14 55 52 +49 37 48 N5804 Gx
14 56 04 +49 41 48 N5805 Gx
15 00 15 +01 52 49 N5806 Gx 3.1 11.6
14 55 48 +63 53 48 N5807 Gx 15p
14 53 48 +72 59 47 N5808
15 01 11 -14 11 11 N5809 Gx 14p
15 02 53 -17 54 10 N5810 Gx 14p
15 00 45 +01 35 49 N5811 Gx 1.0 15p
15 01 16 -07 28 11 N5812 Gx 2.4 11.2
15 01 27 +01 40 50 N5813 Gx 3.6 10.7
15 01 39 +01 35 50 N5814 Gx 14p
15 00 47 -16 51 11 N5815 Gx 14p
15 02 23 -16 09 10 N5816 -
14 59 53 -16 12 11 N5817 Gx 15p
14 58 58 +49 47 49 N5818 Gx 15p
14 54 00 +73 06 47 N5819 Gx 14p
14 58 51 +53 51 49 N5820 Gx 2.5 11.9
14 59 03 +53 53 49 N5821 Gx 15p
15 05 34 -54 22 09 N5822 OC 40 7p
15 06 04 -55 37 09 N5823 OC 10 7.9
15 04 19 -33 05 10 N5824 Gb 6.2 9.0
15 02 14 +18 40 50 N5825 -
14 59 57 +55 29 49 N5826 -
15 02 01 +25 56 50 N5827 Gx 1.4 14p
15 00 46 +49 57 49 N5828 Gx 14p
15 02 55 +23 18 50 N5829 Gx 1.9 15p
15 01 52 +47 50 50 N5830 Gx 15p
15 04 21 +01 11 50 N5831 Gx 2.2 11.5
14 57 49 +71 39 48 N5832 Gx 4.0 12p
15 12 19 -72 53 07 N5833 Gx
15 04 19 -33 05 10 N5834
15 02 28 +48 50 50 N5835 Gx 15p
14 59 29 +73 51 49 N5836 Gx 15p
15 04 56 +12 36 51 N5837 Gx 14p
15 05 39 +02 04 51 N5838 Gx 4.2 10.8
15 05 45 +01 36 51 N5839 Gx 1.4 14p
15 04 31 +29 28 50 N5840 -
15 05 51 +01 57 51 N5841 -
15 05 02 +21 02 51 N5842 Gx 15p
15 07 49 -36 21 09 N5843 Gx 2.0
15 11 08 -64 42 07 N5844
15 06 15 +01 36 51 N5845 Gx 0.9 12.3
15 06 39 +01 34 51 N5846 Gx 3.4 10.2
15 06 33 +06 21 51 N5847 Gx 15p
15 06 57 +01 58 51 N5848 Gx 15p
15 07 11 -14 37 09 N5849 Gx 15p
15 07 21 +01 31 51 N5850 Gx 4.3 11.0
15 07 08 +12 50 51 N5851 Gx 15p
15 07 14 +12 49 51 N5852 Gx 14p
15 05 59 +39 29 51 N5853 Gx 15p
15 08 03 +02 32 52 N5854 Gx 2.7 11.8
15 08 09 +03 56 52 N5855 Gx 15p
15 07 32 +18 25 51 N5856 -
15 07 44 +19 34 51 N5857 Gx 1.4 13.1
15 09 04 -11 14 08 N5858 Gx 1.4 14p
15 07 50 +19 33 52 N5859 Gx 3.0 12.4
15 06 47 +42 36 51 N5860 Gx 1.0 14p
15 09 34 -11 20 08 N5861 Gx 3.0 12p
15 06 08 +55 32 51 N5862 Gx 15p
15 11 05 -18 28 07 N5863 Gx 14p
15 09 51 +03 01 52 N5864 Gx 2.8 13p
15 10 09 +00 29 52 N5865 Gx 15p
15 06 38 +55 44 51 N5866 Gx 5.2 10.0
15 06 32 +55 42 51 N5867 -
15 10 09 +00 29 52 N5868
15 10 09 +00 26 52 N5869 13p
15 06 44 +55 26 51 N5870 Gx 15p
15 10 21 +00 29 52 N5871 S*
15 11 16 -11 31 07 N5872 Gx 14p
15 13 07 -38 09 07 N5873 Pl 0.1 13p
15 08 02 +54 43 52 N5874 Gx 2.5 14p
15 09 21 +52 30 52 N5875 Gx 2.6 13p
15 09 38 +54 28 52 N5876 Gx 2.6 14p
15 13 04 -04 57 07 N5877 T*
15 14 05 -14 17 06 N5878 Gx 3.5 11.5
15 09 56 +56 58 52 N5879 Gx 4.4 11.5
15 15 23 -14 35 06 N5880 Gx 15p
15 09 12 +62 55 52 N5881
15 17 09 -45 40 05 N5882 Pl 0.1 11p
15 15 29 -14 38 06 N5883 Gx
15 13 24 +31 50 53 N5884
15 15 22 -10 06 06 N5885 Gx 3.5 11.7
15 12 53 +41 11 53 N5886 Gx 15p
15 15 03 +01 06 54 N5887 Gx 15p
15 13 17 +41 14 53 N5888 Gx 1.5 14p
15 13 29 +41 18 53 N5889 Gx 0.9 16p
15 18 11 -17 36 05 N5890 Gx 14p
15 16 34 -11 32 06 N5891 Gx 14p
15 13 59 -15 31 07 N5892 Gx 13p
15 13 47 +41 56 53 N5893 Gx 1.4 14p
15 11 49 +59 47 53 N5894 Gx 3.3 13p
15 13 59 +41 57 54 N5895 Gx 15p
15 13 59 +41 57 54 N5896 Gx 15p
15 17 41 -21 02 05 N5897 Gb 12.6 8.6
15 18 30 -24 07 05 N5898 Gx 1.7 11.5
15 15 11 +42 01 54 N5899 Gx 3.0 11.8
15 15 17 +42 11 54 N5900 Gx 1.6 15p
15 15 17 +42 10 54 N5901 S*
15 14 33 +50 19 54 N5902 Gx 15p
15 18 54 -24 05 05 N5903 Gx 2.0 11.5
15 18 51 +02 03 55 N5904 Gb 17.4 5.8
15 15 32 +55 29 54 N5905 Gx 4.2 12p
15 15 56 +56 18 54 N5906 Gx 0.5 14p
15 16 02 +56 17 54 N5907 Gx 12.3 10.4
15 16 50 +55 23 54 N5908 Gx 3.2 11.9
15 11 26 +75 20 53 N5909 Gx 14p
15 19 31 +20 53 55 N5910 Gx 15p
15 20 39 +03 30 56 N5911 Gx 14p
15 11 38 +75 20 53 N5912 Gx 14p
15 21 10 -02 36 04 N5913 Gx 14p
15 18 53 +41 50 55 N5914 Gx 15p
15 21 53 -13 07 04 N5915 Gx 1.6 12p
15 21 53 -13 11 04 N5916 Gx 2.9 14p
15 21 40 -07 23 04 N5917 Gx 14p
15 19 28 +45 52 55 N5918 Gx 14p
15 21 45 +07 42 56 N5919 Gx 15p
15 22 03 +07 40 56 N5920 Gx 1.4 13.6
15 22 09 +05 02 56 N5921 Gx 4.9 10.8
15 21 23 +41 38 56 N5922 Gx 0.5 15p
15 21 23 +41 41 56 N5923 Gx 2.0 15p
15 22 06 +31 12 56 N5924 Gx 15p
15 28 05 -54 32 02 N5925 OC 15 8p
15 23 38 +12 40 57 N5926 Gx 15p
15 28 22 -50 41 02 N5927 Gb 12.0 8.3
15 26 08 +18 03 58 N5928 Gx 14p
15 26 17 +41 38 58 N5929 Gx 1.1 13p
15 26 17 +41 39 58 N5930 Gx 2.0 13p
15 29 45 +07 33 59 N5931 Gx 15p
15 26 57 +48 35 58 N5932 Gx 15p
15 27 09 +48 35 58 N5933 Gx 15p
15 28 22 +42 53 58 N5934 Gx 14p
15 28 28 +42 54 58 N5935 Gx 15p
15 30 14 +12 57 59 N5936 Gx 1.5 12.4
15 31 04 -02 50 01 N5937 Gx 13p
15 36 52 -66 52 59 N5938 Gx 2.8
15 24 50 +68 43 57 N5939 Gx 13p
15 31 27 +07 26 59 N5940 Gx 14p
15 31 45 +07 19 00 N5941 Gx 15p
15 31 51 +07 17 00 N5942 Gx 15p
15 29 58 +42 45 59 N5943 Gx 14p
15 31 57 +07 18 00 N5944 Gx 15p
15 29 58 +42 53 59 N5945 Gx 14p
15 35 52 -50 40 59 N5946 Gb 7.1 9.6
15 30 52 +42 41 59 N5947 Gx 15p
15 33 09 +03 58 00 N5948 -
15 28 04 +64 44 58 N5949 Gx 2.4 13p
15 31 41 +40 25 00 N5950 Gx 15p
15 33 56 +14 59 00 N5951 Gx 3.5 13p
15 35 03 +04 56 01 N5952 Gx 15p
15 34 44 +15 11 01 N5953 Gx 2.0 13p
15 34 50 +15 11 01 N5954 Gx 1.3 14p
15 35 21 +05 03 01 N5955 Gx 15p
15 35 14 +11 44 01 N5956 Gx 13p
15 35 38 +12 02 01 N5957 Gx 3.0 13p
15 34 54 +28 39 01 N5958 Gx 13p
15 37 41 -16 37 58 N5959 Gx 14p
15 36 27 +05 39 01 N5960 Gx 15p
15 35 24 +30 50 01 N5961 Gx 0.8 14p
15 36 44 +16 36 01 N5962 Gx 2.8 11.4
15 33 37 +56 34 00 N5963 Gx 3.5 12p
15 37 51 +05 58 02 N5964 Gx 4.2 13p
15 34 07 +56 41 00 N5965 Gx 5.4 13p
15 35 59 +39 46 01 N5966 Gx 14p
15 48 43 -75 40 55 N5967 Gx 2.9 12p
15 40 13 -30 33 58 N5968 Gx 2.2 13p
15 35 01 +56 27 01 N5969 Gx 15p
15 38 44 +12 10 02 N5970 Gx 3.0 11.4
15 35 43 +56 28 01 N5971 Gx 15p
15 39 02 +17 01 02 N5972 Gx 15p
15 40 28 -08 37 57 N5973 Gx
15 39 12 +31 44 02 N5974 Gx 0.5 14p
15 40 13 +21 27 03 N5975 Gx 14p
15 36 54 +59 22 01 N5976 Gx 1.0 14.8
15 40 38 +17 06 03 N5977 Gx 15p
15 42 41 -13 14 57 N5978 Gx 14p
15 48 08 -61 13 55 N5979 Pl 0.1
15 41 38 +15 46 03 N5980 Gx 2.1 13p
15 38 00 +59 22 02 N5981 Gx 2.8 13.0
15 38 48 +59 20 02 N5982 Gx 2.9 11.1
15 42 57 +08 13 03 N5983 Gx 15p
15 43 08 +14 13 04 N5984 Gx 3.0 13p
15 39 42 +59 19 02 N5985 Gx 5.5 11.0
15 46 26 -37 47 55 N5986 Gb 9.8 7.1
15 40 01 +58 04 02 N5987 Gx 4.7 13p
15 44 50 +10 16 04 N5988 Gx 15p
15 41 36 +59 44 03 N5989 Gx 13p
15 46 39 +02 23 05 N5990 Gx 13p
15 45 31 +24 36 04 N5991 Gx 14p
15 44 35 +41 04 04 N5992 Gx 1.1 14p
15 44 41 +41 06 04 N5993 Gx 14p
15 47 02 +17 50 05 N5994 Gx 15p
15 48 41 -13 47 54 N5995 Gx 14p
15 47 08 +17 51 05 N5996 Gx 13p
15 47 39 +08 18 05 N5997 Gx 15p
15 49 42 -28 36 54 N5998 -
15 52 36 -56 28 53 N5999 OC 5 9p
