15 50 13 -29 24 54 N6000 Gx 1.9
15 47 54 +28 37 05 N6001 Gx 14p
15 47 54 +28 36 05 N6002 Gx 0.2 17p
15 49 31 +19 00 06 N6003 Gx 14p
15 50 31 +18 55 06 N6004 Gx 13p
15 56 12 -57 26 52 N6005 OC 3 10.7
15 53 14 +12 01 07 N6006 Gx 15p
15 53 38 +11 56 07 N6007 Gx 1.9 14p
15 53 07 +21 07 07 N6008 Gx 14p
15 53 44 +12 04 07 N6009 Gx 15p
15 54 39 +00 31 08 N6010 Gx 13p
15 46 34 +72 08 05 N6011 Gx 14p
15 54 26 +14 34 08 N6012 Gx 2.3 13p
15 53 04 +40 38 07 N6013 Gx 14p
15 56 03 +05 56 08 N6014 Gx 14p
15 51 29 +62 18 07 N6015 Gx 5.4 11.2
15 56 06 +26 58 08 N6016 Gx 15p
15 57 27 +05 59 09 N6017 Gx 14p
15 57 44 +15 50 09 N6018 Gx 1.8 15p
15 52 21 +64 50 07 N6019 Gx 15p
15 57 25 +22 23 09 N6020 Gx 1.7 12.6
15 57 44 +15 55 09 N6021 Gx 2.1 14p
15 58 02 +16 15 09 N6022 Gx 0.8 15p
15 58 02 +16 17 09 N6023 Gx 1.4 15p
15 53 15 +64 55 07 N6024 Gx 15p
16 04 08 -60 30 49 N6025 OC 12 5.1
16 01 43 -34 32 50 N6026 Pl 0.8
15 59 25 +20 44 10 N6027 Gx 2.2 12.4
16 01 37 +19 20 10 N6028 Gx 1.7 13.2
16 02 14 +12 33 11 N6029 Gx 15p
16 02 01 +17 57 11 N6030 Gx 14p
16 08 00 -54 04 47 N6031 OC 2 8.5
16 03 13 +20 57 11 N6032 Gx 1.8 15p
16 04 40 -02 08 48 N6033 Gx 15p
16 03 38 +17 11 11 N6034 Gx 15p
16 03 37 +20 53 11 N6035 Gx 1.2 14p
16 04 39 +03 51 12 N6036 Gx 14p
16 04 39 +03 47 12 N6037 Gx 15p
16 02 47 +37 20 11 N6038 Gx 14p
16 04 38 +17 41 12 N6039 S*
16 04 38 +17 44 12 N6040 Gx 1.6 15p
16 04 50 +17 42 12 N6041 Gx 1.6 13.7
16 04 50 +17 41 12 N6042 Gx 15p
16 05 07 +17 46 12 N6043 Gx 15p
16 05 13 +17 51 12 N6044 Gx 0.5 16p
16 05 19 +17 44 12 N6045 Gx 1.3 14.2
16 05 07 +19 20 12 N6046 -
16 05 20 +17 42 12 N6047 Gx 1.3 13.6
15 57 35 +70 41 09 N6048 Gx 2.5 14p
16 05 57 +08 05 12 N6049 -
16 05 37 +17 45 12 N6050 Gx 15p
16 05 07 +23 55 12 N6051 Gx 1.9 13.0
16 05 25 +20 31 12 N6052 Gx 1.0 13.0
16 05 37 +18 07 12 N6053 S*
16 05 37 +17 46 12 N6054 Gx 15p
16 05 43 +18 09 12 N6055 Gx 1.5 15p
16 05 43 +17 57 12 N6056 Gx 15p
16 05 49 +18 09 12 N6057 Gx 15p
16 04 34 +40 40 12 N6058 Pl 0.4 13p
16 07 40 -06 25 47 N6059
16 06 07 +21 29 12 N6060 Gx 2.2 14p
16 06 31 +18 14 12 N6061 Gx 1.4 15p
16 06 31 +19 46 12 N6062 Gx 14p
16 07 27 +07 57 13 N6063 Gx 14p
16 07 13 +20 32 13 N6064 -
16 07 44 +13 51 13 N6065 Gx 15p
16 07 56 +13 55 13 N6066 Gx 15p
16 13 36 -54 13 45 N6067 OC 13 5.6
15 55 10 +78 59 08 N6068 Gx 1.2 13p
16 07 53 +38 54 13 N6069 Gx 15p
16 10 15 +00 42 14 N6070 Gx 3.6 11.7
16 01 05 +70 36 10 N6071 Gx 15p
16 13 20 -36 14 45 N6072 Pl 1.2 14p
16 10 20 +16 41 14 N6073 Gx 14p
16 11 38 +14 14 14 N6074 Gx 15p
16 11 37 +23 56 14 N6075 Gx 15p
16 11 18 +26 51 14 N6076 Gx 15p
16 11 18 +26 55 14 N6077 Gx 15p
16 12 20 +14 11 15 N6078 Gx 14p
16 04 30 +69 37 12 N6079
16 13 21 +02 09 15 N6080 Gx 14p
16 13 14 +09 51 15 N6081 Gx 14p
16 15 55 -34 15 44 N6082 -
16 13 32 +14 09 15 N6083 Gx 15p
16 14 25 +17 44 15 N6084 Gx 15p
16 12 42 +29 21 15 N6085 Gx 14p
16 12 48 +29 28 15 N6086 Gx 2.0 15p
16 19 19 -57 54 43 N6087 OC 12 5.4
16 10 48 +57 27 14 N6088 Gx 14p
16 12 53 +33 01 15 N6089 Gx 15p
16 11 50 +52 26 14 N6090 Gx 1.9 14p
16 07 47 +69 54 13 N6091 Gx 14p
16 12 54 +27 57 15 N6092 Gx 15p
16 17 18 -22 59 44 N6093 Gb 8.9 7.2
16 06 33 +72 29 12 N6094 Gx 14p
16 11 11 +61 15 14 N6095 Gx 14p
16 14 54 +26 33 16 N6096 Gx 15p
16 14 29 +35 05 15 N6097 Gx 15p
16 15 49 +19 26 16 N6098 Gx 14p
16 15 49 +19 26 16 N6099 Gx 14p
16 17 15 +00 47 16 N6100 Gx 14p
16 26 22 -72 12 40 N6101 Gb 10.7 9.3
16 15 48 +28 08 16 N6102 Gx 15p
16 15 54 +31 56 16 N6103 Gx 14p
16 16 41 +35 41 16 N6104 Gx 14p
16 17 11 +34 51 16 N6105 Gx 15p
16 19 03 +07 24 17 N6106 Gx 2.6 12.2
16 17 23 +34 52 17 N6107 Gx 14p
16 17 29 +35 06 17 N6108 Gx 15p
16 17 53 +34 59 17 N6109 Gx 1.3 15p
16 17 47 +35 04 17 N6110 Gx 15p
16 15 34 +62 43 16 N6111
16 18 05 +35 05 17 N6112 Gx 15p
16 19 26 +14 06 17 N6113 Gx 15p
16 18 29 +35 09 17 N6114 Gx 15p
16 24 59 -51 58 41 N6115 OC 3 11p
16 18 59 +35 08 17 N6116 Gx 15p
16 19 29 +37 04 17 N6117 Gx 14p
16 22 04 -02 17 42 N6118 Gx 4.7 12p
16 19 53 +37 47 18 N6119 Gx 15p
16 19 59 +37 46 18 N6120 Gx 0.6 14p
16 23 54 -26 32 41 N6121 Gb 26.3 5.9
16 20 23 +37 47 18 N6122 Gx 15p
16 17 16 +61 55 17 N6123 Gx 14p
16 25 57 -40 40 40 N6124 OC 29 5.8
16 19 00 +57 35 17 N6125 -
16 21 35 +36 22 18 N6126 Gx 14p
16 19 18 +57 57 17 N6127 Gx 13p
16 19 12 +57 58 17 N6128 Gx 1.4 13p
16 21 59 +37 58 18 N6129 Gx 14p
16 19 36 +57 36 17 N6130 Gx 14p
16 22 10 +38 55 18 N6131 Gx 14p
16 23 56 +11 47 19 N6132 Gx 15p
16 20 12 +56 39 18 N6133 -
16 28 04 -49 09 39 N6134 OC 7 7.2
16 19 02 +64 53 17 N6135 -
16 20 54 +55 56 18 N6136 Gx 15p
16 23 17 +37 54 19 N6137 Gx 2.2 14p
16 23 04 +40 55 19 N6138 ?
16 28 02 -38 51 39 N6139 Gb 5.5 9.2
16 20 56 +65 22 18 N6140 Gx 6.2 12p
16 23 16 +40 47 19 N6141 ?
16 23 35 +37 15 19 N6142 Gx 15p
16 21 49 +55 04 18 N6143 Gx 1.2 14p
16 27 36 -26 02 39 N6144 Gb 9.3 9.1
16 25 10 +40 55 20 N6145 Gx 15p
16 25 22 +40 52 20 N6146 Gx 14p
16 25 16 +40 54 20 N6147 Gx 16p
16 27 19 +24 04 20 N6148 Gx
16 27 37 +19 35 21 N6149 Gx 15p
16 25 58 +40 29 20 N6150 Gx 15p
16 38 54 -73 15 35 N6151
16 33 05 -52 37 37 N6152 OC 30 8p
16 31 51 -40 15 38 N6153 Pl 0.4 12p
16 25 44 +49 49 20 N6154 Gx 2.4 14p
16 26 14 +48 21 20 N6155 Gx 13p
16 35 14 -60 36 36 N6156 Gx
16 25 49 +55 21 20 N6157 Gx 15p
16 27 52 +39 22 21 N6158 Gx 16p
16 27 34 +42 40 21 N6159 Gx 15p
16 27 52 +40 54 21 N6160 Gx 2.1 15p
16 28 29 +32 48 21 N6161 Gx 15p
16 28 35 +32 51 21 N6162 Gx 15p
16 28 35 +32 51 21 N6163 Gx 15p
16 34 22 -48 06 37 N6164 Pl
16 34 22 -48 06 37 N6165 Pl
16 28 46 +39 32 21 N6166 Gx 2.4 12.0
16 34 47 -49 36 37 N6167 OC 8 6.7
16 31 37 +20 11 22 N6168 Gx 14p
16 34 27 -44 03 37 N6169 OC 7 7p
16 27 05 +59 34 20 N6170 -
16 32 47 -13 03 37 N6171 Gb 10.0 8.1
16 32 22 -01 29 37 N6172 -
16 29 58 +40 48 22 N6173 Gx 2.2 14p
16 29 52 +40 50 22 N6174 Gx 15p
16 30 04 +40 38 22 N6175 Gx 15p
16 27 35 +59 34 21 N6176 Gx 15p
16 30 47 +35 03 22 N6177 Gx 15p
16 36 04 -45 38 36 N6178 OC 4 7.2
16 30 53 +35 06 22 N6179 Gx 15p
16 30 40 +40 33 22 N6180 Gx 15p
16 32 31 +19 49 23 N6181 Gx 2.6 11.9
16 29 36 +55 30 21 N6182 Gx 14p
16 42 08 -69 23 34 N6183 Gx
16 31 40 +40 34 22 N6184 Gx 15p
16 33 23 +35 19 23 N6185 Gx 14p
16 34 37 +21 32 23 N6186 Gx 1.8 14p
16 31 42 +57 42 22 N6187 Gx 15p
16 40 53 -48 47 34 N6188 Nb 20
16 31 41 +59 38 22 N6189 Gx 13p
16 32 05 +58 26 22 N6190 Gx 13p
16 32 05 +58 47 22 N6191 -
16 40 39 -43 22 34 N6192 OC 8 9p
16 41 41 -48 46 34 N6193 OC 15 5.2
16 36 47 +36 10 24 N6194 Gx 14p
16 36 40 +39 01 24 N6195 Gx 1.8 15p
16 37 35 +36 05 25 N6196 Gx 14p
16 37 41 +36 01 25 N6197 Gx 15p
16 35 36 +57 30 24 N6198 Gx 15p
16 39 11 +36 05 25 N6199 S*
16 44 34 -47 29 33 N6200 OC 12 7.4
16 40 25 +23 44 26 N6201 Gx 15p
16 36 16 +61 56 24 N6202 -
16 40 37 +23 45 26 N6203 Gx 15p
16 46 52 -47 01 32 N6204 OC 5 8.2
16 41 53 +36 27 26 N6205 Gb 16.6 5.9
16 40 11 +58 37 26 N6206 Gx 14p
16 43 17 +36 49 27 N6207 Gx 3.0 11.6
16 49 54 -53 49 30 N6208 OC 16 7.2
16 55 42 -72 32 28 N6209 Gx
16 44 43 +23 48 28 N6210 Pl 0.2 9p
16 41 35 +57 46 26 N6211 Gx 2.0 14p
16 43 28 +39 47 27 N6212 Gx 15p
16 41 35 +57 49 26 N6213 Gx 15p
16 39 31 +66 00 26 N6214 Gx 14p
16 51 32 -58 59 30 N6215 Gx 2.0 12p
16 49 46 -44 44 30 N6216 OC 4 10p
16 32 22 +78 11 23 N6217 Gx 3.1 11.2
16 47 28 -01 57 31 N6218 Gb 14.5 6.6
16 46 32 +09 01 28 N6219 Gx 15p
16 47 27 -00 17 31 N6220 Gx 15p
16 53 14 -59 13 29 N6221 Gx 3.2 11p
16 51 04 -44 45 30 N6222 OC 10p
16 43 10 +61 33 27 N6223 Gx 3.4 13p
16 48 27 +06 17 29 N6224 Gx 15p
16 48 33 +06 12 29 N6225 Gx 15p
16 43 34 +61 57 27 N6226 Gx 14p
16 51 57 -41 13 29 N6227 -
16 48 12 +26 11 29 N6228 Gx 15p
16 47 08 +47 31 29 N6229 Gb 4.5 9.4
16 50 51 +04 34 30 N6230 Gx 15p
16 54 21 -41 48 28 N6231 CN 15 2.6
16 43 15 +70 37 27 N6232 Gx 13p
16 50 19 +23 33 30 N6233 Gx 15p
16 52 09 +04 22 31 N6234 Gx 15p
16 53 42 -22 11 29 N6235 Gb 5.0 10.2
16 44 27 +70 47 28 N6236 Gx 3.0 12p
16 46 28 +70 22 28 N6237 Gx
16 47 15 +62 07 29 N6238 Gx 14p
16 50 15 +42 43 30 N6239 Gx 2.8 12.3
16 53 15 +02 23 31 N6240 Gx 2.2 15p
16 50 15 +45 23 30 N6241 Gx 15p
16 55 57 -39 30 28 N6242 OC 9 6.4
16 52 37 +23 20 31 N6243 Gx 15p
16 48 09 +62 10 29 N6244 Gx 14p
16 45 27 +70 47 28 N6245 Gx
16 50 00 +55 32 30 N6246 Gx 1.7 14.1
16 48 15 +62 57 29 N6247 Gx 13p
16 46 22 +70 21 28 N6248 Gx 3.3 13p
16 57 58 -44 47 27 N6249 OC 6 8.2
16 58 22 -45 48 27 N6250 OC 8 5.9
16 32 04 +82 32 23 N6251 Gx 14p
16 31 58 +82 35 23 N6252 Gx 15p
16 59 30 -52 43 26 N6253 OC 5 10p
16 57 22 -04 06 27 N6254 Gb 15.1 6.6
16 54 59 +36 29 32 N6255 Gx 3.5 14p
16 59 50 -37 07 26 N6256 Gb
16 56 10 +39 38 32 N6257 Gx 15p
16 52 22 +60 32 31 N6258 Gx 14p
17 01 04 -44 40 26 N6259 OC 10 8.0
16 51 50 +63 42 31 N6260 Gx 15p
16 56 42 +27 59 33 N6261 Gx 15p
16 53 42 +56 55 31 N6262 -
16 56 54 +27 49 33 N6263 Gx 15p
16 57 30 +27 51 33 N6264 Gx 15p
16 57 42 +27 50 33 N6265 Gx 15p
17 01 31 -30 07 25 N6266 Gb 14.1 6.6
16 58 25 +22 58 33 N6267 Gx 14p
17 02 45 -39 44 25 N6268 OC 6 10p
16 58 12 +27 51 33 N6269 Gx 14p
16 58 54 +27 37 34 N6270 Gx 15p
16 59 00 +27 58 34 N6271 Gx 15p
16 59 06 +27 55 34 N6272 Gx 15p
17 02 55 -26 16 25 N6273 Gb 13.5 7.2
16 59 36 +29 56 34 N6274 Gx 14p
16 55 39 +63 14 32 N6275 Gx 15p
17 00 31 +23 06 34 N6276 Gx
17 01 01 +23 02 34 N6277 Gx 15p
17 01 07 +23 00 34 N6278 Gx 14p
16 59 08 +47 13 34 N6279 Gx 15p
17 02 09 +06 39 35 N6280 Gx 15p
17 05 08 -37 54 24 N6281 CN 60 5.4
17 01 00 +29 49 34 N6282 Gx 15p
16 59 32 +49 55 34 N6283 Gx 13p
17 04 48 -24 46 24 N6284 Gb 5.6 9.0
16 58 29 +58 58 33 N6285 Gx 1.3 15p
16 58 41 +58 57 33 N6286 Gx 1.5 14p
17 05 30 -22 42 24 N6287 Gb 5.1 9.2
16 57 29 +68 26 33 N6288 Gx 15p
16 57 47 +68 30 33 N6289 Gx 15p
17 00 59 +58 59 34 N6290 Gx 14p
17 00 59 +58 57 34 N6291 Gx 15p
17 03 04 +61 02 35 N6292 Gx 14p
17 10 31 -26 35 22 N6293 Gb 7.9 8.2
17 10 37 -26 34 22 N6294 -
17 03 10 +60 19 35 N6295 Gx 15p
17 08 57 +03 53 38 N6296 Gx 1.1 14p
17 03 39 +62 01 36 N6297 Gx 14p
17 03 27 +62 01 36 N6298
17 05 03 +62 26 36 N6299 Gx 15p
17 17 28 -62 49 19 N6300 Gx 5.4 11p
17 08 45 +42 19 38 N6301 Gx 14p
17 14 02 -37 06 20 N6302 Pl 0.8 13p
17 05 05 +68 20 36 N6303
17 14 49 -29 28 20 N6304 Gb 6.8 8.4
17 18 32 -59 09 18 N6305 Gx
17 07 40 +60 43 37 N6306 Gx 1.2 14p
17 07 46 +60 44 37 N6307 Gx 1.6 14p
17 12 13 +23 22 39 N6308 Gx 1.3 14p
17 14 23 -12 55 20 N6309 Pl 1.1 11p
17 08 04 +60 59 37 N6310 Gx 2.1 14p
17 10 46 +41 38 39 N6311 Gx 15p
17 10 57 +42 16 39 N6312 Gx 15p
17 10 32 +48 18 38 N6313 Gx 15p
17 12 49 +23 15 39 N6314 Gx 1.8 13.1
17 13 01 +23 12 40 N6315 Gx 0.9 13.3
17 16 55 -28 08 19 N6316 Gb 4.9 9.0
17 09 21 +62 52 38 N6317 Gx 16p
17 18 09 -39 27 18 N6318 OC 4 12p
17 09 39 +62 58 38 N6319 Gx 14p
17 13 04 +40 15 40 N6320 Gx 15p
17 14 43 +20 17 40 N6321 Gx 14p
17 18 51 -42 57 18 N6322 OC 10 6.0
17 13 27 +43 45 40 N6323 Gx 15p
17 05 14 +75 24 36 N6324 Gx 13p
17 18 18 -23 46 18 N6325 Gb 4.3 10.7
17 21 12 -51 45 17 N6326 Pl 0.2 12p
17 14 09 +43 37 40 N6327 Gx 15p
17 24 12 -64 59 16 N6328 Gx
17 14 27 +43 40 40 N6329 Gx 14p
17 16 00 +29 22 41 N6330 Gx 15p
17 03 13 +78 37 36 N6331 Gx 15p
17 15 09 +43 38 40 N6332 Gx 14p
17 19 30 -18 31 18 N6333 Gb 9.3 7.9
17 20 50 -35 43 17 N6334 Nb 40
17 20 49 -30 08 17 N6335 -
17 16 27 +43 47 41 N6336 Gx 14p
17 22 39 -38 29 16 N6337 Pl 0.8
17 15 23 +57 24 41 N6338 Gx 14p
17 17 16 +40 50 41 N6339 Gx 3.4 13p
17 10 19 +72 17 38 N6340 Gx 3.4 11.0
17 17 15 +43 07 41 N6341 Gb 11.2 6.5
17 21 30 -19 35 17 N6342 Gb 3.0 9.9
17 17 28 +41 02 41 N6343 Gx 14p
17 17 21 +42 26 41 N6344 Gx
17 15 23 +57 20 41 N6345 Gx 15p
17 15 23 +57 18 41 N6346 Gx 15p
17 20 07 +16 39 43 N6347 Gx 14p
17 18 34 +41 38 42 N6348 Gx 15p
17 19 17 +36 02 42 N6349 Gx 15p
17 18 52 +41 40 42 N6350 Gx 14p
17 19 23 +36 01 42 N6351 Gx 16p
17 25 53 -48 25 15 N6352 Gb 7.1 8.2
17 21 26 +15 41 43 N6353 -
17 24 57 -38 32 15 N6354 At
17 24 19 -26 21 16 N6355 Gb 5.0 9.6
17 23 53 -17 49 16 N6356 Gb 7.2 8.4
17 24 56 -34 10 15 N6357 Nb 50
17 19 07 +52 36 42 N6358 Gx 15p
17 17 57 +61 46 42 N6359 Gx 1.2 12.6
17 25 43 -30 00 15 N6360 -
17 18 40 +60 36 42 N6361 Gx 2.4 14p
17 32 25 -67 03 12 N6362 Gb 10.7 8.3
17 22 52 +41 07 44 N6363 Gx 14p
17 24 42 +29 23 45 N6364 Gx 14p
17 22 45 +62 10 44 N6365 Gx 14p
17 27 58 -05 05 14 N6366 Gb 8.3 10.0
17 25 22 +37 45 45 N6367 Gx 15p
17 27 20 +11 32 46 N6368 Gx 4.0 13p
17 29 36 -23 46 13 N6369 Pl 1.1 13p
17 23 23 +56 59 44 N6370 Gx 14p
17 27 24 +26 29 46 N6371 Gx 15p
17 27 42 +26 27 46 N6372 Gx 1.9 14p
17 24 22 +59 00 44 N6373 Gx 14p
17 32 38 -32 36 12 N6374 OC 3 9.0
17 29 31 +16 11 47 N6375 Gx 14p
17 25 28 +58 49 45 N6376 Gx 14p
17 25 28 +58 49 45 N6377 Gx 14p
17 30 51 +06 16 47 N6378 Gx 15p
17 30 49 +16 16 47 N6379 Gx 1.3 15p
17 35 45 -39 04 11 N6380 Gb 3.9
17 27 22 +60 00 46 N6381 Gx 1.5 14p
17 27 53 +56 51 46 N6382 Gx 15p
17 35 08 -32 34 11 N6383 CN 80 5.5
17 32 39 +07 03 48 N6384 Gx 6.0 10.6
17 28 05 +57 32 46 N6385 Gx 14p
17 29 01 +52 43 46 N6386 Gx 15p
17 28 29 +57 33 46 N6387 Gx 15p
17 36 40 -44 44 10 N6388 Gb 8.7 6.9
17 32 55 +16 23 48 N6389 Gx 3.1 14p
17 28 34 +60 05 46 N6390 Gx 14p
17 28 58 +58 51 46 N6391 Gx 15p
17 44 03 -69 47 07 N6392 Gx 1.5
17 30 22 +59 38 47 N6393 Gx 15p
17 30 10 +59 31 47 N6394 Gx 16p
17 26 20 +71 05 45 N6395 Gx 2.6 13p
17 38 26 -35 00 10 N6396 OC 3 8.5
17 41 06 -53 40 08 N6397 Gb 25.7 5.7
17 43 10 -61 41 08 N6398 Gx
17 31 52 +59 37 48 N6399 Gx 15p
17 41 08 -36 57 08 N6400 OC 8 9p
17 38 54 -23 55 09 N6401 Gb 5.6 9.5
17 37 52 -03 15 10 N6402 Gb 11.7 7.6
17 43 40 -61 41 07 N6403 Gx
17 39 56 -33 15 09 N6404 OC 5 11p
17 40 26 -32 13 09 N6405 OC 15 4.2
17 38 31 +18 49 51 N6406 -
17 45 27 -60 44 07 N6407 Gx 1.9
17 39 01 +18 51 51 N6408 Gx 14p
17 36 43 +50 45 50 N6409 Gx 15p
17 35 15 +60 48 49 N6410 S*
17 35 39 +60 47 49 N6411 Gx 13p
17 29 25 +75 41 47 N6412 Gx 2.3 11.8
17 40 56 +12 36 52 N6413 -
17 30 28 +74 22 47 N6414 Gx 15p
17 44 44 -35 01 07 N6415 -
17 44 44 -32 21 07 N6416 OC 18 5.7
17 41 54 +23 39 52 N6417 Gx 14p
17 38 10 +58 42 50 N6418 Gx 14p
17 35 53 +68 07 49 N6419 Gx 15p
17 36 05 +68 00 50 N6420 Gx 15p
17 46 08 -33 42 06 N6421 -
17 36 17 +68 01 50 N6422 Gx 15p
17 36 41 +68 08 50 N6423 Gx 15p
17 36 09 +69 58 50 N6424 Gx 15p
17 47 13 -31 32 06 N6425 OC 8 7.2
17 45 09 +02 59 53 N6426 Gb 3.2 11.2
17 43 48 +25 28 53 N6427 Gx 14p
17 44 06 +25 31 53 N6428 -
17 44 12 +25 20 53 N6429 Gx 14p
17 44 49 +18 08 53 N6430 At
17 44 30 +25 29 53 N6431 -
17 47 42 -24 53 06 N6432
17 44 10 +36 45 53 N6433 Gx 14p
17 36 43 +72 04 50 N6434 Gx 13p
17 40 09 +62 36 51 N6435 Gx 15p
17 41 16 +60 26 52 N6436 Gx 15p
17 49 26 -35 26 05 N6437 -
18 27 38 -85 24 49 N6438 Gx 2.6 13p
17 48 35 -16 29 05 N6439 Pl 0.1 14p
17 49 12 -20 22 05 N6440 Gb 5.4 9.7
17 50 32 -37 03 04 N6441 Gb 7.8 7.4
17 47 07 +20 44 54 N6442 Gx 14p
17 44 44 +48 04 53 N6443 Gx 15p
17 49 50 -34 49 05 N6444 OC 12
17 49 30 -20 01 05 N6445 Pl 0.6 13p
17 46 17 +35 32 54 N6446 Gx 15p
17 46 29 +35 32 54 N6447 Gx 14p
17 44 24 +53 31 53 N6448 -
17 43 47 +56 46 53 N6449 Gx 14p
17 47 43 +18 34 55 N6450 -
17 51 01 -30 13 04 N6451 OC 8 8p
17 48 13 +20 50 55 N6452 Gx 15p
17 51 14 -34 36 04 N6453 Gb 3.5 9.9
17 45 00 +55 41 53 N6454 Gx 1.4 15p
17 52 20 -35 23 03 N6455 -
17 42 23 +67 33 52 N6456 Gx 15p
17 42 48 +66 27 52 N6457 Gx 14p
17 49 25 +20 48 55 N6458 Gx 15p
17 46 00 +55 44 54 N6459 Gx 16p
17 49 49 +20 45 55 N6460 Gx 14p
17 38 35 +73 29 51 N6461 Gx 15p
17 44 45 +61 52 53 N6462 Gx 14p
17 43 29 +67 34 53 N6463 Gx 15p
17 45 51 +60 52 54 N6464 Gx 15p
17 53 13 -25 24 03 N6465
17 48 19 +51 25 55 N6466 Gx 15p
17 50 55 +17 31 56 N6467 Gx 2.7 15p
17 50 55 +17 31 56 N6468 Gx 2.3 14p
17 53 12 -22 21 03 N6469 OC 12 8p
17 44 05 +67 33 53 N6470 Gx 15p
17 44 05 +67 33 53 N6471 Gx 15p
17 44 11 +67 35 53 N6472 Gx 15p
17 47 05 +57 19 54 N6473 Gx 15p
17 46 59 +57 19 54 N6474 -
17 54 14 -34 49 03 N6475 OC 80 3.3
17 54 07 -29 08 03 N6476 -
17 43 53 +67 36 53 N6477 Gx
17 48 43 +51 08 55 N6478 Gx 1.9 14p
17 48 24 +54 09 55 N6479 Gx 14p
17 54 55 -30 26 02 N6480 -
17 53 03 +04 09 57 N6481 D*
17 52 01 +23 03 56 N6482 Gx 2.3 11.3
17 59 59 -63 40 00 N6483 Gx
17 51 54 +24 29 56 N6484 Gx 13p
17 51 59 +31 27 56 N6485 Gx 14p
17 52 48 +29 49 57 N6486 Gx 15p
17 52 54 +29 50 57 N6487 Gx 14p
17 49 21 +62 13 55 N6488 Gx 14p
17 50 04 +60 05 56 N6489 Gx 15p
17 54 43 +18 22 58 N6490 Gx 14p
17 50 09 +61 31 56 N6491 Gx 14p
18 03 19 -66 24 59 N6492 Gx
17 50 27 +61 32 56 N6493 Gx 1.4
17 57 06 -19 01 01 N6494 OC 27 5.5
17 55 01 +18 19 58 N6495 Gx 14p
17 59 22 -44 16 00 N6496 Gb 6.9 9.2
17 51 16 +59 29 56 N6497 Gx 14p
17 51 04 +59 28 56 N6498 -
17 55 31 +18 22 58 N6499 D*
17 56 13 +18 19 58 N6500 Gx 2.5 13p
17 56 19 +18 21 58 N6501 Gx 2.0 12.3
18 04 42 -65 24 58 N6502 Gx 1.2
17 49 21 +70 08 55 N6503 Gx 6.2 10.2
17 56 11 +33 11 58 N6504 Gx 2.5 13p
17 51 19 +65 32 56 N6505 Gx 15p
18 00 06 -24 39 00 N6506 -
17 59 53 -17 24 00 N6507 OC 7 10p
17 49 49 +72 01 56 N6508 Gx 14p
17 59 39 +06 17 00 N6509 Gx 2.3 13p
17 54 03 +60 47 57 N6510
17 54 45 +60 47 58 N6511
17 54 50 +62 38 58 N6512 Gx 15p
17 59 42 +24 54 00 N6513 Gx 14p
18 02 36 -23 01 59 N6514 CN 29 6.3
17 57 31 +50 43 59 N6515 Gx 14p
17 55 14 +62 39 58 N6516 Gx 15p
18 02 04 -08 57 59 N6517 Gb 4.3 10.3
17 59 54 +28 52 00 N6518 Gx 15p
18 03 43 -29 47 59 N6519 -
18 03 43 -27 53 59 N6520 OC 6 8p
17 55 50 +62 36 58 N6521 Gx 14p
18 03 55 -30 01 58 N6522 Gb 5.6 8.6
18 04 06 -24 22 58 N6523 Nb 90 5.8
17 59 20 +45 55 00 N6524 Gx 14p
18 02 20 +11 03 01 N6525 -
18 02 54 -23 34 59 N6526 Nb 40
18 02 01 +19 44 01 N6527 Gx 15p
18 05 07 -30 02 58 N6528 Gb 3.7 9.5
18 05 50 -36 17 58 N6529 -
18 05 06 -24 19 58 N6530 OC 15 4.6
18 04 54 -22 29 58 N6531 OC 13 5.9
17 59 11 +56 13 00 N6532 Gx 15p
18 05 24 -24 52 58 N6533 -
17 56 01 +64 18 58 N6534 Gx 15p
18 04 03 -00 17 58 N6535 Gb 3.6 10.6
17 57 19 +64 55 59 N6536 Gx 14p
18 05 30 -19 50 58 N6537 Pl 0.2 13p
17 54 05 +73 24 57 N6538 Gx 14p
18 05 04 -07 34 58 N6539 Gb 6.9 9.6
18 06 37 -27 48 57 N6540 OC 1 15p
18 08 22 -43 41 57 N6541 Gb 13.1 6.6
17 59 45 +61 22 00 N6542 Gx 1.5 14p
17 58 36 +66 37 59 N6543 Pl 5.8 9p
18 07 36 -24 59 57 N6544 Gb 8.9 8.3
18 12 47 -63 45 55 N6545 Gx
18 07 30 -23 19 57 N6546 OC 13 8.0
18 05 18 +25 13 02 N6547 Gx 14p
18 06 13 +18 35 03 N6548 Gx 13p
18 06 01 +18 32 03 N6549 Gx 15p
18 06 13 +18 35 03 N6550 Gx 13p
18 09 19 -29 32 56 N6551 -
18 00 06 +66 36 00 N6552 Gx 14p
18 09 37 -25 53 56 N6553 Gb 8.1 8.3
18 09 24 -18 25 56 N6554 -
18 08 01 +17 36 03 N6555 Gx 2.1 12p
18 10 19 -27 30 56 N6556
18 22 07 -76 33 51 N6557 Gx
18 10 38 -31 45 55 N6558 Gb 3.7
18 10 18 -24 05 56 N6559 Nb 8
18 05 26 +46 52 02 N6560 Gx 1.3 14p
18 10 47 -16 47 55 N6561 -
18 04 59 +56 15 02 N6562 Gx 14p
18 12 20 -33 51 55 N6563 Pl 0.8 14p
18 09 19 +17 24 04 N6564 -
18 12 13 -28 10 55 N6565 Pl 0.2 13p
18 07 07 +52 16 03 N6566 Gx 15p
18 14 00 -19 04 54 N6567 Pl 0.1 12p
18 13 06 -21 35 54 N6568 OC 13 9p
18 13 56 -31 49 54 N6569 Gb 5.8 8.7
18 11 20 +14 06 05 N6570 Gx 1.8 13p
18 11 07 +21 14 05 N6571 Gx 15p
18 12 21 +06 51 05 N6572 Pl 0.1 9p
18 14 06 -22 09 54 N6573 -
18 12 08 +14 59 05 N6574 Gx 1.4 12.0
18 10 59 +31 05 05 N6575 Gx 14p
18 12 01 +21 25 05 N6576 Gx 15p
18 12 19 +21 28 05 N6577 Gx 14p
18 16 36 -20 26 53 N6578 Pl 0.2 13p
18 12 31 +21 26 05 N6579
18 12 37 +21 26 05 N6580
18 12 48 +25 25 06 N6581 Gx 15p
18 11 07 +49 53 05 N6582 Gx 15p
18 16 06 -22 07 53 N6583 OC 3 10p
18 19 00 -52 12 52 N6584 Gb 7.9 9.2
18 12 34 +39 37 05 N6585 Gx 13p
18 13 55 +21 05 06 N6586 Gx 14p
18 14 07 +18 50 06 N6587 Gx 2.3 12.1
18 21 59 -63 47 51 N6588
18 17 12 -19 45 53 N6589 5
18 17 18 -19 52 53 N6590 CN 4
18 14 13 +21 02 06 N6591 Gx
18 09 57 +61 25 04 N6592 Gx 15p
18 14 25 +22 17 06 N6593 Gx 15p
18 10 15 +61 07 04 N6594 Gx 15p
18 17 18 -19 52 53 N6595 OC 11 7p
18 17 47 -16 39 52 N6596 OC
18 11 21 +61 10 05 N6597 Gx 15p
18 08 46 +69 04 04 N6598 Gx 14p
18 15 48 +24 56 07 N6599 Gx 13p
18 15 54 +25 02 07 N6600 -
18 11 57 +61 26 05 N6601 Gx 15p
18 16 48 +25 02 07 N6602 Gx 14p
18 18 42 -18 24 52 N6603 OC 5 11p
18 18 23 -12 13 52 N6604 CN 60 6.5
18 17 23 -14 57 53 N6605 OC 6p
18 14 51 +43 16 06 N6606 Gx 14p
18 12 21 +61 19 05 N6607 Gx 15p
18 12 39 +61 19 06 N6608 Gx 15p
18 12 39 +61 19 06 N6609 Gx 15p
18 17 26 +15 00 08 N6610 -
18 19 05 -13 46 52 N6611 CN 35 6.0
18 16 23 +36 05 07 N6612 Gx 15p
18 20 11 -17 07 51 N6613 OC 9 6.9
18 25 41 -63 13 49 N6614 Gx
18 18 50 +13 16 08 N6615 Gx 1.2 15p
18 18 01 +22 15 08 N6616 Gx 15p
18 14 09 +61 19 06 N6617 Gx 15p
18 21 05 -16 10 51 N6618 CN 46 6.0
18 19 00 +23 40 08 N6619 Gx 14p
18 23 13 -26 48 50 N6620 Pl 0.1 15p
18 12 53 +68 22 06 N6621 Gx 2.5 13.1
18 12 59 +68 20 06 N6622 Gx 13p
18 19 42 +23 43 09 N6623 Gx 14p
18 24 01 -30 21 50 N6624 Gb 5.9 8.3
18 23 29 -12 02 50 N6625 OC 9p
18 24 48 -24 51 49 N6626 Gb 11.2 6.9
18 22 56 +15 42 10 N6627 Gx 1.5 13.2
18 22 24 +23 29 10 N6628 Gx 15p
18 26 00 -23 11 49 N6629 Pl 0.3 12p
18 33 05 -63 16 46 N6630 Gx
18 27 29 -12 01 48 N6631 OC 5 12p
18 25 12 +27 32 11 N6632 Gx 3.1 13p
18 27 57 +06 34 12 N6633 OC 27 4.6
18 30 14 -33 24 47 N6634 -
18 27 50 +14 49 12 N6635 Gx 1.3 15p
18 22 00 +66 38 10 N6636 Gx 14p
18 31 44 -32 20 46 N6637 Gb 7.1 7.7
18 31 13 -25 29 47 N6638 Gb 5.0 9.2
18 30 23 -13 11 47 N6639 OC
18 28 17 +34 18 12 N6640 Gx 14p
18 29 01 +22 54 13 N6641 Gx 14p
18 32 12 -23 28 46 N6642 Gb 4.5 8.8
18 19 39 +74 34 09 N6643 Gx 3.9 11.1
18 32 54 -25 07 46 N6644 Pl 0.1 12p
18 32 53 -16 53 46 N6645 OC 10 9p
18 29 46 +39 52 13 N6646 Gx 13p
18 31 47 -17 20 46 N6647 OC 8p
18 25 37 +64 59 11 N6648 -
18 33 47 -10 23 45 N6649 OC 6 8.9
18 25 23 +68 00 11 N6650 Gx 15p
18 24 13 +71 36 11 N6651 Gx 1.8 14p
18 36 08 -32 58 44 N6652 Gb 3.5 8.9
18 45 13 -73 15 41 N6653 Gx 1.8
18 23 59 +73 11 11 N6654 Gx 3.0 11.6
18 35 04 -05 58 45 N6655 -
18 36 42 -23 53 44 N6656 Gb 24.0 5.1
18 33 11 +34 02 14 N6657 Gx 14p
18 34 07 +22 53 15 N6658 Gx 1.9 12.9
18 34 06 +23 34 15 N6659 -
18 34 49 +22 55 15 N6660
18 34 49 +22 55 15 N6661 Gx 2.0 11.9
18 34 11 +32 03 15 N6662 Gx 15p
18 33 40 +40 03 15 N6663 Gx 15p
18 36 58 -08 12 44 N6664 OC 16 7.8
18 34 41 +30 42 15 N6665 Gx 14p
18 35 29 +33 35 15 N6666
18 30 41 +67 59 13 N6667 Gx 2.6 12p
18 33 18 +67 08 15 N6668
18 38 13 +22 04 17 N6669 Gx
18 33 34 +59 53 15 N6670 Gx 15p
18 37 36 +26 24 16 N6671 Gx 14p
18 33 57 +42 48 15 N6672 Gx 15p
18 45 34 -62 16 40 N6673 Gx
18 38 48 +25 23 17 N6674 Gx 4.2 12.1
18 37 34 +40 04 16 N6675 Gx 13p
18 33 12 +66 57 14 N6676 Gx 15p
18 33 36 +67 08 15 N6677 Gx 13p
18 33 11 +67 51 14 N6678 -
18 33 36 +67 08 15 N6679 Gx 13p
18 40 01 +22 18 17 N6680 Gx 15p
18 43 32 -32 17 41 N6681 Gb 7.8 8.1
18 41 52 -04 45 42 N6682 -
18 42 28 -06 16 42 N6683 OC 11 10p
18 49 29 -65 10 39 N6684 Gx 3.7 10.5
18 40 04 +39 59 17 N6685
18 40 16 +40 08 17 N6686 Gx 15p
18 37 16 +59 37 16 N6687 Gx 15p
18 40 53 +36 16 18 N6688 Gx 14p
18 34 51 +70 32 15 N6689 Gx 3.9 12p
18 34 45 +70 32 15 N6690 Gx 3.8 13p
18 39 24 +55 38 17 N6691 Gx 1.7 14p
18 41 53 +34 49 18 N6692 Gx 14p
18 41 46 +36 55 18 N6693 S*
18 45 28 -09 23 40 N6694 OC 15 8.0
18 42 52 +40 24 19 N6695 Gx 14p
18 40 04 +59 19 17 N6696 Gx 16p
18 45 24 +25 31 20 N6697 Gx 14p
18 48 31 -25 54 39 N6698 -
18 52 32 -57 18 37 N6699 Gx 1.9 13p
18 46 11 +32 17 20 N6700 Gx 14p
18 43 16 +60 40 19 N6701 Gx 1.8 13p
18 47 09 +45 42 20 N6702 Gx 2.1 12.2
18 47 27 +45 33 21 N6703 Gx 2.6 11.4
18 51 10 -05 11 38 N6704 OC 6 9.2
18 51 22 -06 15 38 N6705 OC 14 5.8
18 57 22 -63 09 35 N6706 Gx 1.5
18 55 48 -53 48 36 N6707 Gx
18 56 00 -53 42 36 N6708 Gx
18 51 44 +10 21 22 N6709 OC 13 6.7
18 50 48 +26 50 22 N6710 Gx 2.0 12.8
18 49 08 +47 39 21 N6711 Gx 1.3 14p
18 53 22 -08 41 37 N6712 Gb 7.2 8.2
18 50 53 +33 57 22 N6713 Gx 14p
18 45 54 +66 44 20 N6714 -
18 55 25 -30 28 36 N6715 Gb 9.1 7.7
18 54 54 -19 52 36 N6716 OC 7 6.9
18 55 24 -22 41 36 N6717 Gb 3.9
19 02 00 -66 06 33 N6718 Gx 1.5
19 03 38 -68 34 33 N6719 Gx 1.6
18 53 47 +33 02 23 N6720 Pl 2.5 9.0
19 01 14 -57 46 34 N6721 Gx 1.9 12.0
19 04 11 -64 53 33 N6722 Gx 2.9
18 59 56 -36 37 34 N6723 Gb 11.0 7.3
18 57 14 +10 22 25 N6724 -
19 02 12 -53 55 33 N6725 Gx
19 02 02 -36 52 33 N6726 Nb 2
19 02 08 -36 53 33 N6727 Nb
19 00 16 -08 56 34 N6728 -
19 02 14 -36 56 33 N6729 Nb 1
19 08 08 -68 54 31 N6730 Gx 1.5
18 57 09 +43 04 25 N6731 -
18 56 31 +52 22 24 N6732 Gx 14p
19 06 40 -62 11 31 N6733 Gx 1.7
19 07 41 -65 27 31 N6734 Gx 1.4
19 01 03 -00 27 34 N6735 OC
19 07 59 -65 25 31 N6736 Gx 1.2
19 02 30 -18 31 33 N6737 -
19 01 38 +11 36 27 N6738 OC 15 8p
19 08 15 -61 21 31 N6739 Gx 2.2
19 01 00 +28 45 26 N6740 Gx 15p
19 02 51 -00 26 33 N6741 Pl 0.1 11p
18 59 26 +48 28 26 N6742 Pl 0.5 15p
19 01 36 +29 16 27 N6743 ?
19 10 16 -63 50 30 N6744 Gx 15.5 9p
19 01 46 +40 45 27 N6745 Gx 13p
19 10 51 -61 57 30 N6746 Gx 1.4
18 55 12 +72 47 24 N6747 Gx 15p
19 04 01 +21 36 28 N6748 -
19 05 21 +01 47 28 N6749 Gb 6.3 11.1
19 00 47 +59 10 26 N6750 Gx 13p
19 06 10 -05 59 32 N6751 Pl 0.3 13p
19 11 20 -59 58 29 N6752 Gb 20.4 5.4
19 11 49 -57 02 29 N6753 Gx 2.5 12p
19 11 47 -50 38 29 N6754 Gx 2.2 13p
19 08 03 +04 14 29 N6755 OC 15 7.5
19 08 57 +04 41 30 N6756 OC 4 11p
19 05 12 +55 43 28 N6757 Gx 14p
19 14 19 -56 18 28 N6758 Gx 2.1 13p
19 07 02 +50 19 29 N6759 Gx 15p
19 11 27 +01 02 31 N6760 Gb 6.6 9.1
19 15 41 -50 39 28 N6761 Gx 2.2
19 05 38 +63 56 28 N6762 Gx 14p
19 05 38 +63 56 28 N6763 Gx 14p
19 08 26 +50 56 29 N6764 Gx 2.5 13p
19 11 18 +30 33 31 N6765 Pl 0.6
19 10 03 +46 15 30 N6766 -
19 11 46 +37 43 31 N6767 -
19 16 51 -40 10 27 N6768 Gx
19 18 51 -60 30 26 N6769 Gx 2.5 11.8
19 19 09 -60 30 26 N6770 Gx 2.5 12.0
19 19 09 -60 32 26 N6771 Gx 2.6 12.5
19 14 52 -02 41 28 N6772 Pl 1.0 14p
19 15 15 +04 53 32 N6773 -
19 16 53 -16 15 27 N6774 OC
19 17 03 -00 54 27 N6775 At
19 25 52 -63 51 24 N6776 Gx 1.9 12.0
19 27 22 -71 29 23 N6777
19 18 40 -01 35 26 N6778 Pl 0.3 13p
19 16 48 +30 11 33 N6779 Gb 7.1 8.3
19 23 19 -55 46 25 N6780 Gx 1.9 13p
19 18 39 +06 33 34 N6781 Pl 1.8 12p
19 24 26 -59 54 24 N6782 Gx 2.7 13p
19 16 45 +46 01 33 N6783 Gx 15p
19 27 05 -65 36 23 N6784 Gx 0.8
19 21 09 -01 05 25 N6785
19 10 48 +73 24 31 N6786 Gx 13p
19 16 22 +60 25 33 N6787 Gx 15p
19 27 18 -54 56 23 N6788
19 16 44 +64 00 33 N6789 Gx 13p
19 23 27 +01 31 36 N6790 Pl 0.1 10p
19 20 53 +37 51 35 N6791 OC 16 9.5
19 21 10 +43 08 35 N6792 Gx 13p
19 23 25 +22 11 36 N6793 OC
19 28 14 -38 52 23 N6794 Gx
19 26 21 +03 31 37 N6795 -
19 21 34 +61 09 35 N6796 Gx 2.1 14p
19 29 12 -25 39 22 N6797 -
19 24 07 +53 38 36 N6798 Gx 14p
19 32 42 -55 53 21 N6799 Gx 1.5
19 27 24 +25 08 37 N6800 OC
19 27 49 +54 22 37 N6801 Gx 15p
19 30 49 +20 16 39 N6802 OC 3 8.8
19 31 32 +10 03 39 N6803 Pl 0.1 11p
19 31 50 +09 13 39 N6804 Pl 1.1 12p
19 37 08 -37 32 19 N6805 Gx 1.2
19 37 33 -42 18 19 N6806 Gx
19 34 51 +05 41 40 N6807 Pl 14p
19 44 26 -70 38 16 N6808 Gx 1.7 13p
19 40 19 -30 57 18 N6809 Gb 19.0 7.0
19 44 01 -58 39 16 N6810 Gx 3.8 12p
19 38 21 +46 34 42 N6811 OC 13 6.8
19 45 48 -55 20 16 N6812 Gx 2.1
19 40 36 +27 18 43 N6813 Nb 3
19 42 58 -10 18 17 N6814 Gx 3.2 11.2
19 41 06 +26 51 43 N6815 OC
19 44 19 -28 32 16 N6816
19 37 28 +62 22 41 N6817 Gx 15p
19 44 17 -14 08 16 N6818 Pl 0.3 10p
19 41 28 +40 11 43 N6819 OC 5 7.3
19 43 19 +23 17 44 N6820 Nb 40
19 44 40 -06 49 16 N6821 Gx 1.1 14p
19 45 11 -14 47 16 N6822 Gx 10.2 9p
19 43 19 +23 18 44 N6823 OC 12 7.1
19 43 48 +56 07 44 N6824 Gx 2.1 11.9
19 41 45 +64 05 43 N6825 Gx 15p
19 44 56 +50 31 44 N6826 Pl 2.3 10p
19 49 07 +21 13 46 N6827 OC
19 50 39 +07 55 46 N6828 -
19 47 11 +59 55 45 N6829 Gx 15p
19 51 13 +23 04 47 N6830 OC 12 7.9
19 47 59 +59 54 45 N6831 Gx 14p
19 48 11 +59 25 46 N6832 -
19 49 51 +48 58 46 N6833 Pl <0.1 14p
19 52 24 +29 25 47 N6834 OC 5 7.8
19 54 47 -12 33 12 N6835 Gx 2.7 12.5
19 54 59 -12 40 12 N6836 Gx 1.2 13p
19 53 44 +11 41 48 N6837 OC
19 54 01 +18 47 48 N6838 Gb 7.2 8.3
19 54 43 +17 54 48 N6839 -
19 55 32 +12 06 48 N6840 OC
19 58 07 -31 48 11 N6841 Gx 1.5
19 55 12 +29 17 48 N6842 Pl 0.8 14p
19 56 20 +12 09 49 N6843 OC
20 03 16 -65 13 09 N6844 Gx 1.6
20 01 16 -47 04 10 N6845 Gx
19 56 42 +30 21 49 N6846 OC 14p
19 57 12 +29 20 49 N6847 -
20 03 12 -56 04 09 N6848 Gx 2.5
20 01 38 -40 12 09 N6849
20 03 54 -54 50 09 N6850 Gx
20 03 58 -48 16 09 N6851 Gx 1.8 13p
20 00 51 +01 43 50 N6852 Pl 0.5
19 59 49 +22 43 50 N6853 Pl 15.2 8.1
20 06 05 -54 22 08 N6854 Gx 2.3 13p
20 07 12 -56 23 07 N6855 Gx
19 59 25 +56 08 50 N6856 -
20 02 06 +33 31 51 N6857 Pl
20 03 20 +11 16 51 N6858 -
20 04 09 +00 26 52 N6859 T*
20 09 14 -61 05 07 N6860 Gx 1.6
20 07 40 -48 21 07 N6861 Gx 2.7 11.1
20 09 18 -56 23 07 N6862 Gx 1.9
20 05 22 -03 33 08 N6863 At
20 06 24 -21 54 08 N6864 Gb 6.0 8.6
20 06 16 -09 01 08 N6865 Gx
20 03 52 +44 00 52 N6866 OC 7 7.6
20 10 47 -54 46 06 N6867 Gx
20 10 16 -48 22 06 N6868 Gx 2.7 12p
20 00 44 +66 13 50 N6869 Gx 1.7 13p
20 10 34 -48 16 06 N6870 Gx 2.5 12.2
20 06 05 +35 47 52 N6871 OC 20 5.2
20 17 25 -70 45 04 N6872 Gx 4.7 11.6
20 08 31 +21 06 53 N6873 D*
20 07 59 +38 14 53 N6874 -
20 13 33 -46 08 05 N6875 Gx 2.5 13p
20 18 49 -70 51 03 N6876 Gx 2.4 13p
20 19 07 -70 50 03 N6877 Gx 1.4 12.7
20 14 15 -44 30 05 N6878 Gx 1.7 13.4
20 10 44 +16 55 54 N6879 Pl 0.1 13p
20 20 01 -70 51 03 N6880 Gx 2.1
20 10 59 +37 25 54 N6881 Pl 0.1 14p
20 11 55 +26 33 54 N6882 OC 18 8.1
20 11 29 +35 51 54 N6883 OC 15 8p
20 10 33 +46 28 54 N6884 Pl 0.1 13p
20 12 13 +26 29 55 N6885 OC 7 6p
20 12 55 +19 59 55 N6886 Pl 0.1 12p
20 17 35 -52 46 04 N6887 Gx 4.1 12p
20 12 11 +38 21 55 N6888 Nb 20
20 19 17 -53 56 03 N6889 Gx 1.9
20 18 39 -44 47 03 N6890 Gx 1.5 12.5
20 15 26 +12 42 56 N6891 Pl 1.2 12p
20 17 02 +18 02 56 N6892 -
20 21 09 -48 13 02 N6893 Gx 2.8 13p
20 16 36 +30 34 56 N6894 Pl 0.7 14p
20 16 33 +50 14 56 N6895 -
20 18 12 +30 39 57 N6896 -
20 21 17 -12 15 02 N6897 Gx 15p
20 21 29 -12 20 02 N6898 Gx 14p
20 24 46 -50 25 01 N6899 Gx 1.9
20 21 52 -02 33 02 N6900 Gx 14p
20 22 33 +06 27 58 N6901 Gx 15p
20 24 51 -43 38 01 N6902 Gx 2.2 13p
20 23 53 -19 18 01 N6903 Gx 13p
20 22 01 +25 45 58 N6904 -
20 22 37 +20 07 58 N6905 Pl 1.7 12p
20 23 51 +06 27 59 N6906 Gx 1.8 12.7
20 25 24 -24 48 01 N6907 Gx 3.4 11.3
20 25 30 -24 47 01 N6908 -
20 28 03 -47 01 00 N6909 Gx 2.3 13p
20 23 17 +40 47 59 N6910 OC 8 7.4
20 19 39 +66 45 57 N6911 Gx 15p
20 27 11 -18 37 00 N6912 Gx 1.6 14p
20 24 05 +38 32 59 N6913 OC 7 6.6
20 24 52 +42 29 59 N6914 Nb 13
20 28 04 -03 04 00 N6915 Gx 1.2
20 23 37 +58 22 59 N6916 Gx 15p
20 27 39 +08 07 00 N6917 Gx 14p
20 31 09 -47 26 59 N6918 Gx 1.0
20 31 57 -44 11 58 N6919 Gx
20 44 38 -79 58 54 N6920 Gx 1.8
20 28 43 +25 44 00 N6921 Gx 1.1 15p
20 30 10 -02 09 59 N6922 Gx 14p
20 32 01 -30 48 58 N6923 Gx 2.5 12.1
20 33 30 -25 28 58 N6924 Gx 14p
20 34 37 -31 57 58 N6925 Gx 4.1 11.3
20 33 22 -01 59 58 N6926 Gx 2.1 12.4
20 32 50 +09 56 02 N6927 Gx 0.6 14.5
20 33 02 +09 57 02 N6928 Gx 2.2 12.6
20 33 40 -02 00 58 N6929 Gx 0.9 13.5
20 33 14 +09 53 02 N6930 Gx 1.4 13.1
20 33 52 -11 21 58 N6931 Gx 14p
20 42 39 -73 35 55 N6932 Gx 2.0
20 33 51 +07 24 02 N6933 D*
20 34 27 +07 25 02 N6934 Gb 5.9 8.9
20 38 46 -52 04 56 N6935 Gx 2.0 13p
20 36 12 -25 15 57 N6936
20 39 10 -52 07 56 N6937 Gx 3.0
20 35 01 +22 16 03 N6938 -
20 31 30 +60 39 01 N6939 OC 8 7.8
20 34 49 +28 19 03 N6940 OC 31 6.3
20 36 34 -04 36 57 N6941 Gb 13p
20 41 10 -54 17 55 N6942 Gx 2.6 13p
20 44 58 -68 43 54 N6943 Gx 4.1 12p
20 38 39 +07 01 04 N6944 Gx 1.7 13.3
20 39 10 -04 59 56 N6945 Gx 13p
20 34 54 +60 10 03 N6946 Gx 11.0 8.9
20 41 37 -32 27 55 N6947 Gx 2.0
20 43 52 -53 19 54 N6948 Gx 2.5
20 35 10 +64 49 03 N6949 Gx 15p
20 41 26 +16 39 05 N6950 -
20 37 16 +66 07 03 N6951 Gx 3.8 11.1
20 37 04 +66 07 03 N6952 Gx
20 37 46 +65 47 04 N6953
20 44 21 +03 14 06 N6954 Gx 1.1 13.2
20 44 39 +02 36 06 N6955 Gx 15p
20 44 14 +12 32 06 N6956 Gx 2.1 14p
20 45 09 +02 35 06 N6957 Gx 15p
20 48 55 -37 58 53 N6958 Gx 2.4 12p
20 47 21 +00 28 07 N6959 Gx 14p
20 45 54 +30 44 06 N6960 Nb 70
20 47 27 +00 24 07 N6961 Gx 15p
20 47 33 +00 20 07 N6962 Gx 3.0 12.0
20 47 33 +00 30 07 N6963 Gx 0.7 14.1
20 47 39 +00 19 07 N6964 Gx 1.9 12.7
20 47 39 +00 31 07 N6965
20 47 39 +00 23 07 N6966 D*
20 47 51 +00 26 07 N6967 Gx 14p
20 48 40 -08 18 53 N6968 Gx 14p
20 48 39 +07 46 07 N6969 Gx 15p
20 52 27 -48 46 52 N6970 Gx 1.2 12.7
20 49 39 +06 01 08 N6971 Gx 15p
20 50 15 +09 55 08 N6972 Gx 1.4 14p
20 52 22 -05 51 52 N6973 S*
20 51 00 +31 53 08 N6974 Nb
20 52 40 -05 44 52 N6975 Gx
20 52 40 -05 44 52 N6976 Gx 14p
20 52 46 -05 42 51 N6977 Gx 14p
20 52 52 -05 41 51 N6978 Gx 1.9 14p
20 51 12 +32 10 08 N6979 Nb
20 53 04 -05 47 51 N6980 S*
20 53 46 -12 30 51 N6981 Gb 5.9 9.4
20 57 45 -51 49 50 N6982 Gx
20 57 08 -43 56 50 N6983 Gx
20 58 15 -51 50 50 N6984 Gx 1.7 13p
20 56 16 -11 03 50 N6985 -
20 36 53 -18 36 57 N6986
20 58 21 -48 35 50 N6987 Gx
20 56 02 +10 33 10 N6988 Gx 15p
20 54 16 +45 18 09 N6989 -
21 00 16 -55 32 49 N6990 Gx 1.1
20 56 46 +47 26 10 N6991 OC
20 56 36 +31 44 10 N6992 Nb 60
20 59 48 -25 39 49 N6993 -
20 59 16 -12 36 49 N6994 OC 3 9p
20 57 18 +31 14 10 N6995 Nb 12
20 56 34 +45 29 10 N6996 OC
20 56 41 +44 39 10 N6997 OC 15 10p
21 01 54 -27 59 49 N6998 Gx
21 02 18 -28 02 49 N6999 Gx 0.9
