20 58 59 +44 21 10 N7000 Nb 120
21 01 27 -00 09 49 N7001 Gx 14p
21 03 57 -48 59 48 N7002 Gx
21 01 02 +17 49 11 N7003 Gx 14p
21 04 15 -49 05 48 N7004 Gx
21 02 16 -12 51 49 N7005 OC
21 01 44 +16 12 11 N7006 Gb 2.8 10.6
21 05 51 -52 31 47 N7007 Gx 1.9 13p
21 00 45 +54 34 11 N7008 Pl 1.4 13p
21 04 28 -11 20 48 N7009 Pl 1.7 8p
21 04 58 -12 18 48 N7010 Gx 14p
21 02 04 +47 20 11 N7011 -
21 07 08 -44 47 47 N7012 Gx 3.2
21 03 49 +29 55 12 N7013 Gx 4.9 12p
21 08 14 -47 09 47 N7014 Gx 1.9 12.3
21 05 56 +11 26 13 N7015 Gx 2.0 13p
21 07 42 -25 28 47 N7016 Gx 15p
21 07 48 -25 28 47 N7017 Gx 15p
21 07 54 -25 26 47 N7018 Gx 14p
21 06 41 -24 23 47 N7019 Gx 0.7
21 11 49 -64 01 46 N7020 Gx 4.3 12p
21 11 43 -64 00 46 N7021
21 09 51 -49 16 46 N7022 Gx
21 00 34 +68 11 11 N7023 CN 18 7p
21 06 11 +41 31 13 N7024 -
21 08 08 +16 21 13 N7025 Gx 14p
21 06 28 +47 52 13 N7026 Pl 0.4 13p
21 07 17 +42 15 13 N7027 Pl 0.3 10p
21 08 32 +18 30 13 N7028 -
21 12 15 -49 15 46 N7029 Gx 1.4 11.8
21 11 29 -20 28 46 N7030 Gx
21 07 28 +50 51 13 N7031 OC 5 9.1
21 15 50 -68 15 45 N7032 Gx 1.1
21 09 50 +15 08 14 N7033 Gx 15p
21 09 56 +15 10 14 N7034 Gx 15p
21 11 05 -23 06 46 N7035 Gx 1.2
21 10 26 +15 28 14 N7036 -
21 10 54 +33 44 14 N7037 -
21 15 32 -47 11 45 N7038 Gx 3.0 12p
21 11 23 +45 40 14 N7039 OC 25 7.6
21 13 27 +08 52 15 N7040 Gx 15p
21 16 50 -48 20 44 N7041 Gx 3.9 11.1
21 14 02 +13 34 15 N7042 Gx 2.2 13p
21 14 20 +13 37 15 N7043 Gx 15p
21 13 05 +42 30 15 N7044 OC 11p
21 15 03 +04 32 15 N7045 D*
21 15 09 +02 51 15 N7046 Gx 2.0 14p
21 16 45 -00 48 44 N7047 Gx 14p
21 14 23 +46 17 15 N7048 Pl 1.0 11p
21 19 20 -48 32 44 N7049 Gx 2.8 10.7
21 15 18 +36 13 15 N7050 -
21 20 04 -08 45 43 N7051 Gx 14p
21 18 49 +26 28 16 N7052 Gx 2.8 14p
21 21 20 +23 05 17 N7053 Gx 14p
21 20 54 +39 11 17 N7054 -
21 19 33 +57 36 17 N7055 -
21 22 26 +18 40 17 N7056 Gx 14p
21 25 19 -42 27 42 N7057 Gx
21 21 10 +50 49 17 N7058 -
21 27 47 -59 59 41 N7059 Gx 3.2 13p
21 26 13 -42 22 42 N7060 Gx
21 27 44 -49 02 41 N7061 Gx 1.5
21 23 23 +46 24 18 N7062 OC 7 8.3
21 24 36 +36 31 18 N7063 OC 8 7.0
21 29 21 -52 44 41 N7064 Gx 4.1 13p
21 26 58 -06 58 41 N7065 Gx 1.4
21 26 26 +14 11 18 N7066 Gx 15p
21 24 23 +48 02 18 N7067 OC 3 9.7
21 26 50 +12 14 19 N7068 Gx 15p
21 28 21 -01 36 41 N7069 Gx 15p
21 30 49 -43 04 40 N7070 Gx 2.1 12.3
21 26 41 +47 58 19 N7071 -
21 30 55 -43 07 40 N7072 Gx 0.8 13.9
21 29 46 -11 26 41 N7073 Gx 14p
21 29 45 +06 43 19 N7074 Gx
21 31 49 -38 34 40 N7075 Gx
21 26 25 +62 54 19 N7076 Nb 2
21 30 09 +02 26 19 N7077 Gx 0.8 14p
21 30 14 +12 11 20 N7078 Gb 12.3 6.4
21 32 49 -44 03 40 N7079 Gx 2.8 11.6
21 30 13 +26 44 20 N7080 Gx 2.0 14p
21 31 39 +02 31 20 N7081 Gx 13p
21 29 35 +47 06 19 N7082 OC 25 7.2
21 36 05 -63 52 39 N7083 Gx 4.5 12p
21 32 02 +17 26 20 N7084 -
21 32 33 +06 37 20 N7085 Gx 15p
21 30 40 +51 36 20 N7086 OC 9 8.4
21 34 55 -40 47 39 N7087 Gx
21 33 39 -00 21 40 N7088 -
21 33 45 -00 47 40 N7089 Gb 12.9 6.5
21 36 51 -54 31 39 N7090 Gx 7.1 11p
21 34 24 -36 36 39 N7091 Gx
21 32 23 +48 27 20 N7092 OC 32 4.6
21 34 59 +46 02 21 N7093 -
21 37 08 +12 48 21 N7094 Pl 1.6
21 40 31 -42 30 38 N7095 Gx 1.6
21 41 41 -63 52 38 N7096 Gx 2.7 13p
21 40 37 -42 30 38 N7097 Gx 2.5 12p
21 47 17 -75 05 36 N7098 Gx 4.4
21 40 41 -23 09 38 N7099 Gb 11.0 7.5
21 39 45 +08 54 22 N7100 Gx 14p
21 39 51 +08 55 22 N7101 ?
21 39 57 +06 18 22 N7102 Gx 1.9 13.1
21 40 11 -22 26 38 N7103 Gx 15p
21 40 23 -22 23 38 N7104 Gx 15p
21 40 46 -10 18 38 N7105 -
21 42 56 -52 40 37 N7106 Gx 1.8
21 42 43 -44 46 37 N7107 Gx 1.9 13p
21 42 40 -06 45 37 N7108 Gx
21 42 12 -34 25 37 N7109 Gx
21 42 30 -34 08 37 N7110 Gx
21 42 04 -06 41 37 N7111 Gx 15p
21 42 33 +12 31 23 N7112 Gx 15p
21 42 39 +12 36 23 N7113 Gx 15p
21 41 54 +42 51 23 N7114 -
21 43 53 -25 19 37 N7115 Gx 14p
21 42 49 +28 58 23 N7116 Gx 14p
21 46 02 -48 22 37 N7117 Gx
21 46 26 -48 19 36 N7118 Gx
21 46 37 -46 29 36 N7119 Gx 1.1 14p
21 44 40 -06 31 37 N7120 Gx 15p
21 45 10 -03 35 37 N7121 Gx 14p
21 45 58 -08 47 37 N7122 D*
21 51 13 -70 18 35 N7123 Gx 3.5
21 48 26 -50 32 36 N7124 Gx 2.7 13p
21 49 40 -60 41 36 N7125 Gx 3.2 13p
21 49 40 -60 35 36 N7126 Gx 2.3 13p
21 44 04 +54 38 23 N7127 OC 3
21 44 10 +53 44 23 N7128 OC 3 9.7
21 41 25 +66 07 22 N7129 CN 8 12p
21 48 36 -34 55 36 N7130 Gx
21 47 58 -13 09 36 N7131 Gx 14p
21 47 27 +10 15 24 N7132 Gx 14p
21 42 43 +66 04 23 N7133 Nb
21 49 10 -12 57 36 N7134 At
21 50 06 -34 51 36 N7135 Gx 2.8 11.7
21 49 58 -11 45 36 N7136 D*
21 48 26 +22 11 24 N7137 Gx 1.5 12.4
21 49 15 +12 31 24 N7138 Gx 15p
21 46 02 +63 40 24 N7139 Pl 1.3
21 52 39 -55 32 35 N7140 Gx
21 52 33 -55 32 35 N7141 Gx
21 46 01 +65 49 24 N7142 OC 4 9.3
21 49 07 +29 58 24 N7143 D*
21 53 01 -48 13 35 N7144 Gx 3.5 10.7
21 53 37 -47 51 35 N7145 Gx 2.5 11.2
21 52 03 +03 02 25 N7146 Gx 15p
21 52 15 +03 05 25 N7147 Gx 15p
21 52 21 +03 21 25 N7148 D*
21 52 27 +03 19 25 N7149 Gx 14p
21 50 35 +49 46 25 N7150 At
21 55 20 -50 38 34 N7151 Gx
21 54 11 -29 14 35 N7152 Gx 14p
21 54 41 -29 00 34 N7153 Gx 14p
21 55 42 -34 47 34 N7154 Gx 1.3
21 56 31 -49 30 34 N7155 Gx 1.9 13p
21 54 51 +02 58 26 N7156 Gx 1.7 13.0
21 57 05 -25 21 34 N7157 Gx 14p
21 57 40 -11 34 34 N7158 T*
21 56 39 +13 35 26 N7159 Gx 15p
21 53 51 +62 37 25 N7160 OC 7 6.1
21 57 15 +02 58 26 N7161 D*
22 00 07 -43 17 33 N7162 Gx 2.8 13p
21 59 35 -31 51 33 N7163 Gx 1.8 13.4
21 56 51 +01 23 26 N7164 Gx
21 59 46 -16 29 33 N7165 Gx 14p
22 01 01 -43 23 33 N7166 Gx 2.4 11.8
22 00 47 -24 36 33 N7167 Gx 13p
22 02 26 -51 43 33 N7168 Gx 2.0 13p
22 03 07 -47 40 33 N7169 Gx 1.0
22 01 40 -05 25 33 N7170
22 01 16 -13 14 33 N7171 Gx 2.8 12.3
22 02 17 -31 50 33 N7172 Gx 2.2 11.9
22 02 17 -31 56 33 N7173 Gx 1.3 12.1
22 02 23 -31 57 33 N7174 Gx 1.3 12.6
21 58 59 +54 50 27 N7175 -
22 02 23 -31 57 33 N7176 Gx 1.3 11.9
22 00 56 +17 45 27 N7177 Gx 3.3 11.2
22 02 48 -35 47 33 N7178 Gx
22 05 10 -64 01 32 N7179 Gx 1.8
22 02 35 -20 31 33 N7180 Gx 1.8 12.5
22 02 03 -01 56 33 N7181 Gx 15p
22 02 10 -02 10 33 N7182 Gx 15p
22 02 40 -18 54 33 N7183 Gx 14p
22 02 59 -20 47 33 N7184 Gx 5.8 12p
22 03 23 -20 26 33 N7185 Gx 14p
22 01 13 +35 07 27 N7186
22 02 59 -32 46 33 N7187 Gx 1.7
22 03 47 -20 18 32 N7188 Gx 14p
22 03 33 +00 35 27 N7189 Gx 14p
22 03 21 +11 13 27 N7190 Gx 15p
22 07 16 -64 36 32 N7191 Gx
22 07 10 -64 17 32 N7192 Gx 2.5 12p
22 03 51 +10 50 28 N7193 -
22 03 45 +12 38 28 N7194 Gx 14p
22 03 39 +12 40 28 N7195 Gx 15p
22 06 19 -50 05 32 N7196 Gx 1.9 11.5
22 03 07 +41 04 27 N7197 Gx 14p
22 05 33 -00 37 32 N7198 Gx 15p
22 08 52 -64 40 31 N7199 Gx 1.3
22 07 31 -49 58 32 N7200 Gx 1.6
22 06 47 -31 14 32 N7201 Gx 1.7 14p
22 06 59 -31 10 32 N7202 Gx 1.3 13p
22 06 59 -31 08 32 N7203 Gx 1.9 13p
22 07 11 -31 01 32 N7204 Gx 14p
22 08 50 -57 23 31 N7205 Gx 4.3 11p
22 05 50 +16 48 28 N7206 Gx 15p
22 05 56 +16 46 28 N7207 Gx
22 08 41 -29 04 31 N7208 Gx 14p
22 05 24 +46 31 28 N7209 OC 25 6.7
22 06 32 +27 07 28 N7210 -
22 06 28 -08 05 32 N7211 Gx
22 07 15 +10 15 28 N7212 Gx 15p
22 09 37 -47 08 31 N7213 Gx 1.9 10.5
22 09 23 -27 47 31 N7214 Gx 1.9 12.4
22 08 51 +00 31 29 N7215 Gx 15p
22 12 59 -68 38 31 N7216 Gx 1.4
22 08 07 +31 23 28 N7217 Gx 3.7 10.2
22 10 28 -16 38 31 N7218 Gx 2.5 12.1
22 13 28 -64 49 30 N7219 Gx 2.4 13p
22 11 47 -22 56 31 N7220 Gx 15p
22 11 35 -30 35 31 N7221 Gx 2.2 12p
22 11 15 +02 06 29 N7222 Gx 15p
22 10 25 +41 01 29 N7223 Gx 13p
22 11 50 +25 51 29 N7224 Gx 14p
22 13 29 -26 07 30 N7225 Gx 13p
22 10 41 +55 26 29 N7226 OC 2 9.6
22 11 43 +38 43 29 N7227 Gx 15p
22 12 01 +38 42 29 N7228 Gx 15p
22 14 17 -29 23 30 N7229 Gx 1.8 12p
22 14 34 -17 02 30 N7230 Gx 14p
22 12 36 +45 20 29 N7231 Gx 14p
22 16 00 -45 49 30 N7232 Gx 3.0 13p
22 16 06 -45 49 30 N7233 Gx 2.2
22 12 17 +56 59 29 N7234 -
22 12 47 +57 18 29 N7235 OC 4 7.7
22 14 57 +13 52 30 N7236 Gx 1.0 13.5
22 15 03 +13 51 30 N7237 Gx 1.0 13.7
22 15 32 +22 31 30 N7238 -
22 15 10 -05 03 30 N7239 Gx
22 15 37 +37 18 30 N7240 Gx 0.8 13.8
22 16 02 +19 15 30 N7241 Gx 3.5 14p
22 15 55 +37 19 30 N7242 Gx 2.6 12.0
22 15 30 +49 54 30 N7243 OC 21 6.4
22 16 39 +16 29 30 N7244 Gx 0.7 14.4
22 15 29 +54 21 30 N7245 OC 5 9.2
22 17 46 -15 30 30 N7246 Gx 15p
22 18 05 -23 41 30 N7247 Gx 13p
22 17 07 +40 31 30 N7248 Gx 2.1 14p
22 20 49 -55 06 29 N7249 Gx 1.1
22 18 31 +40 36 31 N7250 Gx 13p
22 20 40 -15 44 29 N7251 Gx 13p
22 20 59 -24 39 29 N7252 Gx 2.2 12.1
22 19 38 +29 25 31 N7253 Gx 14p
22 22 16 -21 42 29 N7254
22 22 10 -15 31 29 N7255 -
22 22 58 -21 42 29 N7256 Gx 14p
22 22 28 -03 59 29 N7257 -
22 23 17 -28 20 29 N7258 Gx 14p
22 23 23 -28 57 29 N7259 Gx
22 22 58 -04 05 29 N7260 Gx 14p
22 20 35 +58 06 31 N7261 OC 6 8.4
22 23 41 -32 18 29 N7262 Gx
22 22 01 +36 22 31 N7263 Gx 0.8
22 22 25 +36 25 31 N7264 Gx 14p
22 22 37 +36 15 31 N7265 Gx 13p
22 24 22 -04 02 28 N7266 Gx 15p
22 24 35 -33 39 28 N7267 Gx
22 25 59 -31 10 28 N7268 Gx 1.8
22 26 04 -13 07 28 N7269 Gx 14p
22 23 50 +32 25 31 N7270 Gx 15p
22 24 02 +32 23 32 N7271 Gx 15p
22 24 45 +16 37 32 N7272 Gx 15p
22 24 19 +36 14 32 N7273 Gx 15p
22 24 25 +36 09 32 N7274 Gx 1.8 14p
22 24 20 +32 28 32 N7275 Gx 15p
22 24 25 +36 07 32 N7276 Gx 15p
22 26 41 -31 08 28 N7277 Gx 14p
22 28 44 -60 08 28 N7278 Gx 0.9
22 27 23 -35 06 28 N7279 Gx
22 26 45 +16 10 32 N7280 Gx 2.4 13p
22 24 53 +57 51 32 N7281 OC
22 26 13 +40 20 32 N7282 Gx 15p
22 28 51 +17 31 32 N7283 Gx 15p
22 28 53 -24 49 28 N7284 Gx 13p
22 28 59 -24 49 28 N7285 Gx 13p
22 28 14 +29 08 32 N7286 Gx 13p
22 29 04 -22 10 28 N7287 Gx 0.7
22 28 34 -02 49 28 N7288 Gx 14p
22 29 29 -35 25 28 N7289 Gx
22 28 39 +17 10 32 N7290 Gx 1.8 14p
22 28 45 +16 48 32 N7291 Gx 15p
22 28 38 +30 19 32 N7292 Gx 2.1 13p
22 29 52 -20 46 27 N7293 Pl 12.8
22 32 29 -25 21 27 N7294 Gx 14p
22 28 36 +52 51 32 N7295 -
22 28 24 +52 18 32 N7296 OC 4 10p
22 31 11 -37 47 27 N7297 Gx
22 31 04 -14 09 27 N7298 Gx 1.5 14p
22 31 41 -37 47 27 N7299 Gx
22 31 16 -13 58 27 N7300 Gx 2.2 12.9
22 30 40 -17 32 27 N7301 Gx 14p
22 32 40 -14 05 27 N7302 Gx 1.9 12.1
22 31 50 +30 59 33 N7303 Gx 13p
22 31 44 +30 59 33 N7304 -
22 32 27 +11 44 33 N7305 Gx 15p
22 33 47 -27 12 27 N7306 Gx 13p
22 34 06 -40 55 27 N7307 Gx 4.2 13p
22 34 46 -12 54 27 N7308 Gx 14p
22 34 34 -10 19 27 N7309 Gx 2.1 12.5
22 34 58 -22 27 27 N7310 Gx 14p
22 34 27 +05 36 33 N7311 Gx 13p
22 34 57 +05 50 33 N7312 Gx 14p
22 35 47 -26 04 27 N7313 Gx
22 36 05 -26 01 26 N7314 Gx 4.6 10.9
22 35 38 +34 51 33 N7315 Gx 14p
22 36 08 +20 20 34 N7316 Gx 1.3 14p
22 36 08 +33 58 34 N7317 Gx 1.0 13.6
22 36 14 +33 59 34 N7318 Gx 1.9 13.1
22 36 20 +34 00 34 N7319 Gx 1.7 13.1
22 36 20 +33 58 34 N7320 Gx 2.2 12.7
22 36 38 +21 39 34 N7321 Gx 14p
22 37 59 -37 11 26 N7322 Gx
22 37 03 +19 10 34 N7323 Gx 14p
22 37 15 +19 10 34 N7324 Gx 15p
22 37 02 +34 23 34 N7325 D*
22 37 02 +34 26 34 N7326 D*
22 37 02 +34 30 34 N7327 S*
22 37 45 +10 33 34 N7328 Gx 14p
22 40 51 -66 26 26 N7329 Gx 4.2 12p
22 37 07 +38 34 34 N7330 Gx 13p
22 37 20 +34 26 34 N7331 Gx 10.7 9.5
22 37 38 +23 49 34 N7332 Gx 4.2 11.0
22 37 26 +34 27 34 N7333 Gx 0.1 15p
22 38 05 -37 12 26 N7334 Gx
22 37 32 +34 28 34 N7335 Gx 1.7 15p
22 37 26 +34 30 34 N7336 Gx 15p
22 37 38 +34 23 34 N7337 Gx 1.3
22 37 44 +34 26 34 N7338 Gx 0.2 14p
22 38 02 +23 48 34 N7339 Gx 3.0 12.1
22 37 50 +34 27 34 N7340 Gx 15p
22 39 28 -22 39 26 N7341 Gx 13p
22 38 20 +35 32 34 N7342 Gx 15p
22 38 50 +34 05 34 N7343 Gx 1.2 13.4
22 39 58 -04 08 26 N7344 Gx 14p
22 38 50 +35 34 34 N7345 Gx 15p
22 39 45 +11 06 34 N7346 Gx 15p
22 40 09 +11 03 34 N7347 Gx 14p
22 40 51 +11 55 34 N7348 Gx 1.3 15p
22 41 46 -22 52 26 N7349
22 41 15 +11 59 34 N7350 S*
22 41 34 -04 25 26 N7351 Gx 13p
22 39 54 +57 25 34 N7352 -
22 39 45 +11 48 34 N7353 Gx 15p
22 40 35 +61 18 34 N7354 Pl 0.3 13p
22 43 41 -37 50 25 N7355 -
22 42 20 +30 44 34 N7356 Gx 15p
22 42 38 +30 12 35 N7357 Gx 15p
22 46 02 -65 05 25 N7358 Gx
22 45 04 -23 39 25 N7359
22 43 51 +04 10 35 N7360 Gx 14p
22 42 35 -30 01 25 N7361 Gx 3.5 12.5
22 44 09 +08 44 35 N7362 Gx 15p
22 43 32 +34 01 35 N7363 Gx 1.1 15p
22 44 45 -00 05 25 N7364 Gx 14p
22 45 16 -19 57 25 N7365 Gx 14p
22 44 33 +10 47 35 N7366 Gx 15p
22 44 57 +03 42 35 N7367 Gx 15p
22 45 53 -39 18 25 N7368 Gx 3.2
22 44 32 +34 22 35 N7369 Gx 15p
22 45 45 +11 04 35 N7370 Gx
22 46 22 -10 58 25 N7371 Gx 2.1 12.1
22 45 57 +11 09 35 N7372 Gx 14p
22 46 45 +03 14 35 N7373 Gx 15p
22 46 15 +10 52 35 N7374 Gx 15p
22 46 51 +21 06 35 N7375 Gx 15p
22 47 39 +03 41 35 N7376 Gx 15p
22 48 04 -22 17 25 N7377 Gx 2.2 11.6
22 48 10 -11 47 25 N7378 Gx 13p
22 47 38 +40 15 35 N7379 Gx 14p
22 47 12 +58 07 35 N7380 CN 25 7.2
22 50 16 -19 41 24 N7381 Gx 15p
22 50 35 -36 49 24 N7382 Gx
22 49 51 +11 37 36 N7383 Gx 1.0 13.9
22 49 57 +11 34 36 N7384 Gx
22 50 09 +11 37 36 N7385 Gx 1.6 12.3
22 50 15 +11 43 36 N7386 Gx 2.1 12.5
22 50 33 +11 39 36 N7387 Gx 0.7 14.0
22 50 27 +11 45 36 N7388 Gx
22 50 33 +11 36 36 N7389 Gx 1.3 13.4
22 50 33 +11 33 36 N7390 Gx 15p
22 50 57 -01 29 24 N7391 Gx 13p
22 52 04 -20 34 24 N7392 Gx 2.0 11.9
22 51 58 -05 31 24 N7393 Gx 2.0 14p
22 50 49 +52 11 36 N7394 -
22 51 26 +37 06 36 N7395 Gx 15p
22 52 45 +01 07 36 N7396 Gx 14p
22 53 09 +01 09 36 N7397 Gx 15p
22 53 09 +01 14 36 N7398 Gx 15p
22 52 58 -09 14 24 N7399 Gx 14p
22 54 35 -45 19 24 N7400 Gx 2.5
22 53 21 +01 11 36 N7401 Gx
22 53 15 +01 11 36 N7402 Gx 14p
22 53 21 +01 30 36 N7403 S*
22 54 35 -39 17 24 N7404 Gx
22 53 03 +12 36 36 N7405 Gx
22 54 16 -06 34 24 N7406 Gx 15p
22 53 32 +32 09 36 N7407 Gx 14p
22 56 13 -63 40 24 N7408 Gx
22 53 57 +20 13 36 N7409 Gx 15p
22 55 17 -39 38 24 N7410 Gx 5.5 10.4
22 54 45 +20 15 36 N7411 Gx 15p
22 56 05 -42 37 24 N7412 Gx 4.0 11.4
22 55 21 +13 14 36 N7413 Gx 14.1
22 55 33 +13 16 36 N7414 Gx
22 55 03 +20 16 36 N7415 Gx 15p
22 55 58 -05 28 24 N7416 Gx 3.4 12.3
22 58 07 -65 00 23 N7417 Gx
22 56 53 -37 00 24 N7418 Gx 3.3 11.4
22 54 30 +60 51 36 N7419 OC 2 13p
22 55 50 +29 49 36 N7420 Gx 15p
22 57 11 -37 19 24 N7421 Gx 2.2 12.0
22 56 27 +03 57 36 N7422 Gx 14p
22 55 30 +57 09 36 N7423 OC 6 15p
22 57 35 -41 02 24 N7424 Gx 7.6 11p
22 57 34 -10 55 24 N7425 Gx 15p
22 56 20 +36 22 36 N7426 Gx 13p
22 57 27 +08 31 36 N7427 Gx 15p
22 57 33 -01 00 24 N7428 Gx 2.6 14p
22 56 06 +60 00 36 N7429 OC
22 57 45 +08 49 37 N7430 Gx 15p
22 58 02 +26 11 37 N7431 Gx 15p
22 58 15 +13 09 37 N7432 Gx 15p
22 58 14 +26 10 37 N7433 Gx 14p
22 58 39 -01 09 23 N7434 Gx 15p
22 58 08 +26 09 37 N7435 Gx 15p
22 58 14 +26 10 37 N7436 Gx 14p
22 58 27 +14 19 37 N7437 Gx 1.9 13p
22 57 49 +54 22 37 N7438 -
22 58 56 +29 11 37 N7439
22 58 44 +35 49 37 N7440 Gx 1.9 15p
22 59 46 -07 02 23 N7441 Gx 15p
22 59 39 +15 34 37 N7442 Gx 1.2 14p
23 00 22 -12 46 23 N7443 Gx 1.8 14p
23 00 22 -12 48 23 N7444 Gx 2.0 14p
22 59 44 +39 07 37 N7445 Gx 15p
22 59 50 +39 05 37 N7446 Gx 15p
23 00 40 -10 30 23 N7447
23 00 21 +16 00 37 N7448 Gx 2.7 11.7
22 59 56 +39 09 37 N7449 Gx 15p
23 01 10 -12 54 23 N7450 Gx 13p
23 00 39 +08 26 37 N7451
23 01 21 +06 46 37 N7452 Gx 15p
23 01 40 -06 19 23 N7453 T*
23 01 21 +16 24 37 N7454 Gx 2.0 14p
23 00 51 +07 18 37 N7455 Gx
23 02 23 -39 33 23 N7456 Gx 5.9 12p
23 01 14 +30 10 37 N7457 Gx 4.4 10.8
23 01 45 +01 46 37 N7458 Gx 14p
23 01 57 +06 45 37 N7459 -
23 02 03 +02 17 37 N7460 Gx 1.3 14p
23 01 57 +15 36 37 N7461 Gx 14p
23 03 05 -40 48 23 N7462 Gx 3.7 13p
23 02 09 +16 00 37 N7463 Gx 3.0 13p
23 02 09 +15 59 37 N7464 Gx 0.7 14p
23 02 15 +15 59 37 N7465 Gx 1.6 13p
23 02 15 +27 04 37 N7466 Gx 14p
23 02 33 +15 34 37 N7467 Gx 15p
23 03 15 +16 37 37 N7468 Gx 1.1 14p
23 03 33 +08 53 37 N7469 Gx 1.8 11.9
23 05 29 -50 05 23 N7470 Gx 1.5
23 04 10 -22 53 23 N7471 -
23 05 57 +03 05 37 N7472
23 04 08 +30 11 37 N7473 Gx 15p
23 04 15 +20 03 37 N7474 Gx 15p
23 04 21 +20 04 37 N7475 Gx 15p
23 05 29 -43 05 23 N7476 Gx
23 05 57 +03 05 37 N7477
23 05 09 +02 36 37 N7478 Gx
23 05 09 +12 20 37 N7479 Gx 4.1 11.0
23 05 33 +02 33 37 N7480 Gx 15p
23 06 04 -19 55 23 N7481 -
23 05 57 +03 04 37 N7482 Gx 14p
23 06 09 +03 33 37 N7483 Gx 14p
23 07 22 -36 14 22 N7484 Gx
23 06 20 +34 07 37 N7485 Gx 14p
23 06 26 +34 05 37 N7486 Gx
23 07 09 +28 12 38 N7487 Gx 15p
23 08 09 +00 57 38 N7488 Gx 15p
23 07 39 +23 01 38 N7489 Gx 14p
23 07 38 +32 23 38 N7490 Gx 13p
23 08 22 -05 56 22 N7491 Gx 14p
23 08 40 -15 35 22 N7492 Gb 6.2 11.5
23 08 51 +00 55 38 N7493 S*
23 09 10 -24 20 22 N7494 Gx 15p
23 09 15 +12 05 38 N7495 Gx 2.1 15p
23 10 05 -43 24 22 N7496 Gx 3.5 11.1
23 09 21 +18 12 38 N7497 Gx 5.0 13p
23 10 04 -24 23 22 N7498 Gx 15p
23 10 39 +07 36 38 N7499 Gx 1.4 13.8
23 10 51 +11 02 38 N7500 Gx 15p
23 10 45 +07 36 38 N7501 Gx 0.8 13.8
23 11 04 -21 44 22 N7502 D*
23 10 57 +07 35 38 N7503 Gx 0.9 13.8
23 10 51 +14 25 38 N7504 S*
23 11 27 +13 38 38 N7505 Gx 15p
23 12 03 -02 08 22 N7506 Gx 14p
23 12 22 -28 30 22 N7507 Gx 2.6 10.4
23 12 09 +12 59 38 N7508 Gx 15p
23 12 39 +14 38 38 N7509 Gx 15p
23 11 43 +60 35 38 N7510 OC 4 7.9
23 12 45 +13 44 38 N7511 Gx 15p
23 12 33 +31 09 38 N7512 Gx 14p
23 13 28 -28 20 22 N7513 Gx 3.2 11.8
23 12 38 +34 54 38 N7514 Gx 13p
23 13 09 +12 42 38 N7515 Gx 14p
23 13 03 +20 15 38 N7516 Gx 14p
23 13 33 -02 05 22 N7517 Gx 15p
23 13 21 +06 20 38 N7518 Gx 1.5 14p
23 12 57 +10 48 38 N7519
23 13 58 -23 46 22 N7520 -
23 13 57 -01 42 22 N7521 Gx 15p
23 14 04 -22 52 22 N7522 -
23 13 57 +14 01 38 N7523 Gx 15p
23 14 03 -01 43 22 N7524 Gx
23 13 57 +14 02 38 N7525 Gx 15p
23 14 10 -09 10 22 N7526 At
23 13 51 +24 55 38 N7527 Gx 14p
23 14 33 +10 14 38 N7528 Gx
23 14 21 +08 59 38 N7529 Gx 14p
23 14 33 -02 43 22 N7530 Gx 15p
23 15 05 -43 34 22 N7531 Gx 3.5 11.3
23 14 39 -02 40 22 N7532 Gx 1.8 15p
23 14 39 -01 59 22 N7533 Gx 15p
23 14 45 -02 37 22 N7534 Gx 14p
23 14 33 +13 36 38 N7535 Gx 15p
23 14 33 +13 27 38 N7536 Gx 15p
23 14 51 +04 31 38 N7537 Gx 2.3 13.2
23 13 43 +61 32 38 N7538 Nb 10
23 14 39 +23 41 38 N7539 Gx 13p
23 14 45 +15 57 38 N7540 Gx 15p
23 14 57 +04 33 38 N7541 Gx 3.5 11.7
23 15 03 +10 40 38 N7542 Gx 15p
23 14 51 +28 20 38 N7543 Gx 14p
23 15 15 -02 10 22 N7544 Gx
23 15 46 -38 30 22 N7545 Gx
23 15 27 -02 16 22 N7546 Gx 14p
23 15 15 +18 59 38 N7547 Gx 1.3 15p
23 15 21 +25 17 38 N7548 Gx 14p
23 15 33 +19 03 38 N7549 Gx 2.9 14p
23 15 33 +18 58 38 N7550 Gx 1.7 14p
23 14 51 +15 56 38 N7551 Gx
23 16 29 -42 33 22 N7552 Gx 3.5 10.7
23 15 33 +19 02 38 N7553 Gx
23 15 57 -02 21 22 N7554 Gx
23 15 51 +12 36 38 N7555 -
23 16 09 -02 18 22 N7556 Gx 14p
23 15 57 +06 42 38 N7557 Gx 15p
23 15 51 +18 56 38 N7558 Gx 16p
23 16 09 +13 18 38 N7559 Gx 14p
23 16 15 +04 31 38 N7560 D*
23 16 15 +04 32 38 N7561
23 16 15 +06 42 38 N7562 Gx 2.3 11.5
23 16 15 +13 12 38 N7563 Gx 14p
23 15 51 +07 18 38 N7564 Gx
23 16 33 -00 01 22 N7565 S*
23 16 51 -02 19 22 N7566
23 16 27 +15 53 38 N7567 Gx 15p
23 16 33 +24 30 38 N7568 Gx 14p
23 17 03 +10 56 38 N7569 -
23 17 03 +13 30 38 N7570 Gx 14p
23 17 27 +19 00 38 N7571
23 17 03 +18 30 38 N7572 Gx 15p
23 16 34 -22 08 22 N7573 Gx 14p
23 17 03 +24 01 38 N7574 -
23 17 33 +06 40 38 N7575 S*
23 17 39 -04 42 22 N7576 Gx 1.5 13.0
23 17 39 +07 23 38 N7577 Gx
23 17 27 +18 42 38 N7578 Gx 1.6 14p
23 17 57 +09 26 39 N7579 Gx 15p
23 17 51 +14 01 39 N7580 Gx 0.9 15p
23 18 03 +04 41 39 N7581 -
23 18 40 -42 20 21 N7582 Gx 4.6 10.6
23 18 09 +07 25 39 N7583 Gx 15p
23 18 15 +09 26 39 N7584 Gx 15p
23 18 15 -04 37 21 N7585 Gx 2.3 11.7
23 17 57 +08 16 39 N7586 Gx 15p
23 18 15 +09 42 39 N7587 Gx 1.4 15p
23 18 03 +18 46 39 N7588 Gx 15p
23 18 39 +00 17 39 N7589 Gx 15p
23 19 10 -42 12 21 N7590 Gx 2.7 11.6
23 18 39 +06 35 39 N7591 Gx 14p
23 18 39 -04 23 21 N7592 Gx 1.4 14p
23 18 15 +11 22 39 N7593 Gx 14p
23 18 33 +10 14 39 N7594 Gx 16p
23 18 45 +09 55 39 N7595 Gx
23 17 28 -06 53 22 N7596 Gx
23 18 45 +18 42 39 N7597 Gx 1.3
23 18 45 +18 45 39 N7598 Gx 15p
23 19 34 -42 13 21 N7599 Gx 4.4 11.4
23 19 10 -07 33 21 N7600 Gx 2.4 13p
23 19 03 +09 15 39 N7601 Gx 1.5 15p
23 19 03 +18 43 39 N7602 Gx 0.6
23 19 15 +00 16 39 N7603 Gx 1.7 14p
23 18 09 +07 27 39 N7604 Gx 15p
23 19 09 +07 26 39 N7605 -
23 19 22 -08 27 21 N7606 Gx 5.8 10.8
23 19 15 +11 22 39 N7607 -
23 19 33 +08 21 39 N7608 Gx 15p
23 19 45 +09 30 39 N7609 Gx 1.5 15p
23 19 51 +10 11 39 N7610 Gx 3.0 15p
23 19 51 +08 05 39 N7611 Gx 1.5 12.6
23 20 03 +08 34 39 N7612 Gx 14p
23 20 09 +00 25 39 N7613 Gx
23 20 15 +00 14 39 N7614 -
23 20 09 +08 25 39 N7615 Gx 1.2 16p
23 19 45 +10 10 39 N7616 Gx
23 20 27 +08 11 39 N7617 Gx 1.0 13.8
23 20 02 +42 52 39 N7618 Gx 14p
23 20 27 +08 13 39 N7619 Gx 2.9 11.1
23 20 21 +24 14 39 N7620 Gx 1.3 14p
23 20 39 +08 21 39 N7621 Gx 15p
23 21 53 -62 05 21 N7622 ?
23 20 45 +08 25 39 N7623 Gx 1.9 12.4
23 20 39 +27 20 39 N7624 Gx 1.1 13.4
23 20 45 +17 15 39 N7625 Gx 1.8 12.1
23 20 57 +08 14 39 N7626 Gx 2.5 11.2
23 22 45 +11 55 39 N7627
23 21 03 +25 54 39 N7628 Gx 14p
23 21 39 +01 24 39 N7629 Gx 15p
23 21 39 +11 25 39 N7630 Gx 15p
23 21 39 +08 14 39 N7631 Gx 1.9 14p
23 22 22 -42 28 21 N7632 Gx
23 23 24 -67 37 21 N7633 Gx 2.1
23 21 51 +08 53 39 N7634 Gx 1.5 14p
23 20 55 +61 13 39 N7635 Nb 15
23 22 34 -29 16 21 N7636 Gx 15p
23 26 52 -81 53 21 N7637 Gx 2.5
23 22 45 +11 19 39 N7638 Gx 15p
23 23 03 +11 22 39 N7639 Gx 15p
23 22 20 +40 52 39 N7640 Gx 10.7 10.9
23 22 51 +11 54 39 N7641 Gx 15p
23 23 09 +01 27 39 N7642 Gx 14p
23 23 09 +12 00 39 N7643 Gx 15p
23 24 45 +13 59 39 N7644 Gx
23 23 58 -29 21 21 N7645 Gx 14p
23 24 16 -11 50 21 N7646 Gx
23 24 21 +16 48 39 N7647 Gx 15p
23 24 03 +09 40 39 N7648 Gx 1.9 14p
23 24 33 +14 39 39 N7649 Gx 1.6 13.7
23 25 35 -57 46 21 N7650 Gx
23 24 45 +13 59 39 N7651 Gx 15p
23 25 53 -57 52 21 N7652 Gx
23 25 09 +15 17 39 N7653 Gx 14p
23 24 25 +61 36 39 N7654 OC 13 6.9
23 27 00 -68 00 21 N7655 Gx
23 24 46 -19 03 21 N7656 Gx 14p
23 26 59 -57 47 21 N7657 Gx
23 26 46 -39 12 21 N7658 Gx
23 26 15 +14 13 39 N7659 Gx 15p
23 25 57 +27 02 39 N7660 Gx 14p
23 27 29 -65 14 21 N7661 Gx 1.9
23 26 08 +42 34 39 N7662 Pl 2.2 9p
23 26 57 -04 54 21 N7663 Gx
23 26 51 +25 05 39 N7664 Gx 13p
23 27 28 -09 22 21 N7665 Gx 13p
23 27 39 -04 09 21 N7666 -
23 24 33 -00 05 21 N7667 Gx 14p
23 27 27 -00 09 21 N7668 -
23 27 27 -00 09 21 N7669 -
23 27 27 -00 09 21 N7670 -
23 27 33 +12 29 39 N7671 Gx 1.7 12.7
23 27 45 +12 24 39 N7672 Gx 1.0 15p
23 27 57 +23 36 39 N7673 Gx 1.7 12.7
23 28 09 +08 48 39 N7674 Gx 1.2 14p
23 28 15 +08 47 39 N7675 Gx 0.7 15p
23 29 11 -59 41 21 N7676 Gx
23 28 21 +23 33 39 N7677 Gx 1.9 14p
23 28 45 +22 26 39 N7678 Gx 2.3 12.2
23 29 03 +03 32 39 N7679 Gx 1.9 12.7
23 28 45 +32 25 39 N7680 Gx 13p
23 28 51 +17 17 39 N7681 Gx 15p
23 29 21 +03 33 39 N7682 Gx 1.2 13.4
23 29 21 +11 27 39 N7683 Gx 14p
23 30 45 +00 05 39 N7684 Gx 15p
23 30 51 +03 55 39 N7685 Gx 2.1 15p
23 30 26 +49 09 39 N7686 OC 15 5.6
23 31 09 +03 33 39 N7687 Gx 15p
23 31 27 +21 25 39 N7688 Gx 15p
23 32 58 -54 03 20 N7689 Gx 2.8 12p
23 33 10 -51 39 20 N7690 Gx 2.8 13p
23 32 51 +15 51 39 N7691 Gx 14p
23 33 03 -05 34 20 N7692 Gx 15p
23 33 33 -01 15 20 N7693 Gx 14p
23 33 39 -02 40 20 N7694 Gx 14p
23 33 33 -02 41 20 N7695 -
23 34 09 +04 54 40 N7696 Gx 15p
23 35 11 -65 22 20 N7697 Gx
23 34 15 +24 57 40 N7698 Gx 14p
23 34 39 -02 52 20 N7699 Gx
23 34 51 -02 55 20 N7700 Gx 14p
23 34 51 -02 49 20 N7701 Gx 14p
23 35 40 -55 58 20 N7702 Gx 1.9 12.2
23 35 09 +16 05 40 N7703 Gx 15p
23 35 27 +04 55 40 N7704 Gx 15p
23 35 27 +04 49 40 N7705 Gx 15p
23 35 33 +05 00 40 N7706 Gx 14p
23 35 03 +44 19 40 N7707 Gx 15p
23 34 31 +72 56 40 N7708 -
23 35 40 -16 40 20 N7709 Gx 13p
23 36 03 -02 51 20 N7710 Gx 15p
23 35 57 +15 19 40 N7711 Gx 14p
23 36 09 +23 37 40 N7712 Gx 13p
23 36 46 -37 54 20 N7713 Gx 4.3 12p
23 36 27 +02 10 40 N7714 Gx 2.1 13p
23 36 39 +02 10 40 N7715 Gx 2.6 15p
23 36 45 +00 19 40 N7716 Gx 2.3 12.2
23 37 58 -15 05 20 N7717 Gx 13p
23 38 21 +25 42 40 N7718 Gx 15p
23 38 16 -22 56 20 N7719 Gx
23 38 45 +27 03 40 N7720 Gx 1.9 12.6
23 39 03 -06 29 20 N7721 Gx 3.4 11.8
23 39 03 +15 58 40 N7722 Gx 13p
23 39 10 -12 56 20 N7723 Gx 3.6 11.1
23 39 22 -12 12 20 N7724 Gx 13p
23 39 33 -04 30 20 N7725 Gx 14p
23 38 57 +27 01 40 N7726 Gx 15p
23 40 10 -12 16 20 N7727 Gx 4.2 10.7
23 40 15 +27 09 40 N7728 Gx 14p
23 40 51 +29 12 40 N7729 Gx 14p
23 41 40 -20 12 20 N7730 -
23 41 51 +03 46 40 N7731 Gx 1.7 14p
23 41 57 +03 45 40 N7732 Gx 2.0 15p
23 42 53 -65 55 20 N7733 Gx 1.4
23 42 59 -65 55 20 N7734 Gx 1.6
23 42 33 +26 14 40 N7735 Gx 15p
23 42 40 -19 25 20 N7736 Gx 14p
23 43 03 +27 04 40 N7737 Gx 15p
23 44 21 +00 32 40 N7738 Gx 2.2 14p
23 43 51 +00 29 40 N7739 -
23 43 33 +27 22 40 N7740 Gx 15p
23 44 09 +26 06 40 N7741 Gx 4.0 11.4
23 44 33 +10 47 40 N7742 Gx 2.0 11.5
23 44 39 +09 57 40 N7743 Gx 3.1 11.2
23 45 16 -42 53 20 N7744 Gx 2.3 13p
23 45 03 +25 54 40 N7745 Gx
23 45 39 -01 39 20 N7746 Gx 14p
23 45 51 +27 23 40 N7747 Gx 14p
23 45 14 +69 46 40 N7748 -
23 46 10 -29 31 20 N7749 Gx 14p
23 46 57 +03 48 40 N7750 Gx 1.8 14p
23 47 15 +06 52 40 N7751 Gx 14p
23 47 15 +29 28 40 N7752 Gx 0.7 14p
23 47 21 +29 30 40 N7753 Gx 3.4 13p
23 49 27 -16 33 20 N7754 Gx 15p
23 48 10 -30 29 20 N7755 Gx 3.7 12p
23 48 45 +04 08 40 N7756 S*
23 49 03 +04 11 40 N7757 Gx 2.6 14p
23 49 10 -22 01 20 N7758 Gx
23 49 09 -16 30 20 N7759 Gx 14p
23 49 33 +30 59 40 N7760 Gx 15p
23 49 51 -13 21 20 N7761 14p
23 50 03 +68 03 40 N7762 OC 11 10p
23 50 33 -16 35 20 N7763 Gx
23 51 10 -40 42 20 N7764 Gx 1.5 12.3
23 51 03 +27 11 40 N7765 Gx 15p
23 51 09 +27 08 40 N7766 Gx 15p
23 51 09 +27 06 40 N7767 Gx 14p
23 51 09 +27 11 40 N7768 Gx 1.7 14p
23 51 21 +20 10 40 N7769 Gx 1.8 12.1
23 51 39 +20 07 40 N7770 Gx 1.0 15p
23 51 39 +20 08 40 N7771 Gx 2.7 12.3
23 52 03 +16 16 40 N7772 OC
23 52 33 +31 17 40 N7773 Gx 14p
23 52 27 +11 29 40 N7774 Gx 14p
23 52 45 +28 47 40 N7775 Gx 14p
23 52 57 -13 21 20 N7776
23 53 33 +28 18 40 N7777 Gx 14p
23 53 33 +07 53 40 N7778 Gx 14p
23 53 39 +07 53 40 N7779 Gx 1.6 14p
23 53 51 +08 08 40 N7780 Gx 1.2 15p
23 54 03 +07 52 40 N7781 Gx 15p
23 54 09 +07 59 40 N7782 Gx 2.4 13p
23 54 27 +00 24 40 N7783 Gx 1.9 14p
23 55 33 +21 46 40 N7784 Gx 15p
23 55 33 +05 56 40 N7785 Gx 2.3 11.6
23 55 39 +21 36 40 N7786 Gx 14p
23 56 27 +00 34 40 N7787 Gx 15p
23 56 57 +61 25 40 N7788 OC 9 9p
23 57 15 +56 45 40 N7789 OC 16 6.7
23 58 39 +61 14 40 N7790 OC 17 8.5
23 58 15 +10 46 40 N7791 D*
23 58 21 +16 30 40 N7792 Gx 15p
23 58 03 -32 33 20 N7793 Gx 9.1 9.1
23 58 51 +10 43 40 N7794 Gx 14p
23 58 57 +60 01 40 N7795 -
23 59 15 -55 25 20 N7796 Gx 2.3 12p
23 59 15 +03 39 40 N7797 Gx 15p
23 59 39 +20 46 40 N7798 Gx 1.5 13p
23 59 45 +31 18 40 N7799 Gx
23 59 51 +14 50 40 N7800 Gx 2.6 13p
00 00 39 +50 43 40 N7801 -
00 01 21 +06 14 40 N7802 Gx 14p
00 01 39 +13 07 40 N7803 Gx 14p
00 01 33 +07 46 40 N7804
00 01 39 +31 27 40 N7805 Gx 1.4 14p
00 01 45 +31 28 40 N7806 Gx 1.3 14p
23 59 51 -18 49 20 N7807 Gx 1.0
00 03 45 -10 43 20 N7808 Gx 14p
00 02 27 +02 57 40 N7809 Gx 15p
00 02 39 +12 58 40 N7810 Gx 14p
00 02 45 +03 21 40 N7811 Gx 15p
00 03 09 -34 13 20 N7812 Gx
00 03 27 -11 57 20 N7813 Gx 15p
00 03 33 +16 10 40 N7814 Gx 6.3 10.5
00 03 39 +20 42 40 N7815 -
00 04 03 +07 29 40 N7816 Gx 1.9 14p
00 04 15 +20 46 40 N7817 Gx 3.7 12p
00 04 27 +07 22 40 N7818 Gx 15p
00 04 39 +31 30 40 N7819 Gx 2.0 14p
00 04 51 +05 12 40 N7820 Gx 14p
00 05 33 -16 27 20 N7821 Gx 14p
00 03 52 +68 38 40 N7822 Nb 60
00 05 03 -62 02 20 N7823 Gx 1.4
00 05 27 +06 55 40 N7824 Gx 14p
00 05 27 +05 13 40 N7825 Gx 15p
00 05 27 -20 42 20 N7826 -
00 05 45 +05 14 40 N7827 Gx 14p
00 06 39 -13 22 20 N7828 Gx
00 06 39 -13 22 20 N7829 Gx
00 06 27 +08 23 40 N7830 S*
00 07 34 +32 36 40 N7831 Gx 14p
00 06 51 -03 40 20 N7832 Gx 13p
00 06 45 +27 39 40 N7833 -
00 06 57 +08 22 40 N7834 Gx 15p
00 07 03 +08 26 40 N7835 Gx 15p
00 08 16 +33 05 40 N7836 Gx 1.2
00 07 09 +08 21 40 N7837 Gx 16p
00 07 15 +08 21 40 N7838 Gx 15p
00 07 15 +27 39 40 N7839 D*
00 07 21 +08 34 40 N7840 Gx
