15 22 41 -54 10 04 PK323+ 2.1PLNNB15.1
15 28 05 -54 32 02 NGC 5925 OPNCL08.4
15 33 41 -55 14 00 Lynga 4 OPNCL11.4
15 34 36 -59 10 00 PK322- 2.1PLNNB12.5
15 34 34 -52 45 00 Harvard 9OPNCL
15 35 52 -50 40 59 NGC 5946 GLOCL09.6
15 38 24 -58 45 58 PK323- 2.1PLNNB14.6
15 42 18 -56 37 57 PK324- 1.1PLNNB16.4
15 42 59 -55 41 57 Lynga 5 OPNCL
15 51 06 -57 40 54 Cr 292 OPNCL07.9
15 51 40 -48 45 53 PK330+ 4.1PLNNB
15 52 04 -51 31 53 PK329+ 2.1PLNNB13.6
15 52 36 -56 28 53 NGC 5999 OPNCL 9
15 56 12 -57 26 52 NGC 6005 OPNCL10.7
15 57 37 -59 28 51 Ru 113 OPNCL
15 58 30 -55 42 51 PK327- 1.2PLNNB
15 59 31 -58 24 50 PK325- 4.1PLNNB12.4
16 00 24 -55 56 50 PK327- 2.1PLNNB
16 00 53 -53 31 50 Tr 23 OPNCL11.2
16 01 30 -55 06 50 PK327- 1.1PLNNB15.4
16 02 47 -54 08 49 Moffat 1 OPNCL
16 05 11 -51 55 48 Lynga 6 OPNCL09.5
16 07 00 -55 21 48 Ru 114 OPNCL
16 08 00 -54 04 47 NGC 6031 OPNCL08.5
16 09 23 -51 02 47 PK331+ 0.1PLNNB
16 11 06 -54 57 46 PK328- 2.1PLNNB14.2
16 11 24 -54 58 46 Lynga 7 OPNCL
16 13 17 -51 53 45 Ru 115 OPNCL
16 13 36 -54 13 45 NGC 6067 OPNCL05.6
16 13 53 -50 20 45 Pismis 22 OPNCL
16 14 33 -44 04 45 SL 8 DRKNB
16 14 36 -54 48 45 PK329- 2.1PLNNB
16 14 54 -54 57 45 PK329- 2.2PLNNB11.9
16 15 17 -50 55 44 Ru 176 OPNCL
16 15 40 -49 14 44 PK333+ 1.1PLNNB13.7
16 16 08 -59 54 44 PK326- 6.1PLNNB
16 17 29 -51 07 43 RCW 103 SNREM
16 17 35 -51 59 43 PK331- 1.1PLNNB13.8
16 17 36 -53 32 43 PK330- 2.1PLNNB14.1
16 18 11 -51 55 43 RCW 102 BRTNB
16 18 48 -55 07 43 Cr 299 OPNCL06.9
16 19 19 -57 54 43 NGC 6087 OPNCL05.4
16 20 18 -54 59 42 Harvard 10OPNCL
16 20 17 -50 01 42 Lynga 8 OPNCL
16 21 04 -47 41 42 Lynga 9 OPNCL
16 21 11 -50 55 42 RCW 106 BRTNB
16 22 36 -53 41 41 PK331- 2.1PLNNB
16 23 55 -58 19 41 PK327- 6.1PLNNB
16 23 59 -52 00 41 Ru 116 OPNCL
16 24 16 -46 42 41 PK336+ 1.1PLNNB16.1
16 24 17 -50 21 41 Ru 117 OPNCL
16 24 22 -47 19 41 Pismis 23 OPNCL
16 24 23 -51 31 41 RCW 104 BRTNB
16 24 42 -54 36 41 PK330- 3.1PLNNB13.9
16 24 47 -51 57 41 NGC 6115 OPNCL
16 24 59 -51 58 41 Ru 118 OPNCL09.8
16 25 00 -53 23 41 PK331- 2.2PLNNB13.7
16 28 04 -49 04 39 NGC 6134 OPNCL07.2
16 28 18 -54 02 39 PK331- 3.1PLNNB
16 28 41 -51 31 39 Ru 119 OPNCL08.8
16 29 34 -49 06 39 Hogg 19 OPNCL
16 30 02 -59 09 39 PK327- 7.1PLNNB13.9
16 30 18 -53 23 38 PK332- 3.1PLNNB13.7
16 30 24 -54 10 38 PK331- 3.2PLNNB13.7
16 30 52 -46 03 38 PK337+ 1.1PLNNB
16 33 05 -52 37 37 NGC 6152 OPNCL08.1
16 34 22 -48 06 37 NGC 6164 PLNNB
16 34 22 -48 06 37 NGC 6165 PLNNB
16 34 27 -44 03 37 NGC 6169 OPNCL06.6
16 34 41 -49 21 37 PK335- 1.1PLNNB17.4
16 34 47 -49 36 37 NGC 6167 OPNCL06.7
16 35 48 -53 50 36 PK332- 4.1PLNNB
16 38 25 -55 45 35 PK331- 5.1PLNNB
