16 07 22 -06 25 47 NGC 6059 NONEX
16 22 28 -01 31 41 NGC 6172 GALXY12.8
16 25 54 -24 28 40 IC 4603 BRTNB
16 25 54 -23 26 40 IC 4604 BRTNB
16 26 30 -23 47 40 Grasdalen OPNCL
16 32 47 -13 03 37 NGC 6171 GLOCL08.1
16 36 46 -08 57 36 Do 27 OPNCL
16 38 18 -24 06 35 B 42,44-7 DRKNB
16 44 06 -18 57 33 PK 0+17.1PLNNB13.4
16 47 28 -01 57 31 NGC 6218 GLOCL06.6
16 47 27 -00 11 31 NGC 6220 GALXY13.7
16 48 05 -12 05 31 UncatalogeDRKNB
16 48 54 -21 01 31 PK359+15.1PLNNB16.8
16 52 09 +04 22 31 NGC 6234 GALXY15.5
16 53 21 +02 24 31 NGC 6240 GALXY12.9
16 53 42 -22 11 29 NGC 6235 GLOCL10.2
16 57 22 -04 06 27 NGC 6254 GLOCL06.6
16 57 30 -22 44 27 B 46 DRKNB
17 00 09 -00 32 26 Pal 15 GLOCL14.2
17 01 31 -30 07 25 NGC 6266 GLOCL06.6
17 01 54 -21 50 25 IC 4634 PLNNB12.0
17 02 09 +06 39 35 NGC 6280 GALXY15.5
17 02 55 -26 16 25 NGC 6273 GLOCL07.2
17 04 48 -24 46 24 NGC 6284 GLOCL 9
17 05 30 -22 42 24 NGC 6287 GLOCL09.2
17 05 59 -10 09 24 PK 10+18.2PLNNB14.6
17 06 06 -25 24 23 PK358+ 9.1PLNNB
17 08 36 -22 50 22 B 57 DRKNB
17 08 57 +03 52 38 NGC 6296 GALXY13.4
17 10 25 -28 24 22 B244 DRKNB
17 10 31 -26 35 22 NGC 6293 GLOCL08.2
17 10 37 -26 34 22 NGC 6294 NONEX
17 11 01 -27 09 21 PK357+ 7.1PLNNB12.9
17 12 06 -22 27 21 B 60,246 DRKNB
17 12 31 -28 51 21 B256 DRKNB
17 12 55 -25 44 21 PK358+ 7.1PLNNB15.0
17 13 10 -03 16 20 PK 18+20.1PLNNB13.4
17 14 23 -12 55 20 NGC 6309 PLNNB11.6
17 14 49 -29 28 20 NGC 6304 GLOCL08.4
17 15 30 -20 21 19 B 61 DRKNB
17 16 18 -21 23 19 B 63 DRKNB
17 16 30 -20 53 19 B 62 DRKNB
17 16 55 -28 08 19 NGC 6316 GLOCL 9
17 17 30 -18 32 19 B 64 DRKNB
17 17 37 -28 59 19 PK356+ 5.1PLNNB13.5
17 18 18 -23 46 18 NGC 6325 GLOCL10.7
17 19 15 +06 04 42 vdB 111 BRTNB
17 19 30 -18 31 18 NGC 6333 GLOCL07.9
17 19 30 -25 17 18 PK359+ 6.1PLNNB17.8
17 20 55 -29 01 17 PK356+ 4.1PLNNB13.3
17 21 19 -27 00 17 B 59,65-7 DRKNB
17 21 25 -29 03 17 PK356+ 4.2PLNNB
17 21 30 -19 35 17 NGC 6342 GLOCL09.9
17 21 31 -27 12 17 PK358+ 5.1PLNNB17.3
17 21 36 -22 19 17 PK 2+ 8.1PLNNB14.7
17 22 18 -19 19 17 B259 DRKNB
17 22 43 -27 09 16 PK358+ 5.2PLNNB
17 22 48 -21 53 16 B 67a DRKNB
17 22 54 -23 44 16 B 68 DRKNB
17 23 12 -23 53 16 B 69 DRKNB
17 23 43 -28 59 16 PK357+ 4.1PLNNB19.4
17 23 48 -23 58 16 B 70 DRKNB
17 23 48 -23 38 16 B 72 DRKNB
17 23 53 -17 49 16 NGC 6356 GLOCL08.4
17 24 19 -26 21 16 NGC 6355 GLOCL09.6
17 24 19 -26 00 16 PK359+ 5.1PLNNB
17 24 55 -29 24 15 PK357+ 3.1PLNNB15.2
17 25 06 -21 34 15 PK 3+ 7.1PLNNB
17 25 13 -28 06 15 PK358+ 4.1PLNNB14.0
17 25 25 -29 46 15 PK356+ 3.1PLNNB13.7
17 25 30 -24 12 15 B 74 DRKNB
17 25 36 -22 28 15 B 75,261-2DRKNB
17 25 43 -30 00 15 NGC 6360 NONEX
17 26 01 -26 58 15 PK359+ 4.1PLNNB13.4
17 26 01 -26 12 15 PK359+ 5.2PLNNB15.0
17 26 19 -29 22 15 PK357+ 3.2PLNNB
17 27 19 -29 16 14 PK357+ 3.4PLNNB
17 27 22 -07 06 14 IC 1257 OPNCL
17 27 26 +11 32 46 NGC 6368 GALXY12.3
17 27 58 -05 05 14 NGC 6366 GLOCL10.0
17 28 07 -29 17 14 vdB-Ha 228OPNCL
17 28 18 -23 22 14 B 77,269 DRKNB
17 28 24 -24 25 14 PK 1+ 5.1PLNNB16.0
17 28 27 +07 25 46 UGC 10862 GALXY12.7
17 28 49 -29 29 14 Tr 26 OPNCL09.5
17 28 54 -24 51 14 PK 1+ 5.2PLNNB15.0
17 29 01 -28 27 14 PK358+ 3.1PLNNB13.6
17 29 01 -28 27 14 PK358+ 3.3PLNNB14.0
17 29 18 -19 16 14 PK 6+ 8.1PLNNB14.0
17 29 36 -23 46 13 NGC 6369 PLNNB11.0
17 29 43 -25 49 13 PK 0+ 4.1PLNNB
17 29 43 -26 26 13 PK 0+ 4.2PLNNB
17 30 01 -29 33 13 PK357+ 2.4PLNNB
17 30 01 -28 40 13 PK358+ 3.7PLNNB
17 30 19 -27 59 13 PK358+ 3.4PLNNB
17 30 43 -29 10 13 PK358+ 2.2PLNNB14.0
17 30 51 +06 16 47 NGC 6378 GALXY13.4
17 30 54 -21 28 13 PK 4+ 6.1PLNNB
17 31 01 -28 04 13 PK358+ 3.6PLNNB14.8
17 31 07 -27 06 13 PK359+ 3.2PLNNB13.7
17 31 13 -26 59 13 PK359+ 3.1PLNNB13.9
17 31 25 -29 59 13 HP 1 GLOCL
17 31 31 -28 15 13 PK358+ 3.8PLNNB13.7
17 31 46 -08 19 12 PK 16+13.1PLNNB14.6
17 32 18 -20 32 12 B268,270 DRKNB
17 32 39 +07 03 48 NGC 6384 GALXY10.4
17 33 07 -30 00 12 PK357+ 1.1PLNNB
17 33 19 -26 00 12 B 78 DRKNB
17 33 54 -21 46 12 PK 4+ 6.2PLNNB15.0
17 34 42 -22 53 11 PK 3+ 5.1PLNNB15.0
17 35 13 -26 36 11 PK 0+ 3.1PLNNB14.1
17 35 30 -18 34 11 PK 7+ 7.1PLNNB14.0
17 35 31 -29 03 11 PK358+ 1.1PLNNB
17 35 42 -20 57 11 PK 5+ 6.1PLNNB14.0
17 36 07 -27 43 11 PK359+ 2.3PLNNB13.9
17 36 18 -24 26 10 PK 2+ 4.1PLNNB13.2
17 36 42 -21 31 10 PK 5+ 5.1PLNNB
17 37 42 -18 47 10 PK 7+ 6.1PLNNB14.5
17 37 52 -03 15 10 NGC 6402 GLOCL07.6
17 37 55 -28 32 10 PK358+ 3.2PLNNB
17 38 30 -19 38 10 PK 7+ 6.2PLNNB13.8
17 38 48 -22 09 09 PK 4+ 4.1PLNNB13.3
17 38 54 -23 55 09 NGC 6401 GLOCL09.5
17 39 01 -28 43 09 PK359+ 1.1PLNNB14.0
17 39 12 -18 18 09 PK 8+ 6.1PLNNB11.0
17 39 48 -19 47 09 B 79,276 DRKNB
17 40 12 -21 14 09 PK 5+ 5.2PLNNB
17 40 24 -24 26 09 PK 3+ 3.1PLNNB14.0
17 40 31 -26 45 09 PK 1+ 2.1PLNNB15.0
17 40 36 -22 19 09 PK 5+ 4.1PLNNB15.5
17 40 49 -27 01 09 PK 1+ 1.1PLNNB15.5
17 40 56 +12 36 52 NGC 6413 NONEX
17 41 54 -22 14 08 PK 5+ 4.2PLNNB
17 42 12 -24 42 08 PK 3+ 2.1PLNNB13.0
17 42 12 -24 11 08 PK 3+ 3.2PLNNB
17 43 57 +02 59 53 NGC 6426 GLOCL11.2
17 44 01 -26 13 07 Pal 6 GLOCL13.6
17 46 30 -18 40 06 PK 8+ 5.1PLNNB13.0
17 46 33 +05 42 54 IC 4665 OPNCL04.2
17 46 36 -20 13 06 PK 7+ 4.1PLNNB14.7
17 46 46 -08 28 06 PK 24- 2.1PLNNB
17 48 21 +01 17 55 Cr 350 OPNCL06.1
17 53 03 +04 09 57 NGC 6481 2STAR
17 53 50 +10 36 57 PK 36+17.1PLNNB14.6
17 59 21 +07 09 00 UGC 11074 GALXY13.3
17 59 39 +06 17 00 NGC 6509 GALXY12.5
18 01 15 +03 00 00 Mel 186 OPNCL 3
18 02 04 -08 57 59 NGC 6517 GLOCL10.3
18 02 09 +06 58 01 UGC 11093 GALXY13.0
18 02 20 +11 03 01 NGC 6525 NONEX
18 11 14 +14 05 05 NGC 6570 GALXY12.7
18 12 02 +12 05 05 UGC 11141 GALXY13.2
18 12 21 +06 51 05 NGC 6572 PLNNB 9
18 16 45 +01 53 07 PK 30+ 8.1PLNNB
18 17 50 +10 09 08 PK 38+12.1PLNNB13.5
18 18 50 +13 17 08 NGC 6615 GALXY13.1
18 23 39 +03 37 10 PK 32+ 7.1PLNNB
18 27 57 +06 34 12 NGC 6633 OPNCL04.6
18 32 27 +07 14 14 PK 37+ 7.1PLNNB
