04 47 27 -02 02 29 NGC 1661 GALXY13.2
04 48 47 +10 56 31 NGC 1662 OPNCL06.4
04 48 53 +13 10 31 NGC 1663 OPNCL
04 50 09 -02 43 30 NGC 1670 GALXY12.7
04 50 33 -00 45 30 NGC 1671 NONEX
04 51 57 -02 37 31 NGC 1678 GALXY13.2
04 52 33 -03 05 31 NGC 1682 GALXY14.0
04 52 33 -03 00 31 NGC 1683 GALXY
04 52 45 -03 05 31 NGC 1684 GALXY13.0
04 52 51 -02 56 31 NGC 1685 GALXY14.5
04 54 34 +01 37 28 NGC 1690 GALXY15.0
04 54 52 +03 15 28 NGC 1691 GALXY12.0
04 59 03 -00 28 34 NGC 1709 GALXY14.2
04 59 09 -00 29 34 NGC 1713 GALXY12.7
04 59 10 +08 14 26 NGC 1707 NONEX
04 59 28 +05 36 26 MCG +01-13GALXY12.0
04 59 27 -00 14 34 NGC 1717 1STAR
04 59 51 -00 15 34 NGC 1719 GALXY13.6
05 00 21 -03 20 34 NGC 1729 GALXY13.0
05 01 51 -03 17 35 NGC 1742 1STAR
05 02 03 -03 17 35 NGC 1740 GALXY15.0
05 02 39 -03 20 35 NGC 1753 GALXY15.5
05 03 52 +01 34 24 NGC 1762 GALXY12.6
05 05 53 +10 42 24 PK190-17.1PLNNB12.9
05 06 45 -03 25 37 LDN 1616 DRKNB
05 07 09 -03 19 37 NGC 1788 BRTNB
05 11 58 +05 12 21 NGC 1819 GALXY12.4
05 14 26 -10 35 40 NGC 1843 GALXY13.0
05 16 58 +06 28 19 Abell 539GALCL14.4
05 18 23 +13 25 18 MCG +02-14GALXY12.0
05 18 29 +13 24 18 vdB 37 BRTNB
05 20 40 +08 24 17 Sh2-263 BRTNB
05 21 58 +06 40 17 NGC 1875 GALXY13.6
05 21 58 +08 27 17 vdB 38 BRTNB
05 22 40 +07 07 16 Do 17 OPNCL
05 23 58 +08 11 16 Do 19 OPNCL
05 24 11 +11 28 16 DoDz 2 OPNCL
05 25 52 +06 35 15 MCG +01-14GALXY12.0
05 26 01 -20 31 45 NGC 1908 NONEX
05 26 08 -08 07 45 NGC 1909 NONEX
05 26 17 +16 00 15 Cr 65 OPNCL 3
05 27 40 +07 04 14 Do 21 OPNCL
05 28 09 -05 18 46 NGC 1924 GALXY12.5
05 28 56 -08 22 46 NGC 1927 NONEX
05 30 05 +12 32 13 B 30-2,225DRKNB
05 32 04 +06 56 12 PK197-14.1PLNNB12.7
05 33 15 -05 59 48 LDN 1641 DRKNB
05 33 39 +00 13 12 Berk 20 OPNCL
05 33 39 -00 36 48 IC 423 BRTNB
05 35 17 +10 00 11 Sh2-264 BRTNB
05 35 23 +09 56 11 Cr 69 OPNCL02.8
05 35 21 -04 43 49 NGC 1973 BRTNB
05 35 27 -05 54 49 NGC 1980 CL+NB02.5
05 35 27 -04 25 49 NGC 1981 OPNCL04.2
05 35 33 -05 22 49 NGC 1976 CL+NB 4
05 35 33 -04 40 49 NGC 1975 BRTNB
05 35 39 -04 47 49 NGC 1977 CL+NB
05 35 45 -05 15 49 NGC 1982 BRTNB 9
05 36 15 -00 59 50 Cr 70 OPNCL0.4
05 36 33 -01 11 50 NGC 1990 BRTNB
05 36 45 -06 42 50 NGC 1999 BRTNB
05 37 03 -00 14 50 IC 426 BRTNB
05 37 34 +08 16 10 PK196-12.1BRTNB17.1
05 38 45 -07 04 51 IC 430 BRTNB
05 39 28 +04 10 09 vdB 49 BRTNB
05 39 33 -01 19 51 Sigma Ori OPNCL
05 40 33 -01 26 51 IC 431 BRTNB
05 41 09 -02 27 52 B 33 DRKNB
05 41 09 -01 28 52 IC 432 BRTNB
05 41 15 -02 23 52 IC 434 BRTNB
05 41 51 -02 12 52 NGC 2023 BRTNB
05 42 15 -06 15 52 MCG -01-15GALXY12.0
05 42 15 -01 49 52 NGC 2024 BRTNB
05 42 22 +09 05 08 NGC 2022 PLNNB12.8
05 43 15 -02 18 53 IC 435 BRTNB
05 44 22 +08 38 07 NGC 2039 NONEX
05 45 17 +12 53 07 NGC 2045 NONEX
05 45 26 -10 03 54 NGC 2054 3STAR
05 45 34 +09 04 06 Ced 59 BRTNB
05 45 46 +09 03 06 B 35 DRKNB
05 45 58 +07 31 06 B 36 DRKNB
05 46 39 -00 00 54 NGC 2064 BRTNB
05 46 45 +00 07 06 NGC 2067 BRTNB
05 47 03 +00 04 06 NGC 2068 BRTNB 8
05 47 04 +08 48 06 NGC 2063 NONEX
05 47 27 +00 18 06 NGC 2071 BRTNB
05 48 15 +01 00 05 Sh2-276 BRTNB
05 49 28 +07 24 05 Cr 74 OPNCL14.4
05 51 24 +22 12 04 Berk 72 OPNCL
05 52 00 +21 47 04 Berk 21 OPNCL01.1
05 52 27 -07 26 57 NGC 2110 GALXY14.0
05 54 09 +00 24 03 NGC 2112 OPNCL09.1
05 54 52 +02 00 02 LDN 1622 DRKNB
05 56 18 +20 52 02 Czernik 24OPNCL
05 57 41 +11 57 01 NGC 2119 GALXY
05 58 30 +21 58 01 Basel 11B OPNCL08.9
05 59 24 +21 54 00 Basel 11 OPNCL08.9
05 59 34 +07 50 00 Berk 22 OPNCL
06 02 41 +09 38 59 PK198- 6.1PLNNB13.9
06 03 16 +05 42 59 NGC 2143 NONEX
06 03 23 +10 25 59 NGC 2141 OPNCL09.4
06 05 04 +03 56 58 PK204- 8.1PLNNB15.3
06 08 41 +13 56 56 NGC 2169 OPNCL05.9
06 09 11 +15 48 56 Sh2-261 BRTNB
06 09 30 +18 40 56 Ced 62 BRTNB
06 09 52 +04 42 56 NGC 2180 NONEX
06 10 00 +20 30 56 NGC 2174 BRTNB
06 10 06 +20 18 56 NGC 2175 CL+NB06.8
06 11 12 +20 35 55 NGC 2175S OPNCL06.8
06 11 09 -03 31 05 NGC 2184 OPNCL
06 11 29 +11 45 55 PK197- 3.1PLNNB14.0
06 12 28 +05 26 55 NGC 2186 OPNCL08.7
06 12 34 +01 07 55 NGC 2189 NONEX
06 13 12 +17 58 54 IC 2162 BRTNB
06 13 28 +06 58 54 Czernik 25OPNCL
06 14 05 +12 47 54 NGC 2194 OPNCL08.5
06 14 09 +00 59 54 NGC 2198 NONEX
06 14 42 +17 43 54 NGC 2195 BRTNB
06 15 29 +12 21 53 PK197- 2.1PLNNB
06 16 05 +14 15 53 PK196- 1.1BRTNB
06 17 10 +05 58 53 NGC 2202 NONEX
06 19 11 +15 16 52 PK195- 0.1BRTNB
