00 01 39 +13 07 40 NGC 7803 GALXY13.1
00 01 39 +31 26 40 NGC 7805 GALXY13.3
00 01 45 +31 27 40 NGC 7806 GALXY13.5
00 02 39 +12 58 40 NGC 7810 GALXY13.0
00 03 39 +20 42 40 NGC 7815 NONEX
00 04 15 +20 45 40 NGC 7817 GALXY11.8
00 04 39 +31 29 40 NGC 7819 GALXY13.5
00 05 33 +16 09 40 NGC 7814 GALXY10.6
00 06 45 +27 39 40 NGC 7833 NONEX
00 07 15 +27 40 40 NGC 7839 2STAR
00 07 33 +27 43 40 NGC 1 GALXY12.9
00 07 33 +27 41 40 NGC 2 GALXY14.2
00 08 57 +15 49 40 NGC 14 GALXY12.1
00 09 03 +23 51 40 NGC 8 2STAR15.0
00 09 09 +23 49 40 NGC 9 GALXY13.6
00 09 22 +27 44 40 NGC 16 GALXY12.0
00 09 21 +21 37 40 NGC 15 GALXY13.8
00 09 40 +27 44 40 NGC 18 NONEX
00 10 04 +27 51 40 NGC 22 GALXY13.6
00 10 10 +25 56 40 NGC 23 GALXY12.0
00 10 40 +25 50 40 NGC 26 GALXY12.7
00 11 04 +21 58 40 NGC 30 2STAR
00 11 09 +18 48 40 NGC 32 ASTER
00 13 04 +22 03 40 NGC 41 GALXY13.6
00 13 10 +22 07 40 NGC 42 GALXY13.8
00 13 33 +17 03 40 UGC 122 GALXY14.9
00 14 52 +18 34 40 NGC 52 GALXY13.3
21 09 50 +15 08 14 NGC 7033 GALXY14.1
21 09 56 +15 10 14 NGC 7034 GALXY13.8
21 10 26 +15 28 14 NGC 7036 NONEX
21 14 02 +13 34 15 NGC 7042 GALXY12.0
21 14 20 +13 37 15 NGC 7043 GALXY13.7
21 21 20 +23 05 17 NGC 7053 GALXY13.0
21 22 26 +18 40 17 NGC 7056 GALXY12.9
21 26 26 +14 11 18 NGC 7066 GALXY13.8
21 26 50 +12 14 19 NGC 7068 GALXY14.8
21 29 45 +06 43 19 NGC 7074 GALXY
21 30 14 +12 11 20 NGC 7078 GLOCL06.4
21 32 02 +17 26 20 NGC 7084 NONEX
21 32 33 +06 37 20 NGC 7085 GALXY15.2
21 36 56 +12 48 21 NGC 7094 PLNNB13.4
21 39 45 +08 54 22 NGC 7100 GALXY14.7
21 39 51 +08 55 22 NGC 7101 GALXY
21 39 57 +06 18 22 NGC 7102 GALXY14.4
21 42 33 +12 31 23 NGC 7112 GALXY14.3
21 42 39 +12 36 23 NGC 7113 GALXY15.2
21 47 27 +10 15 24 NGC 7132 GALXY14.6
21 48 26 +22 11 24 NGC 7137 GALXY12.4
21 49 15 +12 31 24 NGC 7138 GALXY14.1
21 52 03 +03 02 25 NGC 7146 GALXY14.3
21 52 15 +03 05 25 NGC 7147 GALXY13.5
21 52 21 +03 21 25 NGC 7148 GALXY
21 52 27 +03 19 25 NGC 7149 GALXY13.1
21 54 51 +02 58 26 NGC 7156 GALXY12.5
21 56 39 +13 35 26 NGC 7159 GALXY15.2
21 57 15 +02 58 26 NGC 7161 2STAR
22 00 56 +17 45 27 NGC 7177 GALXY11.2
22 01 13 +35 07 27 NGC 7186 NONEX
22 02 50 +19 46 27 IC 1420 GALXY13.1
22 03 21 +11 13 27 NGC 7190 GALXY13.8
22 03 39 +12 40 28 NGC 7195 GALXY15.6
22 03 45 +12 38 28 NGC 7194 GALXY13.1
22 03 51 +10 50 28 NGC 7193 NONEX
22 05 50 +16 48 28 NGC 7206 GALXY13.3
22 05 56 +16 46 28 NGC 7207 GALXY
22 06 32 +27 07 28 NGC 7210 NONEX
22 07 15 +10 15 28 NGC 7212 GALXY13.8
22 08 07 +31 23 28 NGC 7217 GALXY10.1
22 11 50 +25 51 29 NGC 7224 GALXY13.2
22 14 57 +13 52 30 NGC 7236 GALXY13.6
22 15 03 +13 51 30 NGC 7237 GALXY15.0
22 15 32 +22 31 30 NGC 7238 NONEX
22 16 02 +19 15 30 NGC 7241 GALXY12.6
22 16 39 +16 29 30 NGC 7244 GALXY13.8
22 19 32 +29 25 31 NGC 7253B GALXY14.5
22 19 38 +29 25 31 NGC 7253A GALXY14.4
22 23 50 +32 25 31 NGC 7270 GALXY13.9
22 24 02 +32 23 32 NGC 7271 GALXY15.7
22 24 20 +32 28 32 NGC 7275 GALXY14.3
22 24 45 +16 37 32 NGC 7272 GALXY15.0
22 26 39 +16 11 32 NGC 7280 GALXY12.1
22 28 14 +29 08 32 NGC 7286 GALXY12.5
22 28 38 +30 19 32 NGC 7292 GALXY12.5
22 28 39 +17 10 32 NGC 7290 GALXY13.3
22 28 45 +16 48 32 NGC 7291 GALXY13.1
22 28 51 +17 31 32 NGC 7283 GALXY14.3
22 31 44 +30 59 33 NGC 7304 NONEX
22 31 50 +30 59 33 NGC 7303 GALXY12.6
22 32 27 +11 44 33 NGC 7305 GALXY15.1
22 33 21 +08 06 33 UGC 12074 GALXY13.4
22 34 27 +05 36 33 NGC 7311 GALXY12.5
22 34 57 +05 50 33 NGC 7312 GALXY13.4
22 35 38 +34 51 33 NGC 7315 GALXY12.5
22 36 08 +20 20 34 NGC 7316 GALXY13.0
22 36 08 +33 59 34 NGC 7318B GALXY13.1
22 36 08 +33 58 34 NGC 7317 GALXY13.6
22 36 14 +33 59 34 NGC 7318A GALXY13.4
22 36 20 +33 58 34 NGC 7320 GALXY12.6
22 36 20 +34 00 34 NGC 7319 GALXY13.1
22 36 26 +34 01 34 NGC 7320C GALXY15.5
22 36 38 +21 39 34 NGC 7321 GALXY12.9
22 36 44 +33 48 34 NGC 7320A GALXY
22 37 03 +19 10 34 NGC 7323 GALXY12.9
22 37 02 +34 23 34 NGC 7325 GALXY
22 37 02 +34 26 34 NGC 7326 GALXY
22 37 02 +34 30 34 NGC 7327 1STAR
22 37 15 +19 10 34 NGC 7324 GALXY15.1
22 37 20 +34 26 34 NGC 7331 GALXY09.5
22 37 26 +34 30 34 NGC 7336 GALXY15.0
22 37 26 +34 27 34 NGC 7333 NONEX
22 37 32 +34 28 34 NGC 7335 GALXY13.4
22 37 38 +23 49 34 NGC 7332 GALXY11.1
22 37 38 +34 23 34 NGC 7337 GALXY14.4
22 37 38 +33 56 34 NGC 7320B GALXY
22 37 45 +10 33 34 NGC 7328 GALXY13.1
22 37 44 +34 26 34 NGC 7338 NONEX
22 37 50 +34 27 34 NGC 7340 GALXY13.7
22 38 02 +23 48 34 NGC 7339 GALXY12.2
22 38 20 +35 32 34 NGC 7342 GALXY13.9
22 38 50 +34 05 34 NGC 7343 GALXY13.5
22 38 50 +35 34 34 NGC 7345 GALXY14.3
22 39 45 +11 48 34 NGC 7353 GALXY15.0
22 39 45 +11 06 34 NGC 7346 GALXY15.6
22 40 09 +11 03 34 NGC 7347 GALXY13.6
22 40 51 +11 55 34 NGC 7348 GALXY13.8
22 41 15 +11 59 34 NGC 7350 1STAR
22 42 20 +30 44 34 NGC 7356 GALXY14.1
22 42 38 +30 12 35 NGC 7357 GALXY14.0
22 43 32 +34 01 35 NGC 7363 GALXY13.8
22 43 51 +04 10 35 NGC 7360 GALXY13.6
22 44 09 +08 44 35 NGC 7362 GALXY12.7
22 44 32 +34 22 35 NGC 7369 GALXY13.6
22 44 33 +10 47 35 NGC 7366 GALXY15.5
22 44 57 +03 42 35 NGC 7367 GALXY13.8
22 45 21 +06 27 35 UGC 12178 GALXY13.1
22 45 45 +11 04 35 NGC 7370 GALXY
22 45 57 +11 09 35 NGC 7372 GALXY13.4
22 46 15 +10 52 35 NGC 7374A GALXY14.9
22 46 45 +03 14 35 NGC 7373 GALXY13.6
22 46 51 +21 06 35 NGC 7375 GALXY14.9
22 46 51 +11 12 35 NGC 7374B GALXY15.5
22 47 39 +03 41 35 NGC 7376 GALXY14.4
22 49 51 +11 37 36 NGC 7383 GALXY13.7
22 49 57 +11 34 36 NGC 7384 GALXY
22 50 09 +11 37 36 NGC 7385 GALXY12.0
22 50 09 +11 43 36 NGC 7386 GALXY12.3
22 50 27 +11 45 36 NGC 7388 GALXY
22 50 33 +11 36 36 NGC 7389 GALXY13.8
22 50 33 +11 39 36 NGC 7387 GALXY14.0
22 50 33 +11 33 36 NGC 7390 GALXY14.1
22 53 03 +12 36 36 NGC 7405 GALXY
22 53 32 +32 09 36 NGC 7407 GALXY13.1
22 53 57 +20 13 36 NGC 7409 GALXY15.6
22 54 45 +20 15 36 NGC 7411 GALXY13.4
22 55 03 +20 16 36 NGC 7415 GALXY15.0
22 55 21 +13 14 36 NGC 7413 GALXY14.1
22 55 33 +13 16 36 NGC 7414 GALXY
22 55 50 +29 49 36 NGC 7420 GALXY13.9
22 57 27 +08 31 36 NGC 7427 GALXY15.4
22 57 45 +08 49 37 NGC 7430 GALXY15.1
22 58 02 +26 11 37 NGC 7431 GALXY15.6
22 58 08 +26 09 37 NGC 7435 GALXY14.2
22 58 15 +13 09 37 NGC 7432 GALXY13.4
22 58 14 +26 10 37 NGC 7433 GALXY14.0
22 58 14 +26 10 37 NGC 7436A GALXY14.0
22 58 14 +26 10 37 NGC 7436B GALXY15.0
22 58 27 +14 19 37 NGC 7437 GALXY13.3
22 58 56 +29 11 37 NGC 7439 GALXY14.0
22 59 27 +13 36 37 UGC 12281 GALXY14.3
22 59 39 +15 34 37 NGC 7442 GALXY13.3
23 00 15 +16 00 37 NGC 7448 GALXY11.7
23 00 39 +08 29 37 NGC 7451 GALXY14.0
23 01 14 +30 10 37 NGC 7457 GALXY11.2
23 01 21 +16 24 37 NGC 7454 GALXY11.8
23 01 57 +15 36 37 NGC 7461 GALXY13.3
23 02 09 +16 00 37 NGC 7463 GALXY13.2
23 02 09 +15 59 37 NGC 7464 GALXY13.3
23 02 15 +15 59 37 NGC 7465 GALXY12.6
23 02 15 +27 04 37 NGC 7466 GALXY13.6
23 02 33 +15 34 37 NGC 7467 GALXY15.6
23 03 09 +16 37 37 NGC 7468 GALXY13.7
23 04 08 +30 11 37 NGC 7473 GALXY13.7
23 04 15 +20 03 37 NGC 7474 GALXY15.2
23 04 21 +20 04 37 NGC 7475 GALXY15.1
23 04 33 +08 53 37 NGC 7469 GALXY12.3
23 05 09 +12 20 37 NGC 7479 GALXY10.9
23 05 33 +16 52 37 UGC 12350 GALXY14.0
23 06 20 +34 07 37 NGC 7485 GALXY13.1
23 06 26 +34 05 37 NGC 7486 GALXY
23 06 57 +12 47 38 Pal 13 GLOCL13.8
23 07 09 +28 12 38 NGC 7487 GALXY14.8
23 07 38 +32 23 38 NGC 7490 GALXY12.3
23 07 39 +23 01 38 NGC 7489 GALXY13.4
23 09 21 +18 12 38 NGC 7497 GALXY12.2
23 09 21 +12 05 38 NGC 7495 GALXY13.1
23 10 51 +11 02 38 NGC 7500 GALXY13.3
23 10 51 +14 25 38 NGC 7504 1STAR
23 11 27 +13 38 38 NGC 7505 GALXY15.6
23 12 09 +12 59 38 NGC 7508 GALXY15.7
23 12 33 +31 09 38 NGC 7512 GALXY12.6
23 12 38 +34 54 38 NGC 7514 GALXY12.5
23 12 39 +14 38 38 NGC 7509 GALXY15.0
23 12 45 +13 44 38 NGC 7511 GALXY13.8
23 12 57 +10 48 38 NGC 7519 GALXY15.2
23 13 03 +20 15 38 NGC 7516 GALXY13.3
23 13 09 +12 42 38 NGC 7515 GALXY12.4
23 13 51 +24 55 38 NGC 7527 GALXY13.3
23 13 57 +14 02 38 NGC 7525 GALXY15.2
23 13 57 +14 01 38 NGC 7523 GALXY15.7
23 14 21 +08 59 38 NGC 7529 GALXY14.1
23 14 33 +13 27 38 NGC 7536 GALXY13.4
23 14 33 +13 36 38 NGC 7535 GALXY13.7
23 14 33 +10 14 38 NGC 7528 GALXY
23 14 39 +23 41 38 NGC 7539 GALXY12.5
23 14 45 +15 57 38 NGC 7540 GALXY15.7
23 14 51 +28 20 38 NGC 7543 GALXY13.0
23 14 51 +15 56 38 NGC 7551 GALXY
23 15 03 +10 40 38 NGC 7542 GALXY15.7
23 15 15 +18 59 38 NGC 7547 GALXY13.7
23 15 21 +25 17 38 NGC 7548 GALXY13.3
23 15 33 +18 58 38 NGC 7550 GALXY12.2
23 15 33 +19 03 38 NGC 7549 GALXY13.0
23 15 33 +19 02 38 NGC 7553 GALXY
23 15 51 +18 56 38 NGC 7558 GALXY14.9
23 15 51 +12 36 38 NGC 7555 NONEX
23 16 09 +13 18 38 NGC 7559A GALXY14.7
23 16 09 +13 18 38 NGC 7559B GALXY16.0
23 16 15 +13 12 38 NGC 7563 GALXY12.8
23 16 27 +15 53 38 NGC 7567 GALXY14.4
23 16 33 +24 30 38 NGC 7568 GALXY13.5
23 17 03 +13 30 38 NGC 7570 GALXY13.2
23 17 03 +18 30 38 NGC 7572 GALXY15.0
23 17 03 +10 56 38 NGC 7569 NONEX
23 17 03 +24 01 38 NGC 7574 NONEX
23 17 27 +18 42 38 NGC 7578A GALXY13.3
23 17 27 +18 43 38 NGC 7578B GALXY14.0
23 17 27 +19 00 38 NGC 7571 NONEX
23 17 51 +14 01 39 NGC 7580 GALXY13.7
23 17 57 +09 26 39 NGC 7579 GALXY14.0
23 17 57 +08 16 39 NGC 7586 GALXY15.1
23 18 03 +18 46 39 NGC 7588 GALXY15.7
23 18 15 +11 22 39 NGC 7593 GALXY13.6
23 18 15 +09 42 39 NGC 7587 GALXY13.9
23 18 15 +09 26 39 NGC 7584 GALXY14.3
23 18 33 +10 14 39 NGC 7594 GALXY13.0
23 18 45 +18 42 39 NGC 7597 GALXY13.9
23 18 45 +18 45 39 NGC 7598 GALXY15.6
23 18 45 +09 55 39 NGC 7595 GALXY
23 19 03 +09 15 39 NGC 7601 GALXY14.0
23 19 03 +18 43 39 NGC 7602 GALXY14.3
23 19 15 +11 22 39 NGC 7607 NONEX
23 19 33 +08 21 39 NGC 7608 GALXY14.2
23 19 45 +09 30 39 NGC 7609 GALXY14.1
23 19 45 +10 10 39 NGC 7616 GALXY
23 19 51 +10 11 39 NGC 7610 GALXY13.0
23 20 03 +08 34 39 NGC 7612 GALXY12.8
23 20 09 +08 25 39 NGC 7615 GALXY14.3
23 20 21 +24 14 39 NGC 7620 GALXY13.1
23 20 27 +08 13 39 NGC 7619 GALXY11.1
23 20 39 +27 20 39 NGC 7624 GALXY13.1
23 20 39 +08 21 39 NGC 7621 GALXY15.6
23 20 45 +17 15 39 NGC 7625 GALXY12.1
23 20 45 +08 25 39 NGC 7623 GALXY12.9
23 20 57 +08 14 39 NGC 7626 GALXY11.1
23 21 03 +25 54 39 NGC 7628 GALXY12.7
23 21 09 +12 04 39 NGC 7627 NONEX
23 21 39 +11 25 39 NGC 7630 GALXY14.2
23 21 45 +08 14 39 NGC 7631 GALXY13.1
23 21 51 +08 53 39 NGC 7634 GALXY12.6
23 22 45 +11 19 39 NGC 7638 GALXY15.0
23 22 51 +11 54 39 NGC 7641 GALXY13.9
23 23 03 +11 22 39 NGC 7639 GALXY15.5
23 23 09 +12 00 39 NGC 7643 GALXY13.2
23 24 03 +09 40 39 NGC 7648 GALXY13.0
23 24 21 +16 48 39 NGC 7647 GALXY13.6
23 24 33 +14 39 39 NGC 7649 GALXY14.0
23 24 45 +13 59 39 NGC 7644 GALXY15.0
23 24 45 +13 59 39 NGC 7651 GALXY15.0
23 25 09 +15 17 39 NGC 7653 GALXY12.7
23 25 57 +27 02 39 NGC 7660 GALXY12.7
23 26 15 +14 13 39 NGC 7659 GALXY14.0
23 26 51 +25 05 39 NGC 7664 GALXY12.7
23 27 33 +12 29 39 NGC 7671 GALXY12.8
23 27 45 +12 24 39 NGC 7672 GALXY13.9
23 27 57 +23 36 39 NGC 7673 GALXY12.8
23 28 09 +08 48 39 NGC 7674 GALXY13.2
23 28 15 +08 47 39 NGC 7675 GALXY14.9
23 28 21 +23 33 39 NGC 7677 GALXY13.2
23 28 45 +22 26 39 NGC 7678 GALXY11.8
23 28 45 +32 25 39 NGC 7680 GALXY12.6
23 28 51 +14 46 39 UGC 12613 GALXY12.0
23 28 51 +17 17 39 NGC 7681 GALXY13.7
23 31 27 +21 25 39 NGC 7688 GALXY15.4
23 32 51 +15 51 39 NGC 7691 GALXY12.9
23 34 15 +24 57 40 NGC 7698 GALXY13.3
23 35 09 +16 05 40 NGC 7703 GALXY13.4
23 35 09 +18 15 40 UGC 12682 GALXY13.5
23 35 57 +15 19 40 NGC 7711 GALXY12.1
23 36 09 +23 37 40 NGC 7712 GALXY12.7
23 36 09 +30 29 40 PK104-29.1PLNNB12.7
23 36 45 +21 10 40 IC 5338 GALXY13.7
23 37 45 +18 01 40 UGC 12710 GALXY13.9
23 38 21 +25 42 40 NGC 7718 GALXY14.0
23 38 27 +30 44 40 UGC 12713 GALXY14.3
23 38 33 +27 04 40 Abell 2634GALCL13.8
23 38 45 +27 03 40 NGC 7720 GALXY12.4
23 38 57 +27 01 40 NGC 7726 GALXY14.2
23 39 03 +15 58 40 NGC 7722 GALXY12.4
23 40 15 +27 09 40 NGC 7728 GALXY13.1
23 40 51 +26 15 40 UGC 12732 GALXY13.3
23 40 51 +29 12 40 NGC 7729 GALXY13.5
23 42 33 +26 14 40 NGC 7735 GALXY13.6
23 43 03 +27 04 40 NGC 7737 GALXY13.8
23 43 33 +27 22 40 NGC 7740 GALXY15.6
23 44 09 +26 06 40 NGC 7741 GALXY11.3
23 44 33 +10 47 40 NGC 7742 GALXY11.6
23 44 39 +09 57 40 NGC 7743 GALXY11.5
23 45 03 +25 54 40 NGC 7745 GALXY
23 45 51 +27 23 40 NGC 7747 GALXY13.6
23 47 15 +29 28 40 NGC 7752 GALXY14.3
23 47 21 +29 30 40 NGC 7753 GALXY12.0
23 49 33 +30 59 40 NGC 7760 GALXY13.4
23 51 03 +27 11 40 NGC 7765 GALXY14.5
23 51 09 +27 11 40 NGC 7768 GALXY12.3
23 51 09 +27 06 40 NGC 7767 GALXY13.5
23 51 09 +27 11 40 Abell 2666GALCL13.8
23 51 09 +27 08 40 NGC 7766 GALXY15.7
23 51 21 +20 10 40 NGC 7769 GALXY12.0
23 51 39 +20 08 40 NGC 7771 GALXY12.3
23 51 39 +20 07 40 NGC 7770 GALXY13.8
23 52 03 +16 16 40 NGC 7772 OPNCL
23 52 27 +11 29 40 NGC 7774 GALXY13.1
23 52 33 +31 17 40 NGC 7773 GALXY13.4
23 52 45 +28 47 40 NGC 7775 GALXY13.3
23 53 33 +28 18 40 NGC 7777 GALXY13.3
23 55 33 +21 46 40 NGC 7784 GALXY15.5
23 55 39 +21 36 40 NGC 7786 GALXY13.1
23 55 51 +17 57 40 UGC 12843 GALXY13.3
23 57 03 +16 51 40 UGC 12856 GALXY13.9
23 58 15 +10 46 40 NGC 7791 2STAR
23 58 21 +16 30 40 NGC 7792 GALXY15.0
23 58 51 +10 43 40 NGC 7794 GALXY12.5
23 59 39 +20 46 40 NGC 7798 GALXY12.4
23 59 45 +31 18 40 NGC 7799 GALXY
23 59 51 +14 50 40 NGC 7800 GALXY12.6
