01 42 37 +51 35 30 NGC 651 PLNNB11.0
01 42 43 +51 35 30 NGC 650 PLNNB11.0
01 53 08 +57 05 28 Stock 4 OPNCL
01 58 44 +55 30 27 NGC 744 OPNCL07.9
01 59 08 +52 55 27 PK133- 8.1PLNNB
02 19 10 +58 20 22 Basel 10 OPNCL09.9
02 19 21 +57 10 22 NGC 869 OPNCL05.3
02 22 45 +57 08 21 NGC 884 OPNCL06.1
02 33 22 +58 45 19 Czernik 8OPNCL09.7
02 33 58 +57 33 19 NGC 957 OPNCL07.6
02 37 40 +56 00 18 Tr 2 OPNCL05.9
02 39 31 +41 41 17 NGC 1001 GALXY14.5
02 39 37 +40 52 17 NGC 1003 GALXY11.4
02 39 49 +41 30 17 NGC 1005 GALXY14.5
02 40 04 +56 57 17 Czernik 12OPNCL
02 40 49 +39 04 17 NGC 1023 GALXY09.4
02 42 19 +42 48 16 NGC 1039 OPNCL05.2
02 42 31 +41 31 16 NGC 1040 NONEX
02 42 48 +34 47 16 NGC 1050 GALXY12.6
02 43 31 +41 31 16 NGC 1053 GALXY12.9
02 43 55 +37 21 16 NGC 1058 GALXY11.2
02 45 43 +42 34 15 PK144-15.1PLNNB16.7
02 46 25 +40 06 15 NGC 1077B GALXY14.0
02 46 25 +40 06 15 NGC 1077A GALXY16.0
02 48 13 +41 16 15 NGC 1086 GALXY12.8
02 48 13 +37 33 15 UGC 2259 GALXY13.4
02 50 55 +41 42 14 NGC 1106 GALXY12.3
02 52 39 +50 37 13 PK141- 7.1PLNNB16.0
02 53 08 +42 13 13 NGC 1122 GALXY12.1
02 53 08 +42 14 13 NGC 1123 NONEX
02 54 43 +41 38 13 NGC 1130 GALXY13.0
02 54 49 +41 36 13 NGC 1129 GALXY12.5
02 54 55 +41 35 13 NGC 1131 GALXY15.5
02 56 50 +43 04 12 NGC 1138 GALXY12.8
02 57 50 +46 28 12 NGC 1146 NONEX
03 00 55 +40 16 11 UGC 2463 GALXY13.9
03 01 02 +43 11 11 NGC 1159 GALXY14.0
03 01 38 +44 56 10 NGC 1161 GALXY11.0
03 01 38 +44 59 10 NGC 1160 GALXY12.8
03 02 07 +35 14 10 NGC 1167 GALXY12.4
03 02 07 +35 52 10 Abell 407GALCL14.7
03 02 14 +42 37 10 NGC 1164 GALXY13.1
03 03 56 +46 24 10 NGC 1169 GALXY11.3
03 04 26 +43 25 10 NGC 1171 GALXY12.3
03 04 32 +41 23 10 NGC 1173 NONEX
03 04 50 +42 22 09 NGC 1175 GALXY12.9
03 04 50 +42 51 09 NGC 1174 NONEX
03 04 50 +41 24 09 NGC 1176 NONEX
03 04 56 +42 23 09 NGC 1177 GALXY14.5
03 04 56 +41 19 09 NGC 1178 NONEX
03 05 02 +41 23 09 NGC 1183 NONEX
03 05 50 +42 51 09 NGC 1186 GALXY11.4
03 06 08 +44 24 09 NGC 1193 OPNCL12.6
03 06 32 +42 24 09 IC 284 GALXY11.5
03 06 32 +41 53 09 NGC 1198 GALXY12.5
03 06 32 +44 05 09 NGC 1197 NONEX
03 08 31 +38 24 08 NGC 1207 GALXY12.6
03 08 56 +40 52 08 NGC 1212 GALXY
03 09 31 +38 40 08 NGC 1213 GALXY14.5
03 11 25 +35 25 07 NGC 1226 GALXY12.9
03 11 32 +41 24 07 NGC 1224 GALXY13.7
03 11 31 +35 21 07 NGC 1227 GALXY14.2
03 12 04 +53 21 07 NGC 1220 OPNCL11.8
03 12 49 +39 21 07 NGC 1233 GALXY13.2
03 13 07 +38 57 07 NGC 1235 3STAR
03 15 03 +47 16 06 NGC 1245 OPNCL08.4
03 15 10 +52 44 06 King 5 OPNCL
03 15 32 +41 23 06 NGC 1250 GALXY12.8
03 16 44 +41 32 06 NGC 1257 GALXY13.7
03 17 20 +41 22 05 NGC 1259 GALXY15.5
03 17 50 +41 25 05 NGC 1260 GALXY13.3
03 18 14 +41 27 05 NGC 1264 GALXY15.5
03 18 50 +41 51 05 NGC 1265 GALXY12.1
03 19 14 +41 29 05 NGC 1268 GALXY13.4
03 19 14 +41 28 05 NGC 1267 GALXY15.5
03 19 26 +41 28 05 NGC 1270 GALXY13.1
03 19 32 +41 21 05 NGC 1271 GALXY14.1
03 19 50 +41 30 05 NGC 1272 GALXY11.8
03 19 50 +41 33 05 NGC 1273 GALXY13.2
03 20 02 +41 31 05 Abell 426GALCL13.0
03 20 08 +41 33 04 NGC 1274 GALXY14.1
03 20 14 +41 31 04 NGC 1275 GALXY11.9
03 20 14 +41 34 04 NGC 1276 GALXY
03 20 20 +41 34 04 NGC 1278 GALXY12.4
03 20 20 +41 35 04 NGC 1277 GALXY13.5
03 20 26 +41 29 04 NGC 1279 GALXY
03 20 32 +41 38 04 NGC 1281 GALXY13.3
03 20 38 +41 22 04 NGC 1282 GALXY12.9
03 20 44 +41 24 04 NGC 1283 GALXY13.6
03 22 02 +41 24 04 NGC 1293 GALXY13.4
03 22 08 +41 22 04 NGC 1294 GALXY13.2
03 22 21 +49 01 04 Mel 20 OPNCL01.2
03 23 46 +52 16 03 Czernik 15OPNCL
03 29 38 +41 23 01 NGC 1330 GALXY15.5
03 29 37 +31 26 01 NGC 1333 BRTNB
03 30 26 +41 51 01 NGC 1334 GALXY13.1
03 30 44 +41 36 01 NGC 1335 GALXY13.8
03 31 34 +52 40 01 Czernik 16OPNCL
03 31 55 +37 21 00 NGC 1342 OPNCL06.7
03 32 25 +31 11 00 B 1,2,202DRKNB
03 33 34 +52 43 00 Berk 9 OPNCL
03 34 10 +51 27 00 NGC 1348 OPNCL
03 42 04 +52 17 57 PK147- 2.1PLNNB13.6
03 44 19 +31 47 56 B 3,4 DRKNB
03 44 49 +32 17 56 IC 348 CL+NB07.3
03 47 49 +35 03 55 IC 351 PLNNB12.4
03 48 19 +32 54 55 B 5 DRKNB
03 49 47 +52 40 54 NGC 1444 OPNCL06.6
03 49 56 +38 59 54 vdB 24 BRTNB
03 51 58 +51 29 53 PK149- 1.1BRTNB
03 53 55 +32 28 53 NGC 1465 GALXY13.7
03 56 43 +33 52 51 IC 2003 PLNNB12.6
04 00 11 +51 48 50 King 7 OPNCL
04 03 41 +51 18 49 NGC 1491 BRTNB
04 03 38 +36 25 49 NGC 1499 BRTNB
04 04 47 +52 37 48 NGC 1496 OPNCL09.6
04 10 22 +49 31 46 NGC 1513 OPNCL08.4
04 15 47 +51 14 44 NGC 1528 OPNCL06.4
04 20 57 +44 55 42 Berk 11 OPNCL10.4
04 21 17 +50 15 42 NGC 1545 OPNCL06.2
04 21 20 +36 56 42 NGC 1548 OPNCL
04 30 26 +35 16 38 NGC 1579 BRTNB
04 32 21 +43 51 38 NGC 1582 OPNCL 7
04 35 22 +45 15 36 NGC 1605 OPNCL10.7
04 39 05 +50 45 35 Berk 67 OPNCL
04 40 47 +50 27 34 NGC 1624 CL+NB11.8
04 44 51 +42 04 32 Berk 68 OPNCL09.8
04 45 39 +42 41 32 Berk 12 OPNCL
04 46 52 +44 44 32 Ru 148 OPNCL09.5
