00 00 15 +00 01 40 00 Hours_______
00 01 52 +70 44 40 Abell 86 16.7 mp
00 12 52 +69 12 40 Abell 1 18.7 m
00 13 17 +72 32 40 NGC40 10.6 m
00 18 58 +53 54 40 Vy1-1 12.6 m
00 20 17 +63 00 40 BV 5-1 15.7 m
00 28 35 +55 59 39 Hu1-1 12.4 m
00 32 11 +57 24 39 Sh 2-176
00 37 33 -13 40 21 BoBn 1 16.4 m
00 39 12 +66 25 39 We 1-1 22.0 m
00 40 42 +62 52 39 BV 5-2
00 45 53 +57 58 38 Abell 2 14.5 m
00 47 21 -11 50 22 NGC246 10.4 m
01 00 10 +15 45 37 PHL 932
01 00 15 +00 01 37 01 Hours_______
01 01 12 +55 05 37 WeSb 1
01 07 28 +73 34 36 EGB 1
01 25 21 +65 40 33 K3-90 16.1 m
01 31 02 +58 23 32 Simeis 2
01 37 37 +50 29 31 M1-1 14.2 m
01 42 43 +51 35 30 M76 10.1 m
01 42 56 +60 11 30 We2.5
01 53 20 +56 25 28 BV 5-3 15.0 m
01 57 58 +63 20 27 IC1747 12.0 m
01 58 59 +66 35 27 K3-91 21.0 m
01 59 08 +52 55 27 M1-2 14.9 m
02 00 15 +00 01 27 02 Hours_______
02 04 05 +64 59 26 K3-92 16.7 m
02 12 35 +64 10 24 Abell 3 16.0 m
02 26 54 +65 49 20 K3-93 177. m
02 45 43 +42 34 15 Abell 4 14.8 m
02 52 33 +50 37 13 Abell 5 16.0 mp
02 57 11 -44 08 48 Lo 1
02 59 19 +64 31 11 Abell 6 15.0 m
03 00 15 +00 01 11 03 Hours_______
03 04 14 +64 55 10 HFG 1
03 10 42 +61 20 08 IC289 13.5 m
03 11 25 +62 49 07 HDW 2
03 27 39 +45 25 02 HDW 3
03 33 31 -25 51 00 NGC1360 9.6m
03 36 31 +60 04 59 K3-94 16.1 m
03 42 04 +52 17 57 M1-4 13.6 m
03 45 44 +37 49 56 HaWe 5
03 47 49 +35 03 55 IC351 11.9 m
03 49 28 +50 00 54 IsWe 1
03 53 47 +19 28 53 Baade 1 15.8 m
03 56 43 +33 53 51 IC2003 11.6 m
04 00 15 +00 00 50 04 Hours_______
04 07 26 +60 55 47 NGC1501 11.9 m
04 09 37 +30 47 47 NGC1514 10.9 m
04 13 43 +56 57 45 M2-2 14.0 m
04 13 53 +51 51 45 K3-64 16.9 m
04 14 32 -12 43 15 NGC1535 9.4m
04 16 16 +48 50 44 K3-65 18.9 m
04 21 12 +56 18 42 K4-47
04 26 14 +60 07 40 M4-18 15.8 m
04 36 56 +33 40 36 K3-66 15.4 m
04 37 36 +25 03 35 H3-29 15.3 m
04 40 08 +36 46 34 K3-67 13.7 m
04 43 14 +36 07 33 CRL 618 18.0 m
04 47 04 +44 28 32 We 1-2
04 54 51 +42 17 28 We 1-3
05 00 15 +00 00 26 05 Hours_______
05 03 10 -39 45 35 PRTM 1
05 03 20 -15 35 35 Abell 7 13.2 mp
05 03 57 -06 09 36 MaC 2-1 14.9 m
05 05 53 +10 42 24 J 320 11.8 m
05 06 57 +39 08 23 Abell 8 17.5 m
05 07 25 +30 50 23 K2-1 13.8 m
05 27 44 -12 41 46 IC418 9.3 m
05 31 55 +28 59 12 K3-68 16.1 m
05 32 04 +06 56 12 Abell 10 14.0 m
05 40 59 +12 21 08 H3-75 13.9 m
05 40 50 +35 43 09 PP 40
05 41 33 +39 15 08 K3-69 16.5 m
05 42 16 +09 05 08 NGC2022 11.6 m
05 42 38 +36 09 08 Pu 2 18.1 m
05 46 42 +24 22 06 M1-5 14.6 m
05 52 43 +28 06 03 Pu 1 15.9 m
05 55 13 -22 53 58 DeHt 1
05 56 34 +46 06 02 IC2149 10.6 m
05 56 49 -75 39 59 K1-27 16.5 m
05 58 43 +25 19 01 K3-70 17.3 m
05 59 29 +10 42 00 WeDe 1
06 00 15 +00 00 00 06 Hours_______
06 02 29 +09 38 59 Abell 12 12.4 m
06 04 40 +03 55 58 Abell 13 15.3 m
06 11 17 +11 46 55 Abell 14 17.5 mp
06 13 49 +26 52 54 K3-71 18.1 m
06 14 34 +07 34 54 We 1-4
06 16 25 +28 21 53 WeSb 2 m
06 19 43 +55 36 52 PuWe 1 11.2 mp
06 21 38 -12 59 09 IC2165 10.6 m
06 23 32 -10 13 10 HDW 5 15.4 m
06 23 46 +05 29 50 K3-72
06 26 18 +17 46 49 J 900 11.8 m
06 27 12 -25 23 12 Abell 15 15.8 m
06 29 53 +71 03 47 EGB 4 m
06 34 22 +44 46 45 NGC2242 15.2 m
06 35 39 -00 06 15 M1-6 16.2 m
06 37 24 +24 00 44 M1-7 13.5 m
06 39 47 +11 06 43 K4-48 15.4 m
06 40 24 +21 24 43 HDW 6
06 41 33 -05 03 18 We 1-5 17.9 m
06 43 58 +61 46 41 Abell 16 15.4 m
06 50 37 -22 26 22 SaWe 1 16.4 m
06 52 35 +09 57 37 K2-2 12.5 m
06 53 34 +03 07 37 M1-8 14.3 m
06 54 30 -25 21 24 HaWe 9
06 55 24 -29 07 24 ESO427-1915.1 m
06 56 27 -02 53 24 Abell 18 17.0 m
06 59 10 -79 39 26 Vo 1
07 00 11 +14 36 34 Abell 19 16.3 m
07 00 15 -00 00 26 07 Hours_______
07 00 40 +04 20 34 We 2-34
07 03 02 -13 43 27 PB 1 13.3m
07 02 59 -31 36 27 M3-1 12.0m
07 05 34 +02 46 32 M1-9 13.4m
07 07 03 -03 05 29 St 3-1 14.2m
07 07 13 -22 02 29 K2-3 14.8mp
07 09 39 -00 48 30 NGC2346 11.9m
07 11 31 -19 51 31 M1-11 15.9m
07 12 50 -16 06 31 K1-10
07 15 00 -27 50 32 M3-2 15.7m
07 14 57 -46 57 32 Wray 17-1 11.8m
07 17 38 -10 11 33 We 1-6 m
07 19 37 -21 44 34 M1-12 15.3
07 21 25 -18 09 35 M1-13 12.9m
07 23 16 +01 45 24 Abell 20 14.0m
07 25 55 +29 29 23 NGC2371 11.2m
07 26 51 -05 22 37 M3-3 14.3m
07 28 07 -20 13 37 M1-14 13.5m
07 29 05 -35 45 38 M4-2 12.9m
07 29 17 +13 14 22 Abell 21 11.3m
07 29 30 +20 54 22 NGC2392 9.2m
07 36 22 +02 41 19 Abell 22 15.4mp
07 37 32 -09 39 41 M1-16 13.3m
07 40 38 -11 32 43 M1-17 13.5m
07 42 02 -14 44 43 NGC2438 11.5m
07 42 07 -18 13 43 NGC2440 9.3m
07 42 20 -14 21 43 M1-18 14.0m
07 43 29 -34 45 44 Abell 23 13.1m
07 47 26 -51 15 45 He2-5 12.3m
07 47 36 -27 20 45 NGC2452 11.9m
07 48 20 -14 08 46 SaSt 2-3
07 50 25 -19 18 46 K1-12 15.9m
07 51 52 +02 59 13 Abell 24 13.9m
07 55 28 +09 32 12 HDW 7
07 55 25 -23 38 48 M3-4 11.9m
07 58 17 +53 24 11 JnEr 1 12.0m
08 00 15 -00 00 50 08 Hours_______
08 02 42 -27 42 51 M3-5 13.9m
08 04 23 -34 16 52 K1-21 16.0m
08 05 21 -48 23 52 ESO209-15 15.4m
08 07 03 -02 53 53 Abell 25 15.4mp
08 08 55 -19 14 53 Sa2-21 13.7m
08 09 12 -32 40 53 Abell 26 18.1mp
08 10 55 -20 32 54 Y-C 2-5 14.4m
08 11 28 +10 56 06 EGB 5
08 11 39 -48 43 54 He2-7 11.8m
08 16 23 -39 52 56 Vo 2 18.3m
08 20 52 -46 22 58 PB 2 13.2m
08 21 05 -36 14 58 Ns 238 11.5m
08 23 52 -43 13 59 Wray16-20 17.0m
08 24 04 -45 31 59 Wray17-18 15.4m
08 28 41 -39 25 00 He2-9 14.5m
08 31 11 -38 21 01 VBRC 1 14.0m
08 31 55 -27 47 02 SaSt 1-1
08 32 06 -32 07 02 K1-1 15.6m
08 33 38 -16 10 02 NGC2610 13.0m
08 34 16 -47 18 02 ESO259-10 14.3m
08 34 40 -46 27 03 Wray17-20
08 36 30 -35 17 03 Wray16-22
08 37 17 -39 27 03 He2-11 13.9m
08 40 25 -20 55 04 Abell 29 14.3mp
08 40 54 -32 23 05 M3-6 10.8m
08 42 00 +58 12 55 Abell 28 13.5m
08 42 29 -40 45 05 Vo 3
08 43 34 -46 09 06 Ve 26 17.5m
08 47 11 +17 51 53 Abell 30 13.0m
08 48 47 -42 55 07 K2-15 13.4m
08 53 41 -40 05 09 He2-15 14.1m
08 53 45 -54 06 09 Mewe 1-1
08 54 27 -50 33 09 PB 3 13.5m
08 58 01 -28 58 10 K1-2 15.3m
08 54 28 +08 52 51 Abell 31 12.0m
09 00 15 -00 01 11 09 Hours_______
09 07 09 -69 57 13 IC2448 10.5m
09 08 51 -53 20 13 He2-18 14.8m
09 12 35 -42 27 15 N2792 11.8m
09 14 03 -55 29 15 He2-21 13.5m
09 15 25 -54 54 15 PB 4 12.8m
09 16 23 -36 39 16 NGC2818 11.8m
09 16 23 -45 30 16 PB 5 14.2m
09 18 09 -54 40 16 He2-25 15.7m
09 19 38 -59 13 17 He2-26 12.0m
09 21 32 -58 20 17 NGC2867 9.7m
09 22 15 -54 11 17 He2-28 14.8m
09 24 51 -54 37 18 He2-29 13.3m
09 27 15 -56 07 19 NGC2899 12.2m
09 30 58 -53 11 20 Pe2-4 15.5m
09 31 03 -57 38 20 He2-32 16.2m
09 31 39 -56 19 20 Wray17-31 14.7m
09 38 57 -60 06 22 IC2501 10.4m
09 39 27 -02 50 22 Abell 33 12.9m
09 41 23 -49 24 22 He2-34 17.5m
09 41 47 -49 59 22 He2-35 13.7m
09 43 34 -57 18 23 He2-36 13.4m
09 45 51 -13 11 23 Abell 34 12.9m
09 47 35 -48 59 24 He2-37 14.0m
09 52 54 -46 18 25 HBDS 1
09 53 16 +13 43 35 EGB 6 10.4m
10 00 15 -00 01 27 10 Hours_______
10 03 58 -60 45 28 He2-39 14.2m
10 06 00 -44 23 28 Lo 4 16.1m
10 07 03 -64 23 28 Wray17-40 15.0m
10 07 13 -40 27 28 NGC3132 9.7m
10 07 33 -63 56 28 He2-41 13.6m
10 09 33 -62 38 29 IC2553 10.4m
10 09 20 -80 53 29 NGC3195 11.5m
10 12 11 -52 39 29 Ste 2-1 13.5m
10 13 30 -50 21 30 PB 6 12.8m
10 15 47 -58 52 30 Hf 4 16.7m
10 17 58 -62 41 30 NGC3211 10.7m
10 23 29 -60 34 31 He2-47 14.1m
10 25 02 -18 40 32 NGC3242 7.3m
10 28 53 -59 05 32 Pe2-5 16.1m
10 31 42 -53 34 33 He2-48 15.9m
10 31 48 -55 22 33 My 60 12.7m
10 34 30 -53 42 33 He2-50 14.2m
10 34 44 -29 12 33 K1-28
10 35 58 -64 20 34 He2-51 14.4m
10 38 42 -56 48 34 Pe1-1 14.0m
10 39 42 -57 07 34 Pe1-2 15.0m
10 41 30 -56 10 34 Pe2-7 15.5m
10 44 41 -61 41 35 Pe1-3 14.1m
10 48 54 -56 04 35 He2-55 15.2m
10 54 12 -60 28 36 Hf 39 10.4m
10 54 48 -59 11 36 Hf 38 13.7m
10 54 55 -48 48 36 ESO215-04
10 56 12 -61 29 36 He2-57 16.6m
11 00 15 -00 01 37 11 Hours_______
11 00 30 -65 16 37 IC2621 11.4m
11 04 07 -60 37 37 Hf 48 15.0m
11 14 02 -48 07 38 Lo 5 11.7m
11 15 05 +54 59 22 M97 9.8m
11 17 54 -70 51 39 He2-62 13.8m
11 18 26 -52 11 39 ESO216-02 15.5m
11 24 14 -51 52 39 He2-63 14.7m
11 26 57 -34 23 39 K1-22 12.6m
11 27 38 -57 19 39 He2-64 17.5m
11 29 02 -60 08 39 He2-67 13.2m
11 28 14 -59 59 39 NGC3699 11.0m
11 28 50 -52 57 39 Fg 1 11.6m
11 31 02 -59 18 39 Wray16-93 16.1m
11 32 02 -65 59 39 He2-68 14.9m
11 33 32 -57 07 40 PB 8 13.0m
11 35 26 -60 18 40 He2-70 13.8m
11 39 26 -68 53 40 He2-71 14.8m
11 41 50 -62 30 40 He2-72 14.5m
11 48 51 -65 10 40 He2-73 12.9m
11 50 33 -57 12 40 NGC3918 8.2m
11 52 45 -42 19 40 ESO320-28 16.3m
11 53 21 -50 52 40 BlDz 1 12.3m
