12 00 15 -00 01 40 12 Hours__________
12 00 57 -47 34 40 Lo 6 15.3 m
12 04 34 -67 20 40 NGC4071 13.0 m
12 08 40 -64 13 40 He2-76 14.8 m
12 09 16 -63 08 40 He2-77 17.4 m
12 09 28 -58 44 40 He2-78 17.5 m
12 16 53 -66 47 40 HaTr 1 17.5 m
12 23 17 -64 03 40 He2-81 17.0 m
12 24 11 -60 14 40 He2-82 15.3 m
12 24 46 -18 48 40 NGC4361 11.0 m
12 29 05 -62 07 39 He2-83 19.6 m
12 29 05 -63 46 39 He2-84 14.2 m
12 30 23 -63 54 39 He2-85 14.4 m
12 30 41 -66 15 39 ESO 095-12 15.3 m
12 30 47 -64 52 39 He2-86 14.2 m
12 31 10 -44 15 39 K1-23 12.6 m
12 33 02 +82 32 21 IC3568 10.6 m
12 33 28 -27 50 39 CTIO1230-27517.1 m
12 46 12 -60 21 38 Wray 16-120 16.3 m
12 48 48 -63 51 38 Wray 16-121 15.0 m
12 53 58 -22 53 37 Abell 35 13.3 m
12 55 51 +25 51 23 LoTr 5
12 59 44 +27 36 23 H4-1 14.7 m
13 00 15 -00 01 37 13 Hours__________
13 01 00 -56 54 37 Wray 16-122 13.5 m
13 06 06 -57 40 36 He2-88 14.3 m
13 09 08 -67 40 36 IC4191 10.6 m
13 09 55 -61 21 36 He2-90 13.7 m
13 19 51 -66 10 34 Wray 17-59 14.5 m
13 22 56 -63 22 34 Th2-A
13 24 43 -57 32 33 Wray 16-128 14.3 m
13 25 53 -37 37 33 Lo 8
13 28 25 -54 43 33 MeWe 1-3 16.2 m
13 34 03 -65 59 32 NGC5189 9.5 m
13 34 38 -75 47 32 ESO 040-11 14.7 m
13 39 58 -67 24 31 MyCn 18 12.6 m
13 40 58 -19 54 31 Abell 36 11.8 m
13 42 57 -61 24 30 He2-96 14.4 m
13 44 21 -60 51 30 VBRC 5 16.7 m
13 45 48 -71 30 30 He2-97 12.6 m
13 51 25 -51 13 29 NGC5307 11.2 m
13 52 53 -66 24 28 He2-99
13 53 45 -60 35 28 Vo 4 19.1 m
13 54 23 -66 32 28 NGC5315 9.9 m
13 54 52 -65 00 28 MaC 1-2 16.4 m
13 55 15 -58 28 28 He2-101 18.3 m
13 56 09 -59 24 28 SuWt 2
13 58 33 -58 55 27 He2-102 13.6 m
14 00 15 -00 01 27 14 Hours__________
14 04 40 -17 15 26 IC972 13.9 m
14 05 59 -64 42 26 He2-103 13.9 m
14 12 14 -51 27 24 He2-104 14.1 m
14 15 48 -67 33 23 LoTr 7 14.2 m
14 15 53 -74 14 23 He2-105 13.5 m
14 18 32 -52 12 23 He2-108 13.8 m
14 19 05 -63 08 22 He2-107 16.4 m
14 21 09 -55 29 22 He2-109 15.1 m
14 22 21 -55 03 22 LoTr 8 16.9 m
14 22 43 -44 10 21 IC 4406 10.4 m
14 33 41 -60 51 19 He2-111 13.2 m
14 40 51 -52 36 17 He2-112 13.3 m
14 41 41 -61 21 16 LoTr 9
14 41 58 -56 16 16 VBRC 6 16.9 m
14 46 47 -61 15 15 LoTr 10
14 46 57 -50 24 15 MeWe 1-5 17.3 m
15 00 16 -54 19 11 He2-113 15.8 m
15 00 15 -00 01 11 15 Hours__________
15 02 03 -48 22 10 ESO 223-10 16.0 m
15 05 40 -55 12 09 He2-115 14.9 m
15 06 24 -61 22 09 He2-116 15.1 m
15 06 32 -43 01 09 He2-118 12.7 m
15 09 06 -61 45 08 ESO 135-04 17.4 m
15 11 08 -64 41 07 NGC 5844 12.5 m
15 12 17 -55 41 07 He2-120 14.5 m
15 13 07 -38 08 07 NGC 5873 11.2 m
15 17 09 -45 40 05 NGC 5882 9.5 m
15 19 28 -53 11 05 PM 1-89
15 21 43 -72 15 04 LoTr 11
15 22 36 -23 39 04 Me2-1 11.6 m
15 22 41 -54 09 04 He2-123 15.1 m
15 23 58 -53 52 03 He2-125 17.9 m
15 25 28 -51 21 03 He2-128 14.4 m
15 34 42 -59 10 00 Mz 1 12.0 m
15 38 24 -58 45 58 He2-132 14.8 m
15 42 33 -47 41 57 Lo 9
15 43 20 -39 20 56 DS 2
15 48 08 -61 13 55 NGC 5979 11.8 m
15 49 53 -52 31 54 Lo 10
15 51 40 -48 26 53 Wray 16-189 14.9 m
15 51 40 -48 45 53 Cn1-1 13.0 m
15 52 04 -51 31 53 Sp 1 12.6 m
15 52 38 -62 31 53 He2-136 14.6 m
15 53 24 -56 24 53 VBe 3 16.9 m
15 53 32 -41 50 53 ESO 330-02 17.2 m
15 55 29 -51 24 52 VSRC 7
15 56 28 -66 09 52 He2-138 13.3 m
15 58 30 -55 42 51 He2-140 17.1 m
15 59 37 -58 24 50 He2-141 12.3 m
15 04 30 -60 54 10 He2-114 14.5 m
15 06 23 -56 00 09 He2-117 14.9 m
15 24 05 -57 10 03 Pe2-8 17.9 m
15 25 52 -52 52 03 He2-129 14.9 m
15 30 43 -61 03 01 HaTr 1 17.5 m
15 37 44 -71 55 58 He2-131 11.8 m
15 42 24 -56 37 57 He2-133 16.6 m
16 00 15 -00 00 50 16 Hours__________
16 00 24 -55 55 50 He2-142 16.0 m
16 00 46 -48 16 50 Wray 16-199
16 01 24 -55 06 50 He2-143 15.2 m
16 01 37 -34 33 50 NGC6026 13.2 m
16 02 33 -41 34 49 StWr 4-10 15.2 m
16 03 44 -36 01 49 Lo 11
16 04 34 +40 40 12 NGC6058 12.9 m
16 08 44 -37 09 47 Lo 12
16 09 23 -51 02 47 He2-145 14.9 m
16 10 01 -30 54 46 Lo 13
16 11 06 -54 58 46 He2-146 16.8 m
16 11 56 +12 03 14 IC4593 10.8 m
16 13 00 -54 24 45 Wray 17-75 16.7 m
16 13 20 -36 14 45 NGC6072 11.3 m
16 13 49 -34 36 45 H1-1 14.1 m
16 14 25 -56 59 45 He2-147 16.9 m
16 14 48 -54 48 45 He2-149 15.1 m
16 14 54 -54 57 45 Mz 2 12.0 m
16 15 40 -49 13 44 He2-152 13.6 m
16 16 08 -59 54 44 He2-151 16.3 m
16 17 35 -51 59 43 Mz 3 13.8 m
16 17 36 -53 32 43 He2-153 14.4 m
16 19 43 -57 58 43 KoRe 1
16 19 45 -42 16 43 IC4599 12.3 m
16 21 21 -00 16 42 Sn 1 12.9 m
16 22 36 -53 41 41 He2-157 16.2 m
16 23 37 -31 45 41 Abell 38 15.5 m
16 23 55 -58 19 41 He2-158 14.6 m
16 24 16 -46 42 41 Pe1-6 16.3 m
16 24 48 -54 36 41 He2-159 13.9 m
16 25 00 -53 23 41 He2-161 14.8 m
16 27 48 +27 54 21 Abell 39 12.9 m
16 28 18 -54 01 39 He2-162 16.5 m
16 29 56 -59 09 39 He2-163 13.5 m
16 30 18 -53 23 38 He2-164 13.9 m
16 30 24 -54 10 38 He2-165 13.9 m
16 30 46 -46 03 38 Pe1-7 17.7 m
16 31 29 -50 27 38 MeWe 1-6
16 31 51 -40 15 38 NGC6153 10.6 m
16 34 26 -35 05 37 He2-171 15.0 m
16 34 35 -49 21 37 He2-169 17.4 m
16 35 48 -53 50 36 He2-170 13.6 m
16 38 07 -55 42 35 PC 11 12.0 m
16 39 50 -36 34 34 He2-175 15.0 m
16 40 00 -52 49 34 HaTr 3 16.2 m
16 40 28 +38 41 26 DdDm 1 13.4 m
16 42 56 -38 54 33 Vd1-1 15.0 m
16 44 06 -18 57 33 PC 12 14.5 m
16 44 45 -40 03 32 SuWt 3 18.4 m
16 44 43 +23 47 28 NGC6210 8.8 m
16 45 07 -28 04 32 K2-16
16 45 23 -51 12 32 HaTr 4 16.7 m
16 47 08 -38 37 31 Vd1-2 m
16 48 23 -50 43 31 MeWe 1-7 18.4 m
16 48 54 -21 01 31 Abell 40 17.8 m
16 49 05 -51 09 31 MeWe 1-8
16 49 08 -35 01 31 MGP 1
16 49 14 -35 47 31 H1-2 13.1 m
16 49 51 -39 21 30 Vd1-3 14.7 mp
16 50 37 -30 20 30 PC 13 14.1 m
16 50 45 -39 08 30 Vd1-4 14.6 mp
16 50 57 -40 03 30 Vd1-5 14.8 m
16 53 51 -42 39 29 H1-3 16.2 m
16 53 55 -31 41 29 H1-4 14.7 m
16 54 51 -38 44 28 Vd1-6
16 55 05 -64 15 28 He2-182 12.1 m
16 57 45 -41 38 27 H1-5 17.9 m
16 57 53 -49 47 27 MeWe 1-9 16.6 m
17 00 00 -51 42 26 He2-186 13.5 m
