17 01 26 -34 50 25 M2-4 13.5 m
17 01 51 -70 06 25 He2-185 12.3 m
17 01 51 -43 06 25 HaTr 5
17 01 54 -21 50 25 IC4634 10.9 m
17 01 59 -50 23 25 He2-187 15.4 m
17 02 38 -33 10 25 M2-5 16.4 m
17 03 24 -53 56 25 SaSt 2-12 14.1 m
17 04 08 -33 30 24 M1-19 14.2 m
17 04 37 -30 53 24 M2-6 13.7 m
17 04 56 -33 59 24 H2-1 14.4 m
17 04 56 -37 53 24 Vd1-8 14.8 mp
17 05 31 -30 32 24 M2-7 16.6 m
17 05 33 -40 53 24 IC4637 11.7 m
17 05 50 -32 32 24 M2-8 14.9 m
17 05 53 -10 09 24 M2-9 14.6 m
17 06 04 -43 57 24 Vd1-9
17 06 06 -25 24 23 Th3-1 15.4 m
17 06 36 -52 30 23 PC 14 12.8 m
17 06 46 -44 13 23 Pe1-8 15.0 m
17 07 21 -42 41 23 H1-6 16.8 m
17 09 25 -56 55 22 He3-1333
17 10 00 -52 13 22 K2-17
17 10 51 -41 53 21 H1-7 13.4 m
17 11 01 -27 09 21 M4-3 14.2 m
17 11 52 -47 25 21 Sa1-5
17 12 13 -55 24 21 IC4642 12.4 m
17 12 49 -26 26 21 TeJu 8
17 13 01 -25 44 21 M3-36 14.9 m
17 13 10 -03 16 20 Na 1 13.1 m
17 14 02 -37 06 20 NGC6302 9.7 m
17 13 56 +49 15 40 Sa4-1 13.0 m
17 14 23 -12 55 20 NGC6309 11.5 m
17 14 25 -31 20 20 M2-10 16.9 m
17 15 02 -33 25 20 H1-8 16.9 m
17 17 37 -29 00 19 Th3-3
17 19 13 -31 39 18 Th3-4
17 19 30 -25 17 18 M3-37 16.4 m
17 19 37 -31 13 18 Th3-6
17 19 52 -45 53 18 He2-207 12.6 m
17 20 42 -24 52 17 Trz 41
17 20 55 -29 01 17 M2-11 14.5 m
17 21 12 -51 45 17 NGC6326 11.1 m
17 21 25 -29 03 17 M3-38 16.6 m
17 21 31 -27 11 17 M3-39 15.3 m
17 21 36 -22 19 17 H1-11 14.5 m
17 21 49 -30 21 17 H1-9 15.6 m
17 21 55 -28 55 17 TeJu 18 18.4 m
17 22 39 -38 29 16 NGC6337 12.0 m
17 22 49 -27 09 16 M3-40
17 23 00 -52 47 16 Wray 16-26616.4 m
17 23 43 -28 59 16 H2-7 16.9 m
17 24 19 -25 59 16 M2-12
17 24 43 -31 43 16 Th3-11
17 24 55 -29 24 15 M3-7 15.0 m
17 25 01 -30 52 15 Th3-10
17 25 06 -21 34 15 H2-8
17 25 13 -28 06 15 M3-8 16.8 m
17 25 25 -29 45 15 Th3-12
17 25 37 -26 13 15 TeJu 19
17 25 37 -30 41 15 Th3-13
17 26 01 -26 12 15 M3-9 15.6 m
17 26 01 -26 58 15 Th3-14
17 26 19 -29 22 15 M3-41
17 26 34 -44 11 15 Cn1-3 14.0 m
17 26 44 -35 02 15 H1-12 18.5 m
17 26 53 -16 48 15 MaC 1-4 17.5 m
17 27 13 -27 41 14 SaWe 2
17 27 19 -29 16 14 M3-42 17.0 m
17 27 31 -27 44 14 Th3-15
17 27 37 -28 28 14 M3-10 14.2 m
17 27 43 -29 21 14 Th3-16
17 27 49 -28 31 14 H2-10 16.0 m
17 28 07 -28 11 14 Al 2-B
17 28 10 -46 56 14 Cn1-4 13.7 m
17 28 12 -22 57 14 PM 1-149
17 28 24 -24 25 14 H1-14 16.2 m
17 28 50 -35 08 14 H1-13 16.2 m
17 28 53 -13 26 14 M2-13 14.5 m
17 28 54 -24 51 14 H1-15 16.3 m
17 29 01 -28 27 14 Th3-19
17 29 07 -30 08 14 M4-4 18.2 m
17 29 18 -19 16 14 M1-20 13.5 m
17 29 23 -15 13 13 Abell 41 15.6 m
17 29 36 -23 46 13 NGC6369 11.5 m
17 29 43 -25 49 13 H2-11 19.1 m
17 29 43 -26 26 13 H1-16 15.5 m
17 30 01 -28 41 13 H1-17 15.4 m
17 30 01 -29 33 13 H1-18 16.5 m
17 30 19 -27 59 13 H1-19 17.6 m
17 30 28 -45 23 13 Wray 16-27817.7 m
17 30 31 -27 30 13 Al 2-E 19.8 m
17 30 43 -29 10 13 Th3-23
17 30 49 -28 36 13 Al 2-F 18.5 m
17 30 54 -21 29 13 H2-12
17 31 01 -28 04 13 H1-20 16.0 m
17 31 07 -27 06 13 Th3-25
17 31 13 -30 17 13 Th3-24
17 31 19 -31 01 13 Th3-55
17 31 25 -30 11 13 H2-13 16.6 m
17 31 31 -28 15 13 Th3-26
17 31 46 -08 19 12 Abell 42 16.5 mp
17 32 07 -28 42 12 HDW 8 14.9 m
17 32 39 -37 58 12 H1-22 16.7 m
17 32 39 -39 51 12 H2-14 15.8 m
17 32 43 -28 15 12 Al 2-G
17 33 07 -30 00 12 H1-23 15.6 m
17 33 09 -40 58 12 H1-21 15.2 m
17 33 20 -36 44 12 Wray 16-28616.1 m
17 33 37 -30 27 12 Al 2-H
17 33 54 -21 46 12 H1-24 16.2 m
17 35 13 -26 36 11 He2-250 17.1 m
17 34 31 -27 56 11 Al 2-K
17 34 42 -22 53 11 H2-15 17.3 m
17 34 55 -54 29 11 MeWe 1-10
17 35 30 -18 34 11 M1-22 14.7 m
17 35 31 -29 03 11 M4-6 18.4 m
17 35 37 -28 07 11 Th3-32
17 35 42 -20 57 11 M3-11 17.7 m
17 35 55 -27 24 11 Al 2-J
17 36 01 -30 21 11 TrBr 4
17 36 03 -40 12 11 Lo 16 13.4 m
17 36 04 -47 00 11 PC 17 13.4 m
17 36 07 -27 43 11 Th3-33
17 36 18 -24 26 10 Th3-27
17 36 29 -49 26 10 He2-248 14.0 m
17 36 31 -28 01 10 Al 2-I
17 36 42 -21 31 10 M3-12 14.8 m
17 36 51 -39 22 10 H1-26 14.5 m
17 37 19 -29 40 10 Bl B 19.4 m
17 37 42 -18 47 10 M1-23 14.3 m
17 38 13 -25 21 10 PBOZ 24
17 38 30 -19 38 10 M1-24 14.2 m
17 38 48 -22 09 09 M1-25 14.1 m
17 39 01 -28 43 09 Th3-35
17 39 18 -18 18 09 He2-260
17 39 19 -28 57 09 19W32
17 39 40 -44 10 09 Fg 2 12.6 m
17 40 12 -21 14 09 H2-16 15.4 m
17 40 24 -24 26 09 H2-17
17 40 36 -22 19 09 H1-27 15.6 m
17 40 37 -26 44 09 He2-262
17 40 49 -27 01 09 K1-4 16.5 mp
17 41 54 -22 13 08 M3-13 18.6 m
17 41 57 +03 06 52 DeHt 2 16.3 m
17 42 12 -24 42 08 Hb 4 13.1 m
17 42 17 -15 56 08 Sa2-230
17 42 18 -24 11 08 M2-14 18.0 m
17 42 49 -25 45 08 Te 5 18.4 m
17 42 49 +21 26 52 K1-14 15.6 m
17 43 01 -29 52 08 Te 2022
17 43 15 -39 36 07 H1-28 17.3 m
17 43 48 -21 10 07 H2-18 16.1 m
17 44 01 -25 37 07 Te 1580 17.3 m
17 44 32 -34 17 07 H1-29 15.1 m
17 44 38 -34 07 07 M3-14 14.6 m
17 44 59 -15 45 07 Sa2-237
17 45 12 +27 19 53 K1-15 17.2 mp
17 45 27 -38 09 07 H1-30 16.2 m
17 45 48 -20 58 06 M3-15 14.7 m
17 45 49 -25 38 06 Te 1567 17.9 m
17 45 50 -34 34 06 H1-31 14.5 m
17 45 52 -44 54 06 IC4663 12.1 m
17 45 54 -23 02 06 Pe1-9 17.9 m
17 45 58 -46 05 06 IC1266 12.3 m
17 46 01 -25 38 06 H2-20 19.8 m
17 46 19 -30 12 06 M1-26 13.8 m
17 46 19 -31 04 06 Bl D 16.0 m
17 46 26 -34 04 06 H1-32 17.0 m
17 46 30 -18 40 06 Th4-2
17 46 36 -20 14 06 Th4-1
17 47 08 -33 09 06 M1-27
17 47 11 -16 17 06 M2-15 14.3 m
17 47 54 -21 47 05 H2-22
17 47 54 -22 06 05 M1-28 16.8 m
17 48 08 -34 08 05 H1-33 15.4 m
17 48 13 -30 00 05 Hb 5 11.8 m
17 48 24 -22 47 05 H1-34 18.3 m
17 48 35 -16 29 05 NGC6439 12.7 m
17 48 48 -24 41 05 Te 2111
17 48 54 -22 17 05 Th4-3
17 48 54 -24 17 05 H2-24 18.4 m
17 49 07 -26 44 05 Te 2337
17 49 18 -23 43 05 H2-25 19.2 m
17 49 20 -34 22 05 H2-23 15.3 m
17 49 32 -34 23 05 H1-35 12.8 m
17 49 36 -20 01 05 NGC6445 10.9 m
17 50 08 -34 00 04 H2-26 18.5 m
17 50 08 -37 01 04 H1-36 12.1 m
17 50 37 -30 35 04 M1-29 13.6 m
17 50 43 -29 25 04 M3-43 16.0 m
17 50 48 -19 03 04 Th4-5 14.7 m
17 51 02 -37 24 04 H1-38 18.3 m
17 51 03 -39 17 04 H1-37 13.9 m
17 51 18 -18 47 04 Th4-6
17 51 32 -34 55 04 Hf2-1 13.8 m
17 51 37 -30 24 04 M3-44 16.0 m
17 52 02 -32 03 04 Al 2-0
17 52 08 -33 48 04 H2-27 19.1 m
17 52 21 -60 23 04 HaTr 6 16.7 m
17 52 23 -17 36 03 M2-17 14.9 m
17 52 25 -30 05 03 M3-45 16.6 m
17 52 01 -31 36 04 M4-7
17 52 42 -21 51 03 Th4-7 15.8 m
17 52 55 -29 07 03 Bl 3-15
17 52 56 -32 46 03 M2-16 14.9 m
17 53 00 -22 22 03 M1-31 13.7 m
17 53 07 -30 50 03 M3-16 15.1 m
17 53 10 -46 42 03 MeWe 1-11
17 54 07 -28 59 03 Bl O
17 53 20 -34 38 03 M1-30 14.7 m
17 53 38 -32 41 03 H2-29 20.0 m
17 53 38 -33 56 03 H1-39 17.7 m
17 53 43 -29 17 03 Al 2-Q
17 53 44 +10 36 57 Abell 43 14.7 m
17 53 54 -21 59 03 Pe2-10 18.3 m
17 53 55 -31 26 03 Al 2-R 19.6 m
17 53 56 -32 59 03 M2-18 15.6 m
17 54 07 -28 27 03 Bl M 20.1 m
17 54 07 -29 44 03 M2-19 16.3 m
17 54 35 -15 56 02 PM 1-188
17 54 36 +27 59 58 Vy1-2 12.3 m
17 54 41 -12 48 02 K2-5 17.7 m
17 54 43 -29 36 02 M2-20 14.8 m
17 54 55 -28 13 02 Bl Q 18.1 m
17 54 56 -34 22 02 Cn2-1 12.2 m
17 55 13 -28 49 02 Sa3-92
17 55 24 -21 45 02 IC4670 12.8 m
17 55 25 -31 12 02 M3-46 19.3 m
17 55 43 -29 58 02 Bl 3-10 14.9 m
17 55 55 -30 34 02 H1-40 15.0 m
17 56 12 -22 59 02 HaTr 8
17 56 18 -19 28 02 Th4-9
17 56 19 -28 14 02 H2-31
17 56 19 -29 11 02 Bl 3-13 18.0 m
17 56 32 -32 38 02 H2-30 17.5 m
17 56 35 -16 29 02 M1-32 15.0 m
17 56 43 -29 38 02 H2-32
17 56 43 -31 04 02 M3-17 18.2 m
17 56 58 -43 03 01 He2-306 14.0 m
17 57 24 -18 07 01 Th4-10
17 57 38 -34 10 01 H1-41 13.0 m
17 57 44 -33 36 01 H1-42 12.6 m
17 58 01 -30 02 01 M3-47 18.7 m
17 58 31 -29 44 01 M2-21 13.5 m
17 58 31 -31 08 01 H2-33 18.3 m
17 58 32 -31 43 01 H1-44 18.7 m
17 58 37 -30 01 01 M3-19 16.4 m
17 58 38 -33 48 01 H1-43
17 58 43 -28 15 01 H1-45 15.6 m
17 58 43 -29 21 01 Sa3-104
17 58 49 -27 37 01 Pe2-11 19.6 m
17 58 50 -33 29 01 M2-22 15.2 m
17 58 36 +66 37 59 N6543 8.1 m
17 59 17 -15 32 00 M1-33 13.8 m
17 59 20 -32 22 00 H1-46 14.3 m
17 59 37 -28 14 00 M3-20 14.3 m
17 59 37 -30 03 00 KFL 1 19.0 m
17 59 58 -46 39 00 ESO 279-14
18 00 14 -31 55 00 M3-48 17.9 m
