18 00 30 -17 40 00 Th4-11
18 00 33 -38 50 00 Fg 3 11.7 m
18 00 38 -34 28 00 H2-35 16.0 m
18 00 55 -29 22 00 H1-47
18 01 19 -28 16 00 KFL 2 19.6 m
18 01 24 -52 44 00 Sa1-6
18 01 23 -14 30 00 Sa3-111
18 01 31 -27 37 59 Pe2-12
18 01 44 -33 17 59 M1-34 15.0 m
18 02 01 -28 25 59 M2-23 12.5 m
18 02 02 -33 14 59 Pe1-11 16.6 m
18 02 20 -34 27 59 M2-24 14.7 m
18 02 37 -30 13 59 M3-22 15.1 m
18 02 49 -29 24 59 ShWi 2-1 18.3 m
18 02 50 -35 12 59 M3-49 16.6 m
18 02 50 -36 38 59 M3-21 11.7 m
18 03 08 -32 09 59 M2-25 15.0 m
18 03 13 -27 40 59 KFL 4 17.7 m
18 03 13 -31 23 59 KFL 3 16.6 m
18 03 31 -26 58 59 M2-26 16.3 m
18 03 37 -27 05 59 IC4673 13.0 m
18 04 01 -26 42 58 M1-35 14.6 m
18 04 13 -29 50 58 ShWi 2-5 15.8 m
18 04 13 -31 17 58 M2-27 14.1 m
18 04 14 -32 41 58 H1-50 11.1 m
18 04 25 -28 27 58 Wray 17-10717.3 m
18 04 25 -31 38 58 H2-36 16.7 m
18 04 26 -34 28 58 M3-50 15.9 m
18 04 49 -28 37 58 H2-37 15.9 m
18 04 50 -34 57 58 H1-51 16.8 m
18 05 01 -31 02 58 Wray 16-363
18 05 14 -32 53 58 M3-51 17.2 m
18 05 19 -30 57 58 M2-28 15.4 m
18 05 21 -37 37 58 H1-52 14.8 m
18 05 25 -29 18 58 ShWi 2-7 16.3 m
18 05 30 -19 49 58 NGC6537 11.9 m
18 05 43 -25 12 58 PBOZ 34
18 05 43 -28 21 58 M1-37
18 06 15 +00 23 03 WeSb 3 16.8 m
18 06 19 -26 29 57 H1-53 15.7 m
18 06 25 -28 40 57 M1-38
18 07 01 -26 54 57 M2-29 14.7 m
18 07 07 -27 05 57 KFL 7 18.3 m
18 07 16 -08 55 57 CTS 1 16.4 m
18 07 25 -29 12 57 H1-54 14.1 m
18 07 25 -30 33 57 M3-23 13.8 m
18 07 31 -29 40 57 H1-55 17.8 m
18 07 38 -31 42 57 KFL 9 16.4 m
18 07 42 -51 00 57 Sp 3 13.5 m
18 07 47 -13 28 57 M1-39 18.4 m
18 08 13 -25 23 57 M3-24 14.3 m
18 08 13 -29 44 57 H1-56 14.4 m
18 08 19 -26 53 57 KFL 10 16.7 m
18 08 25 -28 23 56 H2-39 15.5 m
18 08 42 -22 16 56 M1-40 14.7 m
18 08 43 -31 36 56 H2-40 17.4 m
18 09 21 -41 47 56 HaTr 9
18 09 30 -25 04 56 MaC 1-10
18 09 31 -26 01 56 H1-58 16.5 m
18 09 48 -24 11 56 M1-41 17.0 m
18 10 08 -35 43 56 H1-57 16.0 m
18 10 31 -27 16 56 KFL 11 17.5 m
18 10 41 -10 28 55 M3-52
18 10 49 -28 18 55 KFL 12 17.3 m
18 11 25 -28 58 55 M1-42 13.2 m
18 11 49 -27 45 55 H1-59 14.8 m
18 11 55 -28 22 55 Ap1-12
18 12 06 -18 45 55 M1-43 17.5 m
18 12 13 -28 10 55 NGC6565 11.4 m
18 12 21 +06 51 05 NGC6572 8.0 m
18 12 26 -33 51 55 NGC6563 10.8 m
18 12 29 -10 42 55 M4-8
18 12 43 -26 32 55 H2-42 17.1 m
18 12 43 -27 28 55 H1-60 14.8 m
18 12 43 -27 51 55 H2-41 16.0 m
18 12 54 -24 49 54 H1-61 18.1 m
18 12 55 -27 57 54 M2-30 13.1 m
18 13 01 -25 43 54 KFL 13 16.1 m
18 13 07 -28 19 54 H2-43 15.5 m
18 13 15 -41 29 54 Wray 16-38514.9 m
18 13 19 -29 24 54 KFL 14 14.7 m
18 13 37 -25 29 54 M2-31 13.7 m
18 13 38 -32 19 54 H1-62
18 14 01 -26 08 54 H2-44 16.5 m
18 14 06 -19 03 54 NGC6567 10.9 m
18 15 08 -32 36 54 M2-32 12.4 m
18 14 34 -04 58 54 M4-9 16.1 m
18 14 37 -25 20 54 KFL 15 17.9 m
18 14 48 -24 43 54 H2-45 15.8 m
18 15 06 -22 43 54 MaC 1-11 17.3 m
18 15 25 -30 15 53 M2-33 13.1 m
18 15 28 -06 56 53 MA 2
18 15 35 -10 09 53 M3-25 15.1 m
18 16 31 -27 14 53 M3-26 13.8 m
18 16 31 -30 51 53 SwSt 1 11.9 m
18 16 36 -20 26 53 NGC6578 12.6 m
18 16 37 -27 04 53 M1-44 16.2 m
18 16 37 -30 07 53 H1-63 12.9 m
18 17 13 -26 22 53 KFL 16 16.7 m
18 17 36 -23 58 52 M2-34 16.2 m
18 17 44 +10 09 08 Cn3-1 13.5 m
18 17 56 -31 56 52 M2-35 15.4 m
18 18 01 -28 16 52 Pe1-12 16.0 m
18 18 01 -29 07 52 M2-36 11.8 m
18 18 04 -06 47 52 MA 3 18.0 m
18 18 31 -25 37 52 Pe2-13 13.5 m
18 18 42 -23 24 52 H1-64 18.9 m
18 18 52 -45 58 52 IC4699 12.6 m
18 18 55 -28 07 52 M2-37 17.9 m
18 18 56 -31 54 52 H2-46 15.7 m
18 19 43 -26 34 52 M2-38 15.1 m
18 20 24 -24 14 51 H1-65
18 21 40 -06 01 51 M2-40 16.2 m
18 21 50 +64 22 10 K1-16 14.6 m
18 22 18 -24 10 50 M2-39 14.6 m
18 22 48 -24 08 50 M2-42 14.0 m
18 22 55 -30 42 50 M2-41 14.8 m
18 23 13 -26 48 50 NGC6620 12.7 m
18 23 24 -19 16 50 M1-45
18 23 25 -29 42 50 KFL 19 16.7 m
18 23 39 +03 36 10 K3-1 16.0 m
18 24 23 -11 06 49 M3-53 19.6 m
18 24 57 +02 29 11 PC 19 12.2 m
18 25 13 -25 41 49 H1-66 14.4 m
18 25 15 +00 52 11 Sh 2-68
18 25 16 -01 30 49 K3-2 19.6 m
18 25 24 -22 34 49 H1-67 14.1 m
18 26 00 -23 11 49 NGC6629 11.2 m
18 26 24 -18 11 49 SaWe 3 15.3 m
18 26 58 -02 42 48 M2-43 16.8 m
18 27 03 -40 29 48 Wray 16-41115.5 m
18 27 27 +01 14 12 K3-3 18.6 mp
18 28 02 +14 29 12 M3-27 14.1 m
18 28 08 -37 15 48 Lo 17
18 28 11 -15 32 48 M1-46 14.6 m
18 28 19 -26 06 48 Vy2-1 12.9 m
18 28 52 -08 42 48 MaC 1-13 18.1 m
18 29 29 -17 26 47 SaSt 3-166
18 29 30 -21 46 47 M1-47 13.2 m
18 29 31 -31 29 47 Cn1-5 11.9 m
18 29 35 -15 07 47 Sa3-134
18 29 48 -19 05 47 M1-48 15.8 m
18 30 18 -19 40 47 Pe2-14 16.0 m
18 30 29 -16 44 47 Abell 44 15.8 m
18 30 35 -11 36 47 Abell 45 12.8 m
18 30 46 -07 27 47 MA 13
18 31 15 +02 26 14 K3-4 15.8 m
18 31 30 +26 56 14 Abell 46 13.8 m
18 32 03 +04 05 14 K3-5 17.1 m
18 32 12 -24 45 46 He2-406 16.8 m
18 32 49 -28 42 46 Hf2-2 16.7 m
18 32 54 -25 07 46 NGC6644 10.8 m
18 32 59 -10 05 46 M3-28 17.2 m
18 33 23 -13 43 46 M3-54 16.7 m
18 33 29 -10 14 46 M3-55 19.9 m
18 33 33 +00 12 15 K3-6 19.8 m
18 33 36 -18 16 45 M1-50 13.1 m
18 33 47 -11 06 45 M1-51 16.7 m
18 34 12 -22 38 45 IC4732 12.1 m
18 34 14 +14 49 15 We 3-1
18 34 17 -14 51 45 M1-52 15.6 m
18 34 28 -02 27 45 K3-7 20.3 m
18 34 29 -13 11 45 M4-10 15.0 m
18 35 12 -22 33 45 Pe1-13 15.2 m
18 35 13 -27 05 45 Al 1 15.2 m
18 35 39 -00 13 45 Abell 47 19.5 m
18 36 05 -17 35 44 M1-53 14.0 m
18 36 23 -16 59 44 M1-54 12.5 m
18 36 42 -23 54 44 GJJC 1
18 36 48 -19 18 44 V-V 3-5 15.2 m
18 36 54 -21 48 44 M1-55
18 37 30 -19 01 44 V-V 3-6 14.5 m
18 37 52 -03 05 44 M2-44 15.1 m
18 38 05 -17 05 44 M1-56 13.4 m
18 39 40 -04 19 43 M2-45 17.8 m
18 39 43 -30 40 43 M3-29 13.1 m
18 40 35 -10 39 42 M1-57 13.5 m
18 41 22 -08 55 42 K3-11
18 41 35 -15 33 42 M3-30 14.6 m
18 42 22 -06 40 42 Pe1-14 19.2 m
18 43 04 -03 12 41 Abell 48 17.2 m
18 43 17 -11 06 41 M1-58 14.0 m
18 43 21 -00 16 41 PC 20
18 43 34 -09 04 41 M1-59 13.3 m
18 43 53 -13 44 41 M1-60 14.1 m
18 44 18 -19 54 41 M3-31 14.3 m
18 44 23 -12 12 41 We 1-7
18 44 31 -30 17 41 He2-418 15.2 m
18 45 00 -25 19 41 M3-32 13.6 m
18 45 10 -03 20 40 TDC 1
18 45 39 +02 01 20 K3-13 18.4 m
18 45 46 -06 56 40 Pe2-15 17.4 m
18 45 52 -06 17 40 K4-5 15.7 m
18 45 54 -20 34 40 PC 21 14.0 m
18 46 11 -14 27 40 M1-61 12.3 m
18 46 14 -33 20 40 IC4776 10.9 m
18 46 40 -07 14 40 Pe1-15 16.1 m
18 46 52 -08 27 40 M2-46 18.3 m
18 46 54 -23 26 40 H2-48 14.1 m
18 47 46 -06 53 39 Pe1-16 14.2 m
18 48 04 -09 08 39 Pe1-17 16.8 m
18 48 30 -25 28 39 M3-33 13.5 m
18 48 44 +10 36 21 K3-14
18 49 04 -05 55 39 Pe1-18 16.0 m
18 50 01 +20 51 22 Hu2-1 11.4 m
18 50 04 -07 01 38 Pe1-19 15.2 m
18 50 11 +35 15 22 M1-64 12.9 m
18 50 40 -01 39 38 HaTr 10
18 50 42 -22 33 38 M1-62 13.2 m
18 50 56 +12 37 22 CTSS 2 18.2 m
18 50 57 -01 02 38 WeSb 4
18 50 59 -13 30 38 Sa1-8 14.6 m
18 51 47 -13 10 38 M1-63 14.4 m
18 51 56 +09 55 22 K3-15 18.0 m
18 53 14 +12 16 23 K3-16 17.7 m
18 53 46 -06 28 37 Abell 49 16.2 m
18 53 47 +33 02 23 NGC6720 M57 8.8 m
18 54 35 -10 04 36 M4-11 15.0 m
18 54 52 -08 49 36 IC1295 12.7 mp
18 54 16 -06 25 37 Vy1-4 13.6 m
18 54 34 -08 47 36 K4-8 14.2 m
18 55 09 +06 03 24 YM 16 13.0 m
18 55 55 -32 15 36 Hb 7 11.9 m
18 55 48 -21 49 36 Y-C 2-32 13.3 m
18 56 50 +10 52 24 M1-65 16.6 m
18 56 33 +07 07 24 K3-17 20.0 mp
18 57 34 -05 59 35 Pe1-20 16.3 m
18 58 04 -05 27 35 Pe1-21 16.9 m
18 58 39 -01 03 35 M1-66 13.3 m
18 58 21 +01 37 25 Ap2-1
18 59 09 -00 32 35 Sa3-151
18 59 19 +20 37 26 K4-10 13.6 m
18 59 26 +48 28 26 NGC6742 13.4 m
