19 00 15 +00 00 26 19 Hours_________
19 00 40 +38 21 26 Sp 4-1 13.7 m
19 00 52 -02 11 34 K3-18 21.5 m
19 01 17 -18 11 34 Abell 51 14.0 m
19 19 21 +46 15 34 Abell 61 13.5 m
19 19 31 +17 12 34 PM 1-295
19 19 35 -12 14 26 Abell 60 16.2 m
19 21 15 +07 37 35 M4-14 14.9 m
19 22 31 -31 30 25 Wray 16-42313.4 m
19 22 38 +10 41 35 K3-33 20.5 m
19 23 27 +01 31 36 NGC6790 10.6 m
19 23 37 +21 08 36 He2-432 16.9 m
19 24 01 +21 07 36 He1-1 16.3 m
19 24 12 +25 19 36 K3-34 15.9 m
19 24 38 +09 54 36 Vy2-2 12.7 m
19 26 38 +13 20 37 DeHt 4
19 26 49 +21 10 37 He1-2
19 27 16 -06 34 23 M3-34 12.6 m
19 27 56 +10 24 37 PB 9 14.8 m
19 27 55 +21 30 37 K3-35 18.5 m
19 28 26 +12 20 38 PB 10 14.8 m
19 30 32 +14 47 38 K4-28
19 31 22 -03 41 21 HDW 11
19 31 32 +10 03 39 NGC6803 11.5 m
19 31 50 +09 14 39 NGC6804 12.2 m
19 32 26 -34 12 21 He2-436 14.2 m
19 32 51 +07 28 39 K3-36 15.9 m
19 33 12 +26 53 40 He2-437 17.0 m
19 33 32 +10 37 40 Abell 62 14.7 m
19 34 01 +24 32 40 K3-37 16.0 m
19 34 26 -74 32 20 He2-434 12.1 m
19 34 51 +05 41 40 NGC6807 12.2 m
19 35 00 +30 31 40 BD+30 3639 11.4 m
19 35 31 +17 13 40 K3-38
19 36 07 +24 55 41 K3-39
19 36 37 +19 42 41 M1-71 14.0 m
19 36 37 +23 40 41 K3-40 16.5 m
19 38 19 +25 16 42 He2-440 16.6 m
19 39 07 +25 06 42 PM 1-310 m
19 39 26 +15 57 42 Me1-1 12.1 m
19 39 32 +16 21 42 K3-41 18.7 m
19 39 49 +20 19 42 K3-42
19 39 54 +26 31 42 He2-442 16.2 m
19 40 37 +18 49 43 K3-43 18.6 m
19 40 48 -20 26 17 K2-7
19 41 26 +14 57 43 M1-73 13.9 m
19 41 49 +17 45 43 M1-72 16.5 m
19 42 20 +13 51 43 PC 22 14.4 m
19 42 26 +17 05 43 Abell 63 16.9 m
19 42 32 +15 09 43 M1-74 12.9 m
19 44 17 -14 08 16 NGC6818 9.4 m
19 44 56 +50 31 44 NGC6826 8.9 m
19 45 37 +21 20 44 He2-447 17.2 m
19 46 31 +24 11 45 K3-45 19.5 m
19 46 54 -23 07 15 Abell 65 13.8 m
19 48 37 +22 10 46 He1-3 16.0 m
19 49 57 +48 58 46 NGC6833 12.1 m
19 50 11 +33 46 46 K3-46 16.4 m
19 50 43 +25 54 46 M2-48 16.6 m
19 51 12 +31 03 47 K4-37
19 52 06 +32 59 47 PC 23 14.7 m
19 54 12 +33 22 48 K3-49 19.0 m
19 55 12 +29 17 48 NGC6842 13.5 m
19 56 48 +32 22 49 K4-41 15.9 m
19 57 48 -21 36 11 Abell 66 14.9 mp
19 58 30 -26 27 11 HDW 12
19 58 45 +03 02 50 Abell 67 13.6 m
19 59 30 +31 55 50 He1-4 14.2 m
19 59 49 +22 43 50 M27 7.1 m
20 00 15 +00 00 50 20 Hours_________
20 00 25 +21 43 50 Abell 68 15.2 m
20 00 57 +01 44 50 NGC6852 12.9 m
20 01 55 +19 55 51 WeSb 5
20 02 50 +17 37 51 K3-51 14.8 m
20 03 24 +30 33 51 K3-52 18.7 m
20 03 36 +27 01 51 K3-53 16.8 m
20 04 09 +49 19 52 K3-73 15.2 m
20 04 35 +39 35 52 Anon 17.6 mp
20 04 54 +31 27 52 M1-75 16.0 m
20 05 13 +25 27 52 K3-54
20 07 06 +32 17 53 K3-55
20 07 04 +44 14 53 K3-56 16.4 m
20 08 52 +42 30 53 Dd 1 16.2 m
20 09 10 +43 44 53 M4-17 14.6 m
20 09 19 +26 27 54 We 1-9
20 10 38 +16 55 54 NGC6879 12.7 m
20 10 33 +46 28 54 NGC6884 11.0 m
20 11 05 +37 25 54 NGC6881 13.6 m
20 12 07 +20 20 55 He1-5 16.2 m
20 12 23 +40 50 55 KjPn 1 15.6 m
20 12 55 +19 59 55 NGC6886 11.4 m
20 13 00 +34 21 55 K3-57 15.9 m
20 14 12 +29 34 55 He2-459
20 15 26 +12 42 56 NGC6891 10.4 m
20 15 29 +40 40 56 KjPn 2 17.1 m
20 16 36 +30 34 56 NGC6894 12.5 m
20 17 29 +38 50 57 KjPn 3 19.0 m
20 17 37 +25 22 57 He1-6 14.9 m
20 19 50 -41 31 03 CRBB 1
20 19 49 +27 00 57 PC 24 13.5 m
20 20 05 +38 25 57 Abell 69 20.2 m
20 20 20 +16 44 58 IC4997 10.8 m
20 21 18 +32 29 58 M3-35 14.6 m
20 22 12 +29 59 58 K3-58 18.6 m
20 22 37 +20 06 58 NGC6905 10.9 m
20 25 18 +33 34 59 K3-76 17.2 m
20 29 29 +40 16 01 Sd 1 17.2 m
20 31 52 -07 03 58 Abell 70 14.7 m
20 32 03 +48 54 02 We 1-10
20 32 34 +47 22 02 Abell 71 14.5 m
20 42 29 +37 42 05 K4-53 16.1 m
20 45 22 +44 40 06 K4-55
20 45 33 +50 24 06 K3-78 19.5 m
20 50 14 +13 34 08 Abell 72 12.7 m
20 53 21 +53 47 09 K3-79 17.9 m
20 56 32 +57 27 10 Abell 73 17.0 m
21 00 15 +00 01 11 21 Hours_________
21 00 39 +54 33 11 NGC7008 11.0 m
21 04 28 -11 20 48 NGC7009 7.8 m
21 06 13 -37 06 47 PRMG 1 16.7 m
21 06 28 +47 52 13 NGC7026 10.9 m
21 07 11 +42 15 13 NGC7027 8.5 m
21 07 53 +41 12 13 K3-80 17.1 m
21 11 04 +50 48 14 We 1-11
21 14 17 +47 45 15 Sh 1-89 14.5 m
21 14 29 +46 18 15 NGC7048 12.1 m
21 17 07 +24 10 16 Abell 74 15.8 m
21 18 17 +43 50 16 We 2-245
21 19 17 +46 20 17 M1-77
21 20 52 +51 54 17 M1-78 17.0 m
21 22 30 +38 08 17 K3-81 15.5 m
21 26 31 +62 54 19 NGC7076 13.5 m
21 27 33 +57 40 19 K3-60 16.1 m
21 30 14 +12 11 20 Pease 1 15.5 m
21 30 10 +54 28 20 K3-61 16.8 m
21 31 05 +50 01 20 K3-82 16.1 m
21 31 58 +52 35 20 K3-62 16.1 m
21 32 21 +55 54 20 Abell 77 14.0 m
21 32 41 +44 37 20 IC5117 11.5 m
21 33 18 +39 39 20 Hu1-2 11.8 m
21 35 43 +31 43 21 Abell 78 13.4 m
21 35 53 +50 55 21 K3-83 19.7 m
21 37 08 +12 48 21 NGC7094 13.7 m
21 37 11 +48 57 21 M1-79 13.3 m
21 38 59 +46 01 22 K3-84 14.7 m
21 39 22 +55 47 22 K3-63 16.0 m
21 43 29 +50 26 23 M2-49 15.8 m
21 46 02 +63 48 24 NGC7139 13.4 m
21 57 53 +51 43 26 M2-50 14.5 m
21 59 48 -39 21 33 IC5148 11.0 m
22 00 15 +00 01 27 22 Hours_________
22 13 33 +65 55 30 IsWe 2
22 16 17 +57 30 30 M2-51 13.6 m
22 19 43 +70 57 31 DeHt 5
22 20 29 +58 15 31 Bl 2-1 17.3 m
22 20 41 +57 37 31 M2-52 14.1 m
22 24 06 +50 59 32 IC5217 11.3 m
22 26 30 +54 51 32 Abell 79 15.3 m
22 29 52 -20 48 27 NGC7293 7.6 m
22 31 55 +47 49 33 Me2-2 11.5 m
22 32 30 +56 11 33 M2-53 15.2 m
22 35 00 +52 27 33 Abell 80 16.0 m
22 40 29 +61 18 34 NGC7354 12.2 m
22 42 38 +80 28 35 IC1454 14.0 m
22 48 04 +67 04 35 KjPn 6 18.2 m
22 48 48 +58 30 35 K4-57 19.6 m
22 51 49 +51 52 36 M2-54
22 55 19 +56 44 36 K3-87 17.7 m
22 56 31 +57 10 36 M1-80 13.4 m
22 59 06 +61 59 37 PM 1-339
23 00 15 +00 01 37 23 Hours_________
23 12 30 +64 40 38 K3-88 18.6 m
23 23 14 +46 55 39 Vy2-3 13.5 m
23 24 32 +60 57 39 KjPn 8 18.2 m
23 25 50 +42 33 39 NGC7662 8.3 m
23 26 26 +58 12 39 Hb 12 11.8 m
23 32 07 +70 23 39 M2-55 14.4 m
23 36 09 +30 29 40 Jn 1 13.0 m
23 39 21 +48 14 40 K1-20 16.5 m
23 46 03 +57 05 40 Abell 82 13.8 m
23 47 03 +54 46 40 Abell 83 15.5 m
23 47 57 +51 25 40 Abell 84 13.0 m
