00 01 21 +06 14 40 NGC 7802 GALXY13.5
00 01 39 +07 45 40 NGC 7804 NONEX
00 02 27 +02 57 40 NGC 7809 GALXY14.6
00 02 45 +03 21 40 NGC 7811 GALXY14.6
00 04 03 +07 28 40 NGC 7816 GALXY12.8
00 04 27 +07 22 40 NGC 7818 GALXY14.0
00 04 51 +05 12 40 NGC 7820 GALXY12.9
00 05 27 +06 55 40 NGC 7824 GALXY13.2
00 05 27 +05 13 40 NGC 7825 GALXY15.5
00 05 45 +05 14 40 NGC 7827 GALXY13.9
00 06 27 +08 23 40 NGC 7830 1STAR
00 06 51 -03 40 20 NGC 7832 GALXY
00 06 57 +08 22 40 NGC 7834 GALXY14.3
00 07 03 +08 26 40 NGC 7835 GALXY15.5
00 07 09 +08 21 40 NGC 7837 GALXY16.0
00 07 15 +08 21 40 NGC 7838 GALXY15.5
00 07 21 +08 26 40 NGC 7840 NONEX
00 07 33 +08 18 40 NGC 3 GALXY13.3
00 08 27 +08 10 40 NGC 4 GALXY
00 09 03 +04 37 40 NGC 12 GALXY13.1
00 11 09 +03 41 40 NGC 33 2STAR
00 11 33 +06 25 40 NGC 36 GALXY13.1
00 12 09 -05 34 20 NGC 38 GALXY
00 14 21 +06 00 40 NGC 46 1STAR
00 15 40 +17 19 40 NGC 57 GALXY11.6
00 15 39 +12 27 40 NGC 56 NONEX
00 16 15 -00 15 20 NGC 60 GALXY14.1
00 16 45 -06 12 20 NGC 61B GALXY15.5
00 16 45 -06 12 20 NGC 61A GALXY
00 17 03 +12 22 40 UGC 156 GALXY14.0
00 18 03 +11 27 40 NGC 63 GALXY11.6
00 19 45 +06 26 40 NGC 75 GALXY13.2
00 20 27 +10 54 40 UGC 191 GALXY13.4
00 20 39 +00 50 40 NGC 78B GALXY13.5
00 20 39 +00 50 40 NGC 78A GALXY13.7
00 22 27 +10 30 40 NGC 95 GALXY12.5
00 24 04 +15 46 40 NGC 99 GALXY13.6
00 24 16 +16 30 40 NGC 100 GALXY13.3
00 25 03 -05 08 20 NGC 106 GALXY
00 25 34 +12 53 40 NGC 105 GALXY13.2
00 29 09 +02 51 39 NGC 125 GALXY12.1
00 29 27 +02 49 39 NGC 126 GALXY14.2
00 29 27 +02 53 39 NGC 127 GALXY
00 29 33 +02 52 39 NGC 128 GALXY11.8
00 29 33 +02 52 39 NGC 130 GALXY
00 31 15 +05 11 39 NGC 138 GALXY13.6
00 31 15 +05 06 39 NGC 139 GALXY14.3
00 31 22 +10 12 39 NGC 137 GALXY12.8
00 31 39 +05 12 39 NGC 141 GALXY15.5
00 36 45 +02 46 39 NGC 164 GALXY16.0
00 38 16 +08 39 39 NGC 180 GALXY12.9
00 38 27 +02 44 39 NGC 182 GALXY12.4
00 38 45 +03 10 39 NGC 186 GALXY13.4
00 39 10 +07 03 39 NGC 190 GALXY14.5
00 39 33 +03 03 39 NGC 194 GALXY12.2
00 39 39 +03 20 39 NGC 193 GALXY12.2
00 39 39 +02 48 39 NGC 198 GALXY13.1
00 39 51 +02 54 39 NGC 200 GALXY12.6
00 39 51 +03 08 39 NGC 199 GALXY13.6
00 39 57 +03 27 39 NGC 203 GALXY14.0
00 39 57 +03 32 39 NGC 202 GALXY14.3
00 40 03 +03 18 39 NGC 204 GALXY12.9
00 40 39 +02 45 39 NGC 208 GALXY14.3
00 41 15 +03 27 39 NGC 211 1STAR
00 41 28 +16 29 39 NGC 213 GALXY13.3
00 43 40 +14 21 38 NGC 234 GALXY12.5
00 43 45 +02 57 38 NGC 236 GALXY13.5
00 45 22 +06 09 38 NGC 240 GALXY13.5
00 46 28 +19 30 38 UGC 477 GALXY14.2
00 47 34 +07 56 38 NGC 250 GALXY13.6
00 48 04 +19 35 38 NGC 251 GALXY13.2
00 48 22 +08 20 38 NGC 257 GALXY12.6
00 50 10 +32 17 38 NGC 266 GALXY11.6
00 53 04 +30 38 38 NGC 282 GALXY14.5
00 53 52 +32 30 37 NGC 287 GALXY15.0
00 55 28 +31 32 37 NGC 295 GALXY12.6
00 55 40 +31 41 37 NGC 296 GALXY15.0
00 56 34 +12 05 37 NGC 305 6STAR
00 57 52 +30 17 37 NGC 311 GALXY13.0
00 58 04 +30 23 37 NGC 313 NONEX
00 58 10 +30 22 37 NGC 315 GALXY11.2
00 58 10 +30 22 37 NGC 316 NONEX
00 58 22 +30 26 37 NGC 318 GALXY15.0
00 58 40 +26 53 37 NGC 326 GALXY13.2
00 59 04 +07 07 37 NGC 332 GALXY15.0
01 00 52 +30 40 37 NGC 338 GALXY12.8
01 01 40 +07 38 37 UGC 634 GALXY14.6
01 03 28 +22 22 36 NGC 354 GALXY13.4
01 06 53 +32 26 36 NGC 370 NONEX
01 06 59 +32 27 36 NGC 372 3STAR
01 07 17 +32 19 36 NGC 373 GALXY
01 07 23 +32 47 36 NGC 374 GALXY13.4
01 07 23 +32 22 36 NGC 375 GALXY16.0
01 07 35 +32 30 36 NGC 380 GALXY12.5
01 07 35 +32 32 36 NGC 379 GALXY12.9
01 07 41 +32 26 36 NGC 383 GALXY12.4
01 07 41 +32 19 36 NGC 384 GALXY13.1
01 07 41 +32 25 36 NGC 382 GALXY13.2
01 07 47 +32 20 36 NGC 385 GALXY13.0
01 07 47 +32 23 36 NGC 386 GALXY14.3
01 07 47 +32 24 36 NGC 387 GALXY
01 08 05 +32 20 36 NGC 388 GALXY14.3
01 08 22 +04 33 36 NGC 396 GALXY16.0
01 08 23 +32 28 36 NGC 390 GALXY
01 08 41 +33 08 36 NGC 392 GALXY12.7
01 08 41 +33 09 36 NGC 394 GALXY15.0
01 08 47 +33 07 36 NGC 397 GALXY15.5
01 09 05 +32 31 36 NGC 398 GALXY15.5
01 09 17 +32 38 36 NGC 399 GALXY13.6
01 09 17 +32 45 36 NGC 400 NONEX
01 09 23 +32 47 36 NGC 401 NONEX
01 09 29 +32 50 36 NGC 402 NONEX
01 09 35 +32 46 36 NGC 403 GALXY12.5
01 10 53 +33 08 35 NGC 407 GALXY13.4
01 11 11 +33 07 35 NGC 408 GALXY
01 11 17 +33 10 35 NGC 410 GALXY11.5
01 11 35 +33 07 35 NGC 414 GALXY14.5
01 12 23 +32 07 35 NGC 420 GALXY12.1
01 12 23 +32 10 35 NGC 421 NONEX
01 14 40 +05 57 35 NGC 437 GALXY12.8
01 15 10 +04 12 35 NGC 446 GALXY15.5
01 15 23 +33 24 35 NGC 443 GALXY13.0
01 15 53 +33 05 35 NGC 447 GALXY14.0
01 16 11 +31 06 35 NGC 444 GALXY14.3
01 16 16 +05 12 35 NGC 455 GALXY12.6
01 16 23 +33 07 35 NGC 449 GALXY14.2
01 16 29 +33 05 35 NGC 451 GALXY13.9
01 16 35 +31 03 35 NGC 452 GALXY12.6
01 16 35 +33 04 35 NGC 453 3STAR
01 16 41 +33 28 35 AND II GALXY13.5
01 18 16 +17 34 34 NGC 459 GALXY14.4
01 18 22 +04 15 34 NGC 462 GALXY
01 19 10 +16 20 34 NGC 463 GALXY15.0
01 19 28 +03 19 34 NGC 467 GALXY11.9
01 19 40 +14 54 34 NGC 469 GALXY15.0
01 20 04 +03 26 34 NGC 470 GALXY11.8
01 20 04 +16 34 34 NGC 473 GALXY12.5
01 20 05 +32 48 34 NGC 468 GALXY15.0
01 20 10 +14 48 34 NGC 471 GALXY13.3
01 20 16 +14 52 34 NGC 475 GALXY
01 20 22 +03 26 34 NGC 474 GALXY11.5
01 20 28 +16 02 34 NGC 476 GALXY15.0
01 20 47 +32 44 34 NGC 472 GALXY14.0
01 21 28 +12 26 34 UGC 891 GALXY14.3
01 21 34 +03 53 34 NGC 479 GALXY13.9
01 21 40 +07 02 34 NGC 485 GALXY13.0
01 22 04 +05 17 34 NGC 488 GALXY10.3
01 22 04 +09 13 34 NGC 489 GALXY12.6
01 22 17 +33 33 34 NGC 483 GALXY13.1
01 22 22 +05 23 34 NGC 490 GALXY14.3
01 22 22 +05 25 34 NGC 486 GALXY15.5
01 22 28 +05 26 34 NGC 492 GALXY15.5
01 22 58 +05 25 34 NGC 500 GALXY15.0
01 23 04 +09 04 34 NGC 502 GALXY12.8
01 23 11 +33 30 34 NGC 495 GALXY12.9
01 23 10 +09 29 34 NGC 505 GALXY13.8
01 23 17 +33 12 34 NGC 494 GALXY12.9
01 23 29 +33 29 34 NGC 499 GALXY12.1
01 23 35 +33 34 34 NGC 496 GALXY13.3
01 23 35 +33 31 34 NGC 498 GALXY16.0
01 23 40 +09 27 34 NGC 509 GALXY13.4
01 23 41 +33 28 34 NGC 501 GALXY14.5
01 23 47 +33 14 34 NGC 504 GALXY13.0
01 23 46 +11 18 34 NGC 511 GALXY13.7
01 23 47 +33 22 34 NGC 503 GALXY14.1
01 23 53 +33 17 34 NGC 507 GALXY11.2
01 23 53 +33 19 34 NGC 508 GALXY13.1
01 23 53 +33 15 34 NGC 506 NONEX
01 23 59 +33 27 34 NGC 510 GALXY
01 24 16 +12 57 34 NGC 514 GALXY11.6
01 24 22 +09 34 34 NGC 516 GALXY13.1
01 24 34 +09 21 34 NGC 518 GALXY13.3
01 24 52 +03 49 33 NGC 520 GALXY11.4
01 24 53 +33 30 33 NGC 515 GALXY13.0
01 24 59 +33 28 33 NGC 517 GALXY12.4
01 24 58 +10 01 33 NGC 522 GALXY12.9
01 25 04 +09 34 33 NGC 524 GALXY10.3
01 25 04 +09 43 33 NGC 525 GALXY13.2
01 25 34 +09 17 33 NGC 532 GALXY12.9
01 25 45 -01 20 27 Abell 194GALCL13.0
01 28 05 +33 29 33 NGC 552 NONEX
01 28 05 +33 29 33 NGC 553 NONEX
01 29 17 +32 22 33 NGC 566 GALXY13.5
01 29 22 +11 10 33 NGC 569 GALXY13.6
01 30 11 +32 32 33 NGC 571 GALXY13.6
01 31 04 +21 27 32 NGC 575 GALXY12.8
01 32 52 +04 36 32 UGC 1102 GALXY13.9
01 35 10 +21 27 32 NGC 606 GALXY13.4
01 36 52 +15 49 31 NGC 628 GALXY09.4
01 37 04 +05 52 31 NGC 631 GALXY13.3
01 37 34 +05 54 31 NGC 632 GALXY12.3
01 39 52 +07 15 31 NGC 638 GALXY13.8
01 40 28 +05 45 31 NGC 645 GALXY12.6
01 40 58 +08 00 31 NGC 652 GALXY13.6
01 42 16 +12 37 30 NGC 658 GALXY12.5
01 42 40 +13 59 30 UGC 1195 GALXY13.2
01 42 41 +26 10 30 NGC 656 GALXY13.4
01 42 46 +18 19 30 UGC 1197 GALXY15.0
01 43 10 +13 40 30 NGC 660 GALXY11.2
01 44 04 +04 16 30 NGC 664 GALXY12.8
01 45 04 +10 27 30 NGC 665 GALXY12.1
01 45 46 +10 34 30 IC 156 GALXY13.5
01 49 10 +05 55 29 NGC 676 GALXY10.5
01 50 46 +06 09 29 NGC 693 GALXY12.4
01 52 04 +06 18 29 NGC 706 GALXY12.5
01 53 28 +04 12 28 NGC 718 GALXY11.7
01 55 22 +04 13 28 NGC 728 3STAR
01 55 34 +05 38 28 NGC 730 1STAR
01 56 34 +05 38 28 NGC 741 GALXY11.1
01 56 46 +05 38 28 NGC 742 GALXY14.3
01 58 58 +08 21 27 NGC 766 GALXY12.7
02 01 58 +08 30 26 NGC 791 GALXY13.1
22 52 45 +01 07 36 NGC 7396 GALXY12.9
22 53 09 +01 14 36 NGC 7398 GALXY13.6
22 53 09 +01 09 36 NGC 7397 GALXY14.1
22 53 15 +01 11 36 NGC 7402 GALXY14.4
22 53 21 +01 11 36 NGC 7401 GALXY
22 53 21 +01 30 36 NGC 7403 1STAR
22 56 27 +03 57 36 NGC 7422 GALXY13.4
22 57 33 -01 00 24 NGC 7428 GALXY12.5
22 58 39 -01 09 23 NGC 7434 GALXY15.7
23 00 51 +07 18 37 NGC 7455 GALXY14.2
23 01 21 +06 46 37 NGC 7452 GALXY15.0
23 01 45 +01 46 37 NGC 7458 GALXY12.5
23 01 57 +06 45 37 NGC 7459 NONEX
23 02 03 +02 17 37 NGC 7460 GALXY13.0
23 04 03 +03 04 37 NGC 7472 NONEX
23 05 03 +03 05 37 NGC 7477 NONEX
23 05 09 +02 36 37 NGC 7478 GALXY
23 05 27 +02 38 37 NGC 7480B GALXY15.5
23 05 33 +02 33 37 NGC 7480A GALXY15.1
23 05 57 +03 04 37 NGC 7482 GALXY13.6
23 06 09 +03 33 37 NGC 7483 GALXY13.0
23 08 09 +00 57 38 NGC 7488 GALXY13.8
23 08 51 +00 55 38 NGC 7493 1STAR
23 10 39 +07 36 38 NGC 7499 GALXY12.8
23 10 45 +07 36 38 NGC 7501 GALXY13.4
23 10 57 +07 35 38 NGC 7503 GALXY13.2
23 12 03 -02 08 22 NGC 7506 GALXY12.9
23 13 21 +06 20 38 NGC 7518 GALXY13.4
23 13 21 +06 25 38 UGC 12423 GALXY13.6
23 13 33 -02 05 22 NGC 7517 GALXY14.4
23 13 57 -01 42 22 NGC 7521 GALXY13.9
23 14 03 -01 43 22 NGC 7524 GALXY
23 14 33 -02 43 22 NGC 7530 GALXY15.0
23 14 39 -02 40 22 NGC 7532 GALXY14.5
23 14 39 -01 59 22 NGC 7533 GALXY15.5
23 14 45 -02 37 22 NGC 7534 GALXY14.5
23 14 51 +04 31 38 NGC 7537 GALXY13.2
23 14 57 +04 33 38 NGC 7541 GALXY11.7
23 15 15 -02 10 22 NGC 7544 GALXY
23 15 27 -02 16 22 NGC 7546 GALXY14.5
23 15 51 +07 18 38 NGC 7564 GALXY14.5
23 15 57 +06 42 38 NGC 7557 GALXY14.1
23 15 57 -02 21 22 NGC 7554 GALXY
23 16 09 -02 18 22 NGC 7556 GALXY14.0
23 16 15 +06 42 38 NGC 7562 GALXY11.6
23 16 15 +04 31 38 NGC 7560 2STAR
23 16 15 +04 32 38 NGC 7561 NONEX
23 16 21 +06 40 38 NGC 7562A GALXY15.0
23 16 33 -00 01 22 NGC 7565 1STAR
23 16 51 -02 19 22 NGC 7566 GALXY14.5
23 17 33 +06 40 38 NGC 7575 1STAR
23 17 39 +07 23 38 NGC 7577 GALXY
23 18 03 +04 41 39 NGC 7581 NONEX
23 18 09 +07 25 39 NGC 7583 GALXY13.7
23 18 09 +07 27 39 NGC 7604 GALXY14.5
23 18 39 +06 35 39 NGC 7591 GALXY13.0
23 18 39 +00 17 39 NGC 7589 GALXY14.1
23 19 09 +07 26 39 NGC 7605 NONEX
23 19 15 +00 16 39 NGC 7603 GALXY13.2
23 19 51 +08 05 39 NGC 7611 GALXY12.5
23 20 09 +00 25 39 NGC 7613 GALXY
23 20 15 +00 14 39 NGC 7614 NONEX
23 20 27 +08 11 39 NGC 7617 GALXY13.8
23 21 39 +01 24 39 NGC 7629 GALXY13.8
23 23 09 +01 27 39 NGC 7642 GALXY13.7
23 24 33 -00 05 21 NGC 7667 GALXY14.0
23 27 27 -00 09 21 NGC 7668 NONEX
23 27 27 -00 09 21 NGC 7669 NONEX
23 27 27 -00 09 21 NGC 7670 NONEX
23 29 03 +03 32 39 NGC 7679 GALXY12.9
23 29 21 +11 27 39 NGC 7683 GALXY12.5
23 29 21 +03 33 39 NGC 7682 GALXY13.1
23 30 45 +00 05 39 NGC 7684 GALXY13.6
23 30 51 +03 55 39 NGC 7685 GALXY13.2
23 31 09 +03 33 39 NGC 7687 GALXY13.4
23 33 33 -01 15 20 NGC 7693 GALXY13.4
23 33 33 -02 41 20 NGC 7695 NONEX
23 33 39 -02 40 20 NGC 7694 GALXY14.0
23 34 09 +04 54 40 NGC 7696 GALXY14.8
23 34 39 -02 52 20 NGC 7699 GALXY
23 34 51 -02 49 20 NGC 7701 GALXY14.0
23 34 51 -02 55 20 NGC 7700 GALXY14.5
23 35 27 +04 55 40 NGC 7704 GALXY13.4
23 35 27 +04 49 40 NGC 7705 GALXY15.4
23 35 33 +05 00 40 NGC 7706 GALXY13.2
23 36 03 -02 51 20 NGC 7710 GALXY15.0
23 36 27 +02 10 40 NGC 7714 GALXY12.5
23 36 39 +02 10 40 NGC 7715 GALXY14.2
23 36 45 +00 19 40 NGC 7716 GALXY12.1
23 41 51 +03 46 40 NGC 7731 GALXY13.5
23 41 57 +03 45 40 NGC 7732 GALXY13.8
23 44 21 +00 32 40 NGC 7738 GALXY14.4
23 44 45 +00 20 40 NGC 7739 NONEX
23 45 39 -01 39 20 NGC 7746 GALXY13.1
23 46 57 +03 48 40 NGC 7750 GALXY12.9
23 47 15 +06 52 40 NGC 7751 GALXY12.8
23 48 45 +04 08 40 NGC 7756 GALXY14.0
23 49 03 +04 11 40 NGC 7757 GALXY12.7
23 53 33 +07 53 40 NGC 7778 GALXY12.7
23 53 39 +07 53 40 NGC 7779 GALXY12.7
23 53 51 +08 08 40 NGC 7780 GALXY13.9
23 54 03 +07 52 40 NGC 7781 GALXY13.9
23 54 09 +07 59 40 NGC 7782 GALXY12.2
23 54 27 +00 24 40 NGC 7783A GALXY14.1
23 54 27 +00 25 40 NGC 7783B GALXY15.0
23 54 27 +00 26 40 NGC 7783C GALXY16.0
23 55 39 +05 55 40 NGC 7785 GALXY11.6
23 56 27 +00 34 40 NGC 7787 GALXY14.2
23 59 15 +03 39 40 NGC 7797 GALXY13.7
