06 13 33 -43 39 06 NGC 2200 GALXY14.1
06 13 39 -43 41 06 NGC 2201 GALXY13.4
06 21 57 -44 46 10 NGC 2220 ASTER
06 49 11 -36 00 21 NGC 2298 GLOCL09.4
06 54 10 -40 52 23 NGC 2310 GALXY11.8
07 02 40 -42 03 27 NGC 2328 GALXY12.8
07 17 11 -36 50 33 Cr 135 OPNCL02.1
07 19 09 -44 35 34 Be 135 DRKNB
07 26 27 -47 44 37 Mel 66 OPNCL07.8
07 27 18 -31 11 37 Ru 21 OPNCL
07 27 31 -24 02 37 Tr 7 OPNCL07.9
07 28 20 -11 44 38 NGC 2396 OPNCL07.4
07 28 32 -15 24 38 Czernik 29OPNCL10.3
07 28 50 -15 23 38 Haffner 10OPNCL11.5
07 29 05 -35 45 38 PK248- 8.1PLNNB13.0
07 29 38 -13 58 38 NGC 2401 OPNCL12.6
07 29 48 -28 59 38 Ru 22 OPNCL
07 30 01 -17 41 38 Mayer 3 OPNCL
07 31 07 -17 04 39 Bochum 5 OPNCL 7
07 31 07 -22 53 39 Ru 23 OPNCL
07 31 13 -16 57 39 Bochum 4 OPNCL07.3
07 31 31 -19 44 39 Czernik 31OPNCL
07 31 49 -17 11 39 NGC 2409 NONEX
07 31 49 -16 58 39 Sh2-302 BRTNB
07 32 01 -19 27 39 PK234- 0.1PLNNB14.0
07 32 08 -12 45 39 Ru 24 OPNCL
07 32 13 -19 26 39 Bochum 6 OPNCL09.9
07 32 50 -16 54 39 vdB 97 BRTNB
07 33 32 -15 27 40 NGC 2414 OPNCL07.9
07 33 32 -13 06 40 NGC 2413 NONEX
07 34 07 -19 43 40 Ru 40 OPNCL
07 35 43 -18 46 41 Sh2-307 BRTNB
07 36 12 -26 30 41 Haffner 11OPNCL
07 36 31 -20 37 41 NGC 2421 OPNCL08.3
07 36 36 -25 20 41 vdB 98 BRTNB
07 36 39 -47 36 41 NGC 2427 GALXY11.5
07 36 50 -14 30 41 NGC 2422 OPNCL04.4
07 37 20 -13 52 41 NGC 2423 OPNCL06.7
07 37 19 -22 52 41 Ru 25 OPNCL
07 37 44 -12 04 41 Mel 71 OPNCL07.1
07 37 42 -26 36 41 Ru 27 OPNCL
07 37 56 -14 35 41 Ru 26 OPNCL
07 38 32 -14 52 42 NGC 2425 OPNCL
07 38 35 -34 12 42 vdB-Ha 4OPNCL
07 39 26 -16 31 42 NGC 2428 NONEX
07 39 38 -16 21 42 NGC 2430 NONEX
07 40 17 -33 33 42 Bochum 15 OPNCL06.3
07 40 18 -29 18 42 Ru 28 OPNCL
07 40 38 -11 33 43 PK228+ 5.1PLNNB
07 40 42 -30 07 43 Haffner 13OPNCL
07 41 00 -31 39 43 NGC 2439 OPNCL06.9
07 41 07 -19 05 43 NGC 2432 OPNCL10.2
07 41 32 -16 15 43 Ru 151 OPNCL
07 41 55 -23 54 43 Ru 29 OPNCL
07 42 02 -14 49 43 NGC 2437 OPNCL06.1
07 42 02 -14 44 43 NGC 2438 PLNNB11.0
07 42 07 -18 13 43 NGC 2440 PLNNB11.5
07 42 20 -14 21 43 PK231+ 4.1PLNNB14.4
07 42 24 -31 28 43 Ru 30 OPNCL
07 42 53 -35 35 43 Ru 31 OPNCL
07 43 29 -34 45 44 PK249- 5.1PLNNB13.1
07 44 49 -23 52 44 NGC 2447 OPNCL06.2
07 44 49 -24 41 44 NGC 2448 NONEX
07 45 13 -25 31 44 Ru 32 OPNCL08.4
07 45 30 -32 47 44 Haffner 15OPNCL09.4
07 45 35 -37 58 44 NGC 2451 OPNCL02.8
07 45 42 -27 52 45 Haffner 14OPNCL
07 46 07 -20 23 45 Ru 34 OPNCL09.5
07 46 43 -20 18 45 Ru 33 OPNCL
07 47 06 -30 59 45 Ru 35 OPNCL
07 47 36 -27 30 45 NGC 2452 PLNNB12.6
07 47 46 -41 27 45 ESO 311-G0GALXY11.8
07 48 00 -27 14 45 NGC 2453 OPNCL08.3
07 48 42 -26 18 46 Ru 36 OPNCL09.6
07 49 13 -21 18 46 NGC 2455 OPNCL10.2
07 49 37 -24 22 46 Haffner 25OPNCL
07 50 25 -19 18 46 PK236+ 3.1PLNNB15.4
07 50 31 -25 27 46 Haffner 16OPNCL10.0
07 50 50 -16 58 47 Ru 37 OPNCL
07 51 24 -28 26 47 Czernik 32OPNCL
07 51 37 -20 04 47 Ru 38 OPNCL
07 52 29 -38 33 47 NGC 2477 OPNCL05.8
07 52 42 -26 23 47 NGC 2467 CL+NB07.1
07 52 48 -30 25 47 Haffner 17OPNCL
07 52 54 -26 15 47 Haffner 19OPNCL09.4
07 53 13 -21 48 47 Ru 39 OPNCL
07 53 31 -25 54 48 Haffner 18OPNCL09.3
07 54 56 -15 25 48 NGC 2478 NONEX
07 54 55 -25 17 48 Ru 41 OPNCL
07 55 07 -24 18 48 NGC 2482 OPNCL07.3
07 55 20 -17 43 48 NGC 2479 OPNCL09.6
07 55 25 -23 38 48 PK241+ 2.1PLNNB14.0
07 55 31 -25 56 48 Tr 9 OPNCL08.7
07 55 35 -38 00 48 Ru 152 OPNCL
07 56 06 -27 56 49 NGC 2483 OPNCL07.6
07 56 24 -30 04 49 NGC 2489 OPNCL07.9
07 56 30 -30 24 49 Haffner 20OPNCL11.0
07 58 43 -24 23 50 Ru 42 OPNCL
07 58 50 -14 22 50 NGC 2501 GALXY14.0
07 58 54 -28 55 50 Ru 43 OPNCL
07 59 12 -28 35 50 Ru 44 OPNCL07.2
07 59 50 -16 18 50 Ru 45 OPNCL
08 00 55 -19 04 50 NGC 2509 OPNCL09.3
08 01 18 -30 01 51 Ru 153 OPNCL
08 01 24 -27 10 51 Haffner 21OPNCL10.3
08 01 52 -43 52 51 Ru 154 OPNCL
08 02 19 -19 28 51 Ru 46 OPNCL09.1
08 02 30 -31 06 51 Ru 47 OPNCL09.6
08 02 42 -27 42 51 PK245+ 1.1PLNNB14.2
08 02 42 -28 11 51 NGC 2520 NONEX
08 03 02 -12 19 51 NGC 2517 GALXY11.8
08 03 06 -30 15 51 Ru 48 OPNCL
08 03 18 -26 47 51 Ru 49 OPNCL09.6
08 03 36 -29 23 51 Ru 50 OPNCL
08 03 48 -29 38 51 Ru 51 OPNCL
08 04 09 -46 00 52 Cr 173 OPNCL0.6
08 05 12 -30 29 52 Ru 155 OPNCL
08 05 18 -30 19 52 Ru 52 OPNCL
08 05 30 -28 10 52 NGC 2527 OPNCL06.5
08 05 56 -11 25 52 NGC 2525 GALXY11.6
08 07 12 -29 54 53 NGC 2533 OPNCL07.6
08 07 18 -31 55 53 vdB-Ha 19OPNCL
08 09 12 -32 40 53 PK250+ 0.1PLNNB18.1
08 10 56 -12 50 54 NGC 2539 OPNCL06.5
08 11 01 -27 01 54 Ru 53 OPNCL
08 11 32 -12 56 54 NGC 2542 NONEX
08 11 36 -30 21 54 Ru 54 OPNCL
08 12 30 -32 36 55 Ru 55 OPNCL07.8
08 12 35 -37 38 55 NGC 2546 OPNCL06.3
08 12 47 -40 28 55 Ru 56 OPNCL
08 12 55 -26 25 55 Haffner 22OPNCL
08 14 35 -36 24 55 vdB-Ha 23OPNCL
08 15 06 -30 21 56 Ru 58 OPNCL
08 15 13 -25 19 56 Ru 57 OPNCL
08 15 48 -29 28 56 Haffner 26OPNCL
08 17 19 -27 29 56 NGC 2559 GALXY10.9
08 17 59 -37 05 57 Pismis 1 OPNCL10.7
08 18 11 -37 06 57 NGC 2568 OPNCL
08 18 30 -30 38 57 NGC 2567 OPNCL07.4
08 18 29 -40 41 57 Pismis 2 OPNCL
08 18 49 -21 49 57 NGC 2564 GALXY
08 19 01 -25 22 57 IC 2311 GALXY11.5
08 19 06 -29 44 57 NGC 2571 OPNCL 7
08 19 07 -25 29 57 NGC 2566 GALXY11.0
08 19 18 -34 27 57 Ru 59 OPNCL 9
08 21 17 -36 11 58 NGC 2579 CL+NB07.5
08 21 38 -13 19 58 NGC 2578 GALXY12.6
08 21 48 -30 19 58 NGC 2580 OPNCL09.7
08 22 41 -36 10 58 Cr 185 OPNCL07.8
08 23 24 -32 59 59 NGC 2588 OPNCL11.8
08 23 42 -29 30 59 NGC 2587 OPNCL09.2
08 24 24 -29 09 59 Cr 187 OPNCL09.6
08 25 30 -34 10 59 Ru 61 OPNCL
08 28 41 -39 25 00 PK258- 0.1PLNNB14.4
