11 50 22 +26 27 20 NGC 3912 GALXY
11 49 28 +26 59 20 NGC 3900 GALXY
11 58 33 +28 10 20 NGC 4008 GALXY
11 57 57 +32 16 20 NGC 3995 GALXY
11 53 10 +36 57 20 NGC 3941 GALXY
11 41 34 +36 31 20 NGC 3813 GALXY
11 24 58 +38 44 21 NGC 3665 GALXY
11 58 51 +42 42 20 IC 0749 GALXY
11 59 09 +42 41 20 IC 0750 GALXY
11 58 51 +43 56 20 NGC 4013 GALXY
11 53 04 +44 05 20 NGC 3938 GALXY
11 26 22 +43 33 21 NGC 3675 GALXY
11 18 35 +45 43 21 NGC 3614 GALXY
11 14 29 +48 17 22 NGC 3583 GALXY
11 39 34 +46 29 20 NGC 3782 GALXY
11 33 34 +47 00 20 NGC 3726 GALXY
11 37 58 +47 52 20 NGC 3769 GALXY
11 46 22 +47 28 20 NGC 3877 GALXY
11 48 52 +48 41 20 NGC 3893 GALXY
11 53 58 +47 50 20 NGC 3949 GALXY
11 56 57 +48 18 20 NGC 3985 GALXY
11 59 39 +50 56 20 NGC 4026 GALXY
11 51 04 +51 48 20 NGC 3917 GALXY
11 54 04 +52 18 20 NGC 3953 GALXY
11 57 51 +53 20 20 M109
12 04 27 +18 25 20 NGC 4064 GALXY
12 10 21 +18 31 20 NGC 4147 GLOCL
12 10 57 +16 01 20 NGC 4152 GALXY
12 12 33 +13 11 20 NGC 4168 GALXY
12 14 03 +13 24 20 NGC 4189 GALXY
12 15 57 +13 53 20 NGC 4212 GALXY
12 14 03 +14 52 20 M98
12 14 03 +14 52 20 M98
12 19 02 +14 23 20 M99
12 17 27 +15 18 20 NGC 4237 GALXY
12 19 51 +14 51 20 NGC 4262 GALXY
12 21 51 +14 35 20 NGC 4298 GALXY
12 22 03 +14 35 20 NGC 4302 GALXY
12 25 33 +14 44 20 NGC 4377 GALXY
12 27 15 +15 01 20 NGC 4419 GALXY
12 32 14 +14 23 21 M88
12 35 38 +14 27 20 M91
12 40 09 +15 16 21 NGC 4595 GALXY
12 44 03 +16 22 22 NGC 4651 GALXY
12 35 09 +15 32 21 NGC 4540 GALXY
12 25 33 +15 35 20 NGC 4379 GALXY
12 22 51 +15 31 20 NGC 4312 GALXY
12 23 09 +15 47 20 M100
12 25 45 +16 27 20 NGC 4383 GALXY
12 24 15 +16 40 20 NGC 4350 GALXY
12 23 57 +16 42 20 NGC 4340 GALXY
12 28 51 +17 04 21 NGC 4450 GALXY
12 31 57 +16 50 21 NGC 4498 GALXY
12 21 33 +18 22 20 NGC 4293 GALXY
12 25 33 +18 09 19 M85
12 26 15 +18 11 20 NGC 4394 GALXY
12 36 27 +19 18 21 NGC 4561 GALXY
12 42 51 +19 55 22 NGC 4635 GALXY
12 00 51 +20 03 20 NGC 4032 GALXY
12 11 27 +20 09 20 NGC 4158 GALXY
12 12 09 +24 06 20 NGC 4162 GALXY
12 29 03 +22 48 21 NGC 4455 GALXY
12 57 03 +21 39 22 M64
12 49 45 +25 27 22 NGC 4712 GALXY
12 50 39 +25 31 22 NGC 4725 GALXY
12 51 57 +25 45 22 NGC 4747 GALXY
12 59 50 +27 56 23 NGC 4874 GALXY
13 00 20 +27 57 23 NGC 4889 GALXY
12 54 51 +28 55 23 NGC 4793 GALXY
12 45 27 +27 06 22 NGC 4670 GALXY
12 36 33 +25 58 21 NGC 4565 GALXY
12 31 33 +25 45 21 NGC 4494 GALXY
12 36 09 +27 56 21 NGC 4559 GALXY
12 28 27 +28 36 21 NGC 4448 GALXY
12 18 27 +28 09 20 NGC 4251 GALXY
12 20 27 +29 16 20 NGC 4278 GALXY
12 20 39 +29 17 20 NGC 4283 GALXY
12 22 51 +29 52 20 NGC 4314 GALXY
12 20 09 +29 35 20 NGC 4274 GALXY
12 17 57 +29 35 20 NGC 4245 GALXY
12 09 39 +29 54 20 NGC 4136 GALXY
12 04 21 +31 53 20 NGC 4062 GALXY
12 10 51 +30 23 20 NGC 4150 GALXY
12 26 39 +31 12 20 NGC 4414 GALXY
12 44 09 +32 09 22 NGC 4656 GALXY
12 42 21 +32 31 21 NGC 4631 GALXY
12 25 57 +33 31 20 NGC 4395 GALXY
12 15 27 +33 11 20 NGC 4203 GALXY
12 15 57 +36 18 20 NGC 4214 GALXY
12 14 03 +36 37 20 NGC 4190 GALXY
12 17 45 +37 47 20 NGC 4244 GALXY
12 24 45 +39 22 20 NGC 4369 GALXY
12 10 51 +39 23 20 NGC 4151 GALXY
12 10 21 +39 52 20 NGC 4145 GALXY
12 51 13 +41 05 22 M94
12 41 44 +41 08 21 NGC 4618 GALXY
12 30 51 +41 37 21 NGC 4490 GALXY
12 30 45 +41 41 21 NGC 4485 GALXY
12 09 57 +42 31 20 NGC 4143 GALXY
12 07 21 +43 03 20 NGC 4111 GALXY
12 09 51 +43 40 20 NGC 4138 GALXY
12 13 39 +43 41 20 NGC 4183 GALXY
12 28 27 +44 04 21 NGC 4449 GALXY
12 28 57 +44 50 21 NGC 4460 GALXY
12 54 44 +46 30 23 NGC 4800 GALXY
12 25 45 +45 40 20 NGC 4389 GALXY
12 17 39 +45 36 20 NGC 4242 GALXY
12 10 21 +46 26 20 NGC 4144 GALXY
12 16 03 +47 04 20 NGC 4217 GALXY
12 23 39 +46 58 20 NGC 4346 GALXY
12 19 15 +47 16 19 M106
12 16 21 +47 52 20 NGC 4220 GALXY
12 06 21 +47 27 20 NGC 4096 GALXY
12 04 09 +48 37 20 NGC 4047 GALXY
12 06 27 +49 34 20 NGC 4100 GALXY
12 05 39 +50 20 20 NGC 4085 GALXY
12 05 51 +50 31 20 NGC 4088 GALXY
12 11 21 +50 28 20 NGC 4157 GALXY
12 06 45 +52 41 20 NGC 4102 GALXY
13 13 08 +18 08 25 M53
13 16 39 +17 40 25 NGC 5053 GLOCL
13 29 33 +17 01 27 NGC 5172 GALXY
13 11 51 +22 53 25 NGC 5012 GALXY
13 12 20 +24 04 25 NGC 5016 GALXY
12 59 50 +27 56 23 NGC 4874 GALXY
13 00 20 +27 57 23 NGC 4889 GALXY
13 06 02 +27 42 24 NGC 4961 GALXY
13 23 14 +26 57 26 NGC 5116 GALXY
13 42 25 +28 21 29 M3
13 18 44 +31 26 26 NGC 5074 GALXY
12 59 20 +34 50 23 NGC 4861 GALXY
12 59 26 +37 17 23 NGC 4868 GALXY
13 01 02 +37 17 23 NGC 4914 GALXY
13 11 14 +37 01 25 NGC 5005 GALXY
13 13 44 +36 34 25 NGC 5033 GALXY
13 22 08 +38 42 26 NGC 5112 GALXY
13 42 19 +35 36 30 NGC 5273 GALXY
13 53 31 +33 28 32 NGC 5347 GALXY
13 58 49 +37 26 33 NGC 5394 GALXY
13 58 55 +37 24 33 NGC 5395 GALXY
13 57 13 +37 35 33 NGC 5380 GALXY
13 53 43 +37 54 32 NGC 5351 GALXY
14 00 37 +38 53 33 NGC 5406 GALXY
13 51 07 +39 33 31 NGC 5326 GALXY
13 50 01 +39 58 31 NGC 5313 GALXY
13 53 43 +40 16 32 NGC 5353 GALXY
13 53 43 +40 17 32 NGC 5354 GALXY
13 53 43 +40 20 32 NGC 5350 GALXY
13 55 55 +40 26 32 NGC 5371 GALXY
13 55 01 +41 18 32 NGC 5362 GALXY
13 57 12 +41 50 33 NGC 5383 GALXY
13 15 55 +41 59 25 M63
13 46 31 +43 51 30 NGC 5297 GALXY
13 46 36 +46 05 30 NGC 5301 GALXY
13 30 31 +46 38 27 NGC 5198 GALXY
13 30 06 +47 10 27 M51
13 30 19 +47 14 27 NGC 5195 GALXY
13 56 30 +47 13 32 NGC 5377 GALXY
14 18 08 +25 06 37 NGC 5548 GALXY
14 15 02 +25 17 37 NGC 5523 GALXY
14 05 43 +28 30 34 NGC 5466 GLOCL
14 29 31 +28 47 40 NGC 5641 GALXY
14 30 25 +31 10 41 NGC 5653 GALXY
14 03 37 +35 06 34 NGC 5444 GALXY
14 16 25 +35 18 37 NGC 5533 GALXY
14 24 25 +34 49 39 NGC 5614 GALXY
14 18 31 +36 27 37 NGC 5557 GALXY
14 42 47 +41 49 44 NGC 5739 GALXY
14 27 35 +46 06 40 NGC 5633 GALXY
14 35 41 +48 42 42 NGC 5689 GALXY
14 32 59 +49 25 41 NGC 5676 GALXY
14 30 05 +49 35 40 NGC 5660 GALXY
14 02 59 +49 08 34 NGC 5448 GALXY
14 06 29 +50 42 35 NGC 5480 GALXY
14 05 17 +53 38 34 NGC 5474 GALXY
14 03 22 +54 19 34 M101
14 07 22 +54 58 35 NGC 5485 GALXY
14 04 58 +54 52 34 NGC 5473 GALXY
14 00 53 +55 08 33 NGC 5422 GALXY
14 02 22 +55 47 34 NGC 5443 GALXY
14 05 28 +55 43 34 NGC 5475 GALXY
14 19 58 +56 42 38 NGC 5585 GALXY
14 26 45 +56 32 40 NGC 5631 GALXY
14 35 04 +54 26 42 NGC 5687 GALXY
14 58 45 +53 51 49 NGC 5820 GALXY
15 06 38 +55 43 51 NGC 5866 GALXY
15 15 32 +55 28 54 NGC 5905 GALXY
15 16 56 +55 24 55 NGC 5908 GALXY
15 43 14 +14 12 04 NGC 5984 GALXY
15 36 38 +16 35 01 NGC 5962 GALXY
15 59 25 +20 45 10 NGC 6027 GALXY
16 05 25 +20 31 12 NGC 6052 GALXY
15 15 11 +42 00 54 NGC 5899 GALXY
16 04 34 +40 40 12 NGC 6058 PLNNB
16 47 08 +47 31 29 NGC 6229 GLOCL
