15 49 42 -28 36 54 NGC 5998 NONEX
15 50 07 -29 25 54 NGC 6000 GALXY12.2
15 59 12 -26 09 51 Sh2- 1 BRTNB
16 09 44 -39 08 47 Be 149 DRKNB
16 10 07 -30 54 46 PK345+15.1PLNNB15.0
16 12 17 -19 28 45 IC 4592 BRTNB
16 13 20 -36 14 45 NGC 6072 PLNNB14.0
16 13 49 -34 36 45 PK343+11.1PLNNB14.0
16 14 59 -18 59 44 B 40 DRKNB
16 15 55 -34 15 44 NGC 6082 NONEX
16 17 18 -22 59 44 NGC 6093 GLOCL07.2
16 19 45 -42 16 43 IC 4599 PLNNB12.3
16 20 18 -20 02 42 IC 4601 BRTNB
16 21 24 -25 35 42 Sh2- 9 BRTNB
16 22 18 -19 40 42 B 41,43 DRKNB
16 23 37 -31 45 41 PK346+12.1PLNNB15.0
16 23 54 -26 32 41 NGC 6121 GLOCL05.9
16 25 57 -40 40 40 NGC 6124 OPNCL05.8
16 26 18 -26 00 40 Cr 302 OPNCL 1
16 27 36 -26 02 39 NGC 6144 GLOCL09.1
16 28 02 -38 51 39 NGC 6139 GLOCL09.2
16 29 02 -35 22 39 Ter 3 GLOCL
16 29 30 -26 27 39 vdB 107 BRTNB
16 30 30 -25 06 38 IC 4605 BRTNB
16 31 51 -40 15 38 NGC 6153 PLNNB11.5
16 34 26 -35 05 37 PK346+ 8.1PLNNB
16 36 04 -45 38 36 NGC 6178 OPNCL07.2
16 37 50 -35 12 35 B231 DRKNB
16 39 50 -36 35 34 PK345+ 6.1PLNNB15.0
16 40 39 -43 22 34 NGC 6192 OPNCL08.5
16 42 56 -38 55 33 PK344+ 4.1PLNNB12.0
16 44 26 -35 21 33 B233 DRKNB
16 45 09 -40 23 32 B 44a DRKNB
16 46 58 -44 30 32 B235 DRKNB
16 47 02 -38 38 32 PK345+ 4.1PLNNB13.6
16 47 52 -44 21 31 vdB-Ha 197OPNCL
16 49 14 -35 47 31 PK347+ 5.1PLNNB
16 49 16 -44 20 31 Westr 1 OPNCL
16 49 46 -44 44 30 NGC 6216 OPNCL10.1
16 49 51 -39 20 30 PK344+ 3.1PLNNB14.7
16 50 21 -42 44 30 Lynga 13 OPNCL
16 50 37 -30 18 30 PK351+ 9.1PLNNB
16 50 45 -39 08 30 PK345+ 3.1PLNNB14.6
16 51 04 -44 45 30 NGC 6222 OPNCL10.0
16 51 03 -40 03 30 PK344+ 2.1PLNNB14.8
16 51 04 -43 57 30 vdB-Ha 200OPNCL
16 51 57 -41 13 29 NGC 6227 NONEX
16 53 21 -43 35 29 SL 17 DRKNB
16 53 51 -42 39 29 PK342+ 0.1PLNNB13.9
16 53 55 -31 41 29 PK351+ 7.1PLNNB
16 54 21 -41 48 28 NGC 6231 OPNCL02.6
16 54 33 -38 45 28 PK345+ 3.2PLNNB
16 55 34 -45 19 28 Lynga 14 OPNCL09.7
16 55 51 -40 50 28 Cr 316 OPNCL03.4
16 55 57 -39 30 28 NGC 6242 OPNCL06.4
16 56 21 -39 13 28 vdB-Ha 202OPNCL
16 57 15 -39 30 27 vdB-Ha 205OPNCL
16 57 21 -40 40 27 Tr 24 OPNCL08.6
16 57 21 -40 20 27 IC 4628 BRTNB
16 57 45 -41 38 27 PK344+ 0.1PLNNB15.3
16 57 58 -44 47 27 NGC 6249 OPNCL08.2
16 59 50 -37 07 26 NGC 6256 GLOCL
17 00 50 -37 02 26 vdB-Ha 208OPNCL
17 01 04 -44 40 26 NGC 6259 OPNCL 8
17 01 21 -40 47 26 B 48 DRKNB
17 01 26 -34 40 25 PK349+ 4.1PLNNB
17 02 38 -33 10 25 PK351+ 5.1PLNNB13.0
17 02 45 -39 44 25 NGC 6268 OPNCL09.5
17 03 20 -34 26 25 B 50 DRKNB
17 03 27 -41 04 25 vdB-Ha 211OPNCL
17 04 08 -33 30 24 PK351+ 4.1PLNNB13.2
17 04 37 -30 53 24 PK353+ 6.2PLNNB14.7
17 04 56 -33 59 24 PK350+ 4.1PLNNB14.0
17 05 08 -37 54 24 NGC 6281 OPNCL05.4
17 05 33 -40 53 24 IC 4637 PLNNB13.5
17 05 31 -30 32 24 PK353+ 6.1PLNNB14.4
17 05 32 -37 53 24 PK347+ 1.1PLNNB14.8
17 05 50 -32 32 24 PK352+ 5.1PLNNB14.7
17 05 58 -43 56 24 PK343- 1.1PLNNB
17 05 56 -35 28 24 vdB-Ha 214OPNCL
17 06 26 -33 15 23 B 53 DRKNB
17 06 46 -44 13 23 PK342- 2.1PLNNB13.0
17 07 21 -42 41 23 PK344- 1.1PLNNB14.5
17 07 48 -23 00 23 B 55-6 DRKNB
17 09 51 -41 36 22 PK345- 0.1BRTNB
17 10 51 -41 53 21 PK345- 1.1PLNNB
17 11 33 -40 25 21 B 58 DRKNB
17 12 39 -38 29 21 Sh2- 3 BRTNB
17 14 02 -37 06 20 NGC 6302 PLNNB12.8
17 14 25 -31 20 20 PK354+ 4.1PLNNB15.0
17 15 32 -32 13 19 B252 DRKNB
17 16 33 -39 17 19 vdB-Ha 217OPNCL
17 16 39 -38 41 19 vdB-Ha 218OPNCL
17 17 14 -36 21 19 RCW 126 BRTNB
17 17 38 -35 33 19 Bochum 13 OPNCL07.2
17 18 09 -39 27 18 NGC 6318 OPNCL11.8
17 18 45 -39 19 18 PK348- 0.1BRTNB
17 18 51 -42 57 18 NGC 6322 OPNCL 6
17 18 57 -38 25 18 Sh2- 5 BRTNB
17 18 55 -31 45 18 vdB-Ha 221OPNCL
17 19 07 -31 39 18 PK354+ 3.1PLNNB14.1
17 19 20 -37 49 18 vdB-Ha 222OPNCL
17 19 26 -37 16 18 Hav-MoffatOPNCL
17 19 37 -31 11 18 PK355+ 3.3PLNNB13.3
17 19 52 -45 53 18 PK342- 4.1PLNNB12.0
17 20 49 -30 08 17 NGC 6335 NONEX
17 20 56 -36 04 17 NGC 6334 OPNCL
17 21 01 -31 57 17 LDN 1710 DRKNB
17 21 02 -34 13 17 vdB-Ha 223OPNCL
17 21 49 -30 21 17 PK355+ 3.2PLNNB10.0
17 22 20 -35 35 17 B257 DRKNB
17 22 39 -38 29 16 NGC 6337 PLNNB12.3
17 23 45 -37 56 16 Ru 123 OPNCL
17 24 43 -31 44 16 PK355+ 2.3PLNNB13.5
17 24 57 -38 32 15 NGC 6354 NONEX
17 25 01 -30 52 15 PK355+ 2.2PLNNB14.1
17 25 02 -34 09 15 NGC 6357 BRTNB
17 25 20 -37 06 15 Tr 25 OPNCL11.7
17 25 38 -34 21 15 Pismis 24 OPNCL09.6
17 25 37 -30 41 15 PK356+ 2.1PLNNB14.0
17 26 39 -42 38 15 B263 DRKNB
17 26 40 -44 12 15 PK345- 4.1PLNNB
17 26 44 -35 02 15 PK352+ 0.1PLNNB15.0
17 27 49 -30 48 14 Ter 2 GLOCL
17 28 39 -39 18 14 Ru 124 OPNCL
17 28 50 -35 08 14 PK352- 0.1PLNNB15.0
17 29 07 -30 08 14 PK357+ 2.5PLNNB17.0
17 29 17 -15 13 14 PK 9+10.1PLNNB13.9
17 29 25 -31 33 13 Sh2- 13 BRTNB
17 29 31 -30 30 13 Antalova 1OPNCL
17 30 02 -32 30 13 Antalova 2OPNCL08.8
17 30 03 -40 30 13 Ru 125 OPNCL
17 30 56 -31 55 13 Ter 4 GLOCL
17 31 08 -37 05 13 Cr 332 OPNCL08.9
17 31 07 -30 17 13 PK357+ 2.7PLNNB14.0
17 31 19 -31 01 13 PK356+ 1.2PLNNB
17 31 25 -30 11 13 PK357+ 2.6PLNNB
17 31 38 -34 05 13 Cr 333 OPNCL09.8
17 31 44 -36 51 12 Harvard 16OPNCL
17 32 20 -33 50 12 Grindlay 1GLOCL
17 32 31 -30 10 12 vdB-Ha 231OPNCL
17 32 38 -32 36 12 NGC 6374 OPNCL 9
17 32 39 -37 57 12 PK350- 2.1PLNNB
17 33 09 -40 58 12 PK348- 4.1PLNNB
17 33 15 -39 52 12 PK349- 3.1PLNNB
17 33 44 -33 23 12 Liller 1 GLOCL
17 34 33 -40 25 11 SL 26 DRKNB
17 35 08 -32 34 11 NGC 6383 OPNCL05.5
17 35 39 -39 14 11 SL 28 DRKNB
17 35 45 -39 04 11 NGC 6380 GLOCL14.0
17 35 56 -33 46 11 Ru 126 OPNCL
17 36 03 -40 12 11 PK349- 4.1PLNNB13.0
17 36 07 -30 28 11 Ter 1 GLOCL
17 36 32 -33 29 10 Tr 27 OPNCL06.7
17 36 40 -44 44 10 NGC 6388 GLOCL06.9
17 36 51 -39 22 10 PK350- 3.1PLNNB14.0
17 36 57 -39 04 10 Ton 2 GLOCL
17 37 08 -32 39 10 Tr 28 OPNCL07.7
17 38 02 -36 16 10 Ru 127 OPNCL08.8
17 38 08 -32 16 10 PK356- 0.1PLNNB
17 38 26 -35 00 10 NGC 6396 OPNCL08.5
17 38 32 -37 34 10 Cr 338 OPNCL 8
17 39 40 -44 10 09 PK346- 6.1PLNNB
17 39 56 -33 15 09 NGC 6404 OPNCL10.6
17 40 26 -32 13 09 NGC 6405 OPNCL04.2
17 41 08 -36 57 08 NGC 6400 OPNCL08.8
17 41 57 -40 06 08 Tr 29 OPNCL07.5
17 43 15 -39 36 07 PK350- 5.1PLNNB13.2
17 44 32 -34 17 07 PK355- 2.2PLNNB
17 44 38 -34 07 07 PK355- 2.1PLNNB15.0
17 44 44 -32 21 07 NGC 6416 OPNCL05.7
17 44 44 -35 01 07 NGC 6415 NONEX
17 44 56 -33 45 07 Cr 345 OPNCL10.9
17 45 08 -33 10 07 Ru 128 OPNCL
17 45 27 -38 09 07 PK352- 4.1PLNNB13.2
17 45 52 -44 54 06 IC 4663 PLNNB13.0
17 45 57 -38 39 06 PK351- 5.1PLNNB
17 46 02 -34 31 06 PK355- 2.4PLNNB
17 46 08 -33 42 06 NGC 6421 NONEX
17 46 19 -30 12 06 PK358- 0.2PLNNB13.8
17 46 19 -31 04 06 PK358- 1.1PLNNB16.0
17 46 26 -34 04 06 PK355- 2.3PLNNB
17 47 13 -31 32 06 NGC 6425 OPNCL07.2
17 48 08 -34 08 05 PK355- 3.1PLNNB
17 49 14 -34 22 05 PK355- 3.2PLNNB
17 49 26 -35 26 05 NGC 6437 NONEX
17 49 32 -34 23 05 PK355- 3.3PLNNB
17 49 50 -34 49 05 NGC 6444 OPNCL
17 50 08 -34 01 04 PK356- 3.1PLNNB14.6
17 50 08 -37 02 04 PK353- 4.1PLNNB
17 50 32 -37 03 04 NGC 6441 GLOCL07.4
17 50 37 -30 35 04 PK359- 1.1PLNNB13.5
17 51 01 -30 13 04 NGC 6451 OPNCL08.2
17 51 03 -39 18 04 PK351- 6.1PLNNB15.0
17 51 01 -31 17 04 Ter 6 GLOCL
17 51 08 -37 24 04 PK353- 5.1PLNNB15.0
17 51 32 -34 55 04 PK355- 4.1PLNNB14.0
17 51 37 -30 24 04 PK359- 1.2PLNNB16.0
17 51 38 -33 53 04 B283 DRKNB
17 51 43 -30 44 04 vdB-Ha 249OPNCL
17 52 01 -31 36 04 PK358- 2.1PLNNB16.5
17 52 08 -33 48 04 PK356- 3.2PLNNB
17 52 20 -35 23 03 NGC 6455 NONEX
17 52 25 -30 05 03 PK359- 1.3PLNNB16.0
17 52 56 -32 46 03 PK357- 3.2PLNNB14.0
17 53 07 -30 50 03 PK359- 2.2PLNNB15.5
17 53 20 -34 39 03 PK355- 4.2PLNNB
17 53 38 -32 41 03 PK357- 3.3PLNNB14.0
17 53 38 -33 56 03 PK356- 3.3PLNNB
17 53 56 -32 59 03 PK357- 3.4PLNNB
17 54 14 -34 49 03 NGC 6475 OPNCL03.3
17 54 44 -35 12 02 B287 DRKNB
17 54 56 -34 23 02 PK356- 4.1PLNNB12.2
17 54 55 -30 26 02 NGC 6480 NONEX
17 55 25 -31 12 02 PK359- 2.4PLNNB
17 55 55 -30 34 02 PK359- 2.3PLNNB13.8
17 56 38 -32 38 02 PK358- 3.2PLNNB15.0
17 56 43 -31 05 02 PK359- 3.1PLNNB
17 56 50 -35 19 02 Tr 30 OPNCL08.8
17 57 38 -34 10 01 PK356- 4.2PLNNB14.1
17 57 44 -33 36 01 PK357- 4.1PLNNB14.3
17 58 32 -33 48 01 PK357- 4.3PLNNB
17 58 50 -33 29 01 PK357- 4.2PLNNB13.2
17 59 22 -44 16 00 NGC 6496 GLOCL09.2
17 59 20 -34 36 00 NGC 6453 GLOCL09.9
17 59 26 -32 22 00 PK358- 4.1PLNNB
18 00 38 -34 28 00 PK356- 5.1PLNNB14.7
