15 12 15 +01 39 53 UGC 9760 GALXY14.1
15 15 03 +01 06 54 NGC 5887 GALXY13.4
15 16 21 -00 08 06 Pal 5 GLOCL11.8
15 16 57 +06 59 54 UGC 9799 GALXY12.9
15 18 51 +02 03 55 NGC 5904 GLOCL05.8
15 19 31 +20 53 55 NGC 5910 GALXY13.6
15 20 39 +03 30 56 NGC 5911 GALXY14.7
15 21 10 -02 36 04 NGC 5913 GALXY13.2
15 21 45 +07 42 56 NGC 5919 GALXY15.5
15 22 03 +07 41 56 NGC 5920 GALXY13.6
15 22 09 +05 03 56 NGC 5921 GALXY10.8
15 23 38 +12 40 57 NGC 5926 GALXY13.5
15 26 08 +18 03 58 NGC 5928 GALXY12.2
15 29 45 +07 33 59 NGC 5931 GALXY15.0
15 30 20 +12 58 59 NGC 5936 GALXY12.5
15 31 04 -02 50 01 NGC 5937 GALXY12.3
15 31 27 +07 26 59 NGC 5940 GALXY13.4
15 31 45 +07 19 00 NGC 5941 GALXY14.3
15 31 51 +07 17 00 NGC 5942 GALXY14.8
15 31 57 +07 18 00 NGC 5944 GALXY14.9
15 33 09 +03 58 00 NGC 5948 NONEX
15 34 02 +14 59 00 NGC 5951 GALXY12.7
15 34 50 +15 11 01 NGC 5953 GALXY13.3
15 34 56 +15 11 01 NGC 5954 GALXY13.7
15 35 03 +04 56 01 NGC 5952 GALXY15.5
15 35 14 +11 44 01 NGC 5956 GALXY12.3
15 35 13 +23 28 01 IC 4553 GALXY13.2
15 35 13 +23 28 01 IC 4554 GALXY14.4
15 35 20 +16 32 01 UGC 9912 GALXY13.5
15 35 21 +05 03 01 NGC 5955 GALXY15.0
15 35 38 +12 02 01 NGC 5957 GALXY11.7
15 36 27 +05 39 01 NGC 5960 GALXY15.1
15 36 38 +16 35 01 NGC 5962 GALXY11.3
15 37 45 +05 57 02 NGC 5964 GALXY12.0
15 38 38 +12 56 02 UGC 9941 GALXY13.8
15 38 44 +12 10 02 NGC 5970 GALXY11.5
15 39 02 +17 01 02 NGC 5972 GALXY13.6
15 40 13 +21 27 03 NGC 5975 GALXY14.1
15 40 38 +17 06 03 NGC 5977 GALXY13.4
15 41 44 +15 46 03 NGC 5980 GALXY12.6
15 42 15 +00 41 03 UGC 9977 GALXY13.2
15 42 57 +08 13 03 NGC 5983 GALXY13.4
15 43 14 +14 12 04 NGC 5984 GALXY12.5
15 44 50 +10 16 04 NGC 5988 GALXY13.8
15 45 31 +24 36 04 NGC 5991 GALXY14.7
15 46 01 +20 34 05 UGC 10020 GALXY12.9
15 46 39 +02 23 05 NGC 5990 GALXY12.4
15 47 02 +17 50 05 NGC 5994 GALXY13.2
15 47 08 +17 51 05 NGC 5996 GALXY12.8
15 47 39 +08 18 05 NGC 5997 GALXY15.5
15 49 15 +05 10 06 UGC 10041 GALXY13.0
15 49 31 +19 00 06 NGC 6003 GALXY13.4
15 50 31 +18 55 06 NGC 6004 GALXY12.3
15 53 07 +21 07 07 NGC 6008 GALXY13.0
15 53 07 +21 07 07 NGC 6008A GALXY14.0
15 53 14 +12 01 07 NGC 6006 GALXY15.5
15 53 19 +21 06 07 NGC 6008B GALXY15.0
15 53 38 +11 57 07 NGC 6007 GALXY13.2
15 53 44 +12 04 07 NGC 6009 GALXY15.5
15 54 32 +14 35 08 NGC 6012 GALXY12.0
15 54 39 +00 31 08 NGC 6010 GALXY12.6
15 54 50 +16 35 08 UGC 10086 GALXY14.3
15 56 03 +05 56 08 NGC 6014 GALXY12.2
15 57 25 +22 24 09 NGC 6020 GALXY12.7
15 57 27 +05 59 09 NGC 6017 GALXY13.1
15 57 38 +15 56 09 NGC 6021 GALXY13.1
15 57 44 +15 50 09 NGC 6018 GALXY13.4
15 57 56 +16 17 09 NGC 6023 GALXY13.1
15 57 56 +16 16 09 NGC 6022 GALXY14.7
15 59 25 +20 45 10 NGC 6027E GALXY13.4
15 59 25 +20 44 10 NGC 6027A GALXY13.9
15 59 25 +20 45 10 NGC 6027 GALXY14.3
15 59 25 +20 45 10 NGC 6027B GALXY15.5
15 59 25 +20 45 10 NGC 6027D GALXY15.5
15 59 25 +20 44 10 NGC 6027C GALXY16.0
16 01 45 +01 42 10 IC 1158 GALXY12.6
16 02 14 +12 33 11 NGC 6029 GALXY15.5
16 04 39 +03 51 12 NGC 6036 GALXY13.4
16 04 40 -02 08 48 NGC 6033 GALXY13.7
16 04 39 +03 47 12 NGC 6037 GALXY14.0
16 05 07 +23 55 12 NGC 6051 GALXY13.1
16 05 57 +08 05 12 NGC 6049 NONEX
16 07 27 +07 57 13 NGC 6063 GALXY13.1
16 07 44 +13 51 13 NGC 6065 GALXY15.0
16 07 56 +13 55 13 NGC 6066 GALXY15.0
16 10 15 +00 41 14 NGC 6070 GALXY11.8
16 10 21 +00 44 14 NGC 6070A GALXY15.5
16 10 27 +00 45 14 NGC 6070B GALXY15.5
16 13 15 +02 09 15 NGC 6080 GALXY14.0
16 14 39 -00 13 45 UGC 10288 GALXY13.3
16 14 45 +00 48 15 UGC 10290 GALXY13.3
16 17 15 +00 47 16 NGC 6100 GALXY13.0
16 21 21 -00 17 42 PK 13+32.1PLNNB12.8
16 22 10 -02 17 42 NGC 6118 GALXY11.7
17 54 41 -12 49 02 PK 14+ 6.1PLNNB15.2
17 58 29 -11 41 01 Ru 135 OPNCL
17 59 17 -15 32 00 PK 13+ 4.1PLNNB13.0
18 04 03 -00 17 58 NGC 6535 GLOCL10.6
18 05 04 -07 34 58 NGC 6539 GLOCL09.6
18 06 23 -14 09 57 Sh2- 46 BRTNB
18 07 47 -13 28 57 PK 15+ 3.1PLNNB
18 10 47 -10 28 55 PK 18+ 4.1PLNNB
18 10 58 -07 11 55 IC 1276 GLOCL10.3
18 12 29 -10 42 55 PK 18+ 3.1PLNNB
18 15 35 -10 09 53 PK 19+ 3.1PLNNB12.5
18 17 23 -14 57 53 NGC 6605 OPNCL 6
18 17 59 -12 36 52 Tr 32 OPNCL12.2
18 18 23 -12 13 52 NGC 6604 OPNCL06.5
18 19 05 -13 46 52 NGC 6611 CL+NB 6
18 21 40 -06 01 51 PK 24+ 3.1PLNNB14.0
18 24 57 +02 30 11 PK 32+ 7.2PLNNB
18 25 16 -01 30 49 PK 28+ 5.1PLNNB14.5
18 25 16 -01 30 49 PK234- 6.1PLNNB14.5
18 25 16 -01 30 49 PK234- 6.1PLNNB14.8
18 26 58 -02 42 48 PK 27+ 4.1PLNNB
18 27 21 +01 15 12 PK 31+ 5.1PLNNB14.6
18 30 45 +01 11 13 vdB 123 BRTNB
18 31 15 +02 25 14 PK 32+ 5.1PLNNB14.6
18 31 52 -01 54 46 Sh2- 64 BRTNB
18 32 03 +04 05 14 PK 34+ 6.1PLNNB15.0
18 33 33 +00 12 15 PK 30+ 4.1PLNNB
18 34 09 +05 53 15 PK 36+ 6.1PLNNB
18 34 28 -02 27 45 PK 28+ 2.1PLNNB
18 35 09 +05 04 15 PK 35+ 5.1PLNNB
18 35 39 +05 10 15 Graff 1 OPNCL
18 35 39 -00 12 45 PK 30+ 3.1PLNNB
18 37 52 -03 05 44 PK 28+ 1.1PLNNB13.5
18 37 52 -01 11 44 LDN 564 DRKNB
18 38 52 -01 46 43 LDN 557 DRKNB
18 39 15 +05 27 17 IC 4756 OPNCL04.6
18 41 28 -03 29 42 Do 33 OPNCL
18 44 57 +06 07 19 PK 37+ 4.1PLNNB
18 49 15 +05 26 21 MCG +01-48GALXY11.0
18 49 57 +04 56 22 Czernik 38OPNCL
18 55 03 +06 02 24 PK 38+ 2.1PLNNB14.2
