08 19 25 +70 42 03 UGC 4305 GALXY11.1
08 34 33 +66 08 58 UGC 4459 GALXY14.4
08 35 10 +52 42 57 NGC 2600 GALXY14.2
08 35 34 +52 48 57 NGC 2602 GALXY15.5
08 35 46 +52 49 57 NGC 2605 NONEX
08 35 52 +52 45 57 NGC 2603 GALXY15.0
08 36 04 +52 46 57 NGC 2606 GALXY15.0
08 37 58 +51 37 56 UGC 4499 GALXY13.0
08 42 00 +58 11 55 PK158+37.1PLNNB13.5
08 43 20 +72 57 55 NGC 2614 GALXY12.9
08 43 57 +50 11 54 NGC 2639 GALXY11.6
08 45 56 +73 00 54 NGC 2630 GALXY16.0
08 47 44 +72 57 53 NGC 2629 GALXY12.3
08 47 44 +72 58 53 NGC 2631 NONEX
08 48 16 +53 49 53 NGC 2656 GALXY13.8
08 48 38 +72 52 53 NGC 2641 GALXY13.6
08 49 36 +60 10 53 NGC 2654 GALXY11.8
08 50 29 +70 16 52 NGC 2650 GALXY13.3
08 50 21 +47 01 52 NGC 2666 NONEX
08 51 45 +47 30 52 NGC 2676 GALXY13.1
08 52 16 +53 34 52 NGC 2675 GALXY13.3
08 53 57 +51 16 51 NGC 2681 GALXY10.3
08 55 09 +49 06 51 NGC 2684 GALXY12.9
08 55 15 +49 06 51 NGC 2686A GALXY16.0
08 55 15 +49 06 51 NGC 2686B GALXY16.0
08 55 21 +49 07 51 NGC 2687B GALXY16.0
08 55 21 +49 07 51 NGC 2687A GALXY17.0
08 55 33 +49 07 51 NGC 2689 GALXY
08 55 39 +49 04 51 NGC 2688 GALXY16.0
08 55 59 +58 42 51 NGC 2685 GALXY11.3
08 57 21 +51 18 50 NGC 2693 GALXY11.9
08 57 22 +52 02 50 NGC 2692 GALXY13.3
08 57 21 +51 17 50 NGC 2694 GALXY14.4
08 59 20 +66 26 49 UGC 4687 GALXY13.7
08 59 22 +53 44 49 NGC 2701 GALXY12.3
09 00 10 +55 39 49 NGC 2710 GALXY12.9
09 04 51 +51 35 48 UGC 4749 GALXY13.5
09 05 23 +59 54 48 NGC 2726 GALXY12.5
09 06 21 +51 43 47 NGC 2739 GALXY15.5
09 06 27 +51 42 47 NGC 2740 GALXY13.9
09 07 59 +60 27 47 NGC 2742 GALXY11.4
09 07 59 +60 26 47 MCG +10-13GALXY12.1
09 09 22 +53 49 46 NGC 2756 GALXY12.4
09 10 09 +50 24 46 NGC 2762 GALXY15.5
09 10 18 +62 13 46 NGC 2742A GALXY13.2
09 10 27 +50 23 46 NGC 2767 GALXY13.8
09 10 45 +50 25 46 NGC 2769 GALXY13.0
09 10 51 +50 22 46 NGC 2771 GALXY12.7
09 11 53 +60 01 46 NGC 2768 GALXY09.9
09 18 57 +52 29 44 NGC 2800 GALXY12.8
09 18 56 +47 50 44 UGC 4922 GALXY13.4
09 19 45 +69 11 43 NGC 2787 GALXY10.8
09 20 42 +64 04 43 NGC 2805 GALXY11.0
09 21 29 +60 25 43 NGC 2816 NONEX
09 21 36 +64 13 43 NGC 2814 GALXY13.7
09 21 48 +64 13 43 NGC 2820A GALXY15.0
09 22 12 +64 14 43 NGC 2820 GALXY12.8
09 22 21 +50 57 43 NGC 2841 GALXY09.2
09 22 34 +71 49 43 NGC 2810A GALXY13.5
09 22 34 +71 50 43 NGC 2810B GALXY15.5
09 24 20 +49 11 42 NGC 2854 GALXY13.0
09 24 32 +49 13 42 NGC 2856 GALXY13.1
09 24 50 +49 20 42 NGC 2857 GALXY12.3
09 28 10 +57 20 41 NGC 2870 GALXY13.0
09 28 14 +68 23 41 UGC 5028 GALXY13.8
09 29 59 +62 28 41 NGC 2880 GALXY11.5
09 32 46 +57 27 40 NGC 2895 GALXY14.5
09 33 19 +67 35 40 NGC 2892 GALXY13.1
09 40 57 +71 09 38 UGC 5139 GALXY12.5
09 42 14 +48 38 37 UGC 5172 GALXY14.4
09 42 58 +58 49 37 NGC 2950 GALXY10.9
09 44 24 +65 57 37 NGC 2909 GALXY14.0
09 45 37 +68 34 37 NGC 2959 GALXY12.8
09 45 49 +68 34 37 NGC 2961 GALXY14.7
09 45 49 +68 35 37 NGC 2959A GALXY
09 47 42 +67 53 36 NGC 2976 GALXY10.2
09 49 07 +44 03 36 NGC 2998 GALXY12.5
09 49 19 +44 01 36 NGC 3002 GALXY16.0
09 49 25 +44 06 36 NGC 3000 2STAR
09 49 31 +44 06 36 NGC 3005 GALXY16.0
09 49 31 +44 05 36 NGC 3004 2STAR
09 49 37 +43 59 36 NGC 3006 GALXY15.6
09 49 55 +44 03 36 NGC 3008 GALXY15.4
09 50 31 +44 16 35 NGC 3009 GALXY13.5
09 50 45 +72 15 35 NGC 2985 GALXY10.4
09 50 55 +44 18 35 NGC 3010 GALXY14.3
09 56 00 +69 02 34 NGC 3031 GALXY06.9
09 56 08 +72 10 34 NGC 3027 GALXY11.8
09 56 13 +69 39 34 NGC 3034 GALXY08.4
09 56 33 +59 16 34 NGC 3043 GALXY12.6
10 01 14 +55 35 33 NGC 3073 GALXY13.4
10 02 02 +72 06 33 NGC 3063 2STAR
10 02 20 +72 08 33 NGC 3065 GALXY12.5
10 02 20 +55 39 33 NGC 3079 GALXY10.9
10 02 38 +72 05 33 NGC 3066 GALXY12.9
10 03 42 +68 42 33 NGC 3077 GALXY09.9
10 04 15 +59 24 32 UGC 5408 GALXY14.1
10 04 39 +60 06 32 NGC 3097 NONEX
10 04 57 +60 05 32 NGC 3102 GALXY13.3
10 05 54 +70 20 32 UGC 5423 GALXY14.7
10 06 31 +47 14 32 NGC 3111 GALXY13.0
10 08 26 +53 03 31 UGC 5459 GALXY12.6
10 08 25 +51 48 31 UGC 5460 GALXY12.9
10 11 13 +45 56 31 NGC 3135 GALXY13.4
10 13 43 +50 26 30 NGC 3148 GALXY16.0
10 15 32 +56 39 30 NGC 3164 GALXY13.6
10 16 24 +46 34 30 NGC 3170 NONEX
10 16 44 +60 12 30 NGC 3168 GALXY13.4
10 18 18 +41 04 30 NGC 3179 GALXY13.1
10 18 24 +41 23 30 NGC 3180 NONEX
10 18 30 +41 22 30 NGC 3181 NONEX
10 18 36 +41 23 29 NGC 3184 GALXY09.8
10 19 18 +46 25 29 NGC 3192 GALXY16.0
10 19 24 +46 26 29 NGC 3191 GALXY13.3
10 19 50 +58 10 29 NGC 3182 GALXY12.1
10 20 02 +57 23 29 NGC 3188 GALXY13.7
10 20 12 +45 31 29 NGC 3198 GALXY10.3
10 20 48 +42 59 29 NGC 3202 GALXY13.2
10 21 06 +42 55 29 NGC 3205 GALXY13.2
10 21 18 +42 56 29 NGC 3207 GALXY13.2
10 22 08 +56 54 29 NGC 3206 GALXY11.9
10 23 26 +57 00 29 NGC 3214 GALXY13.9
10 24 02 +57 00 29 NGC 3220 GALXY13.0
10 24 23 +70 51 28 UGC 5612 GALXY12.1
10 25 26 +58 07 28 NGC 3225 GALXY12.6
10 26 06 +39 37 28 NGC 3237 GALXY13.0
10 27 01 +57 12 28 NGC 3238 GALXY12.9
10 27 04 +66 46 28 NGC 3231 NONEX
10 27 08 +61 14 28 NGC 3236 GALXY15.3
10 28 46 +68 23 28 IC 2574 GALXY10.4
10 30 46 +70 02 27 UGC 5688 GALXY13.2
10 31 36 +43 06 27 UGC 5707 GALXY13.4
10 32 43 +56 03 27 NGC 3264 GALXY12.0
10 32 49 +54 22 27 UGC 5720 GALXY14.4
10 32 57 +65 01 27 NGC 3259 GALXY12.1
10 33 39 +64 43 27 NGC 3266 GALXY12.4
10 35 06 +50 43 27 UGC 5740 GALXY14.6
10 36 19 +58 30 26 NGC 3284 1STAR
10 36 37 +58 35 26 NGC 3286 GALXY13.6
10 36 43 +58 31 26 NGC 3288 GALXY14.0
10 37 30 +50 04 26 NGC 3298 GALXY15.0
10 38 20 +64 14 26 UGC 5776 GALXY14.4
10 39 01 +53 28 26 NGC 3310 GALXY10.8
10 39 29 +41 39 26 NGC 3319 GALXY11.1
10 39 54 +47 22 26 NGC 3320 GALXY12.3
10 44 43 +56 23 25 UGC 5848 GALXY14.3
10 44 43 +60 20 25 UGC 5846 GALXY14.9
10 45 43 +55 56 25 NGC 3353 GALXY12.8
10 46 56 +63 11 25 NGC 3359 GALXY10.6
10 47 34 +72 48 25 NGC 3348 GALXY11.1
10 48 11 +43 08 25 NGC 3374 GALXY13.7
10 48 52 +72 23 25 NGC 3364 GALXY12.8
10 50 56 +65 41 24 NGC 3394 GALXY12.4
10 51 20 +65 44 24 NGC 3392 GALXY13.7
10 51 35 +44 32 24 UGC 5953 GALXY13.0
10 51 48 +55 21 24 NGC 3398 GALXY14.4
10 51 59 +43 41 24 NGC 3415 GALXY12.6
10 51 59 +43 44 24 NGC 3416 GALXY14.4
10 52 06 +51 00 24 NGC 3406 GALXY13.7
10 52 12 +50 59 24 NGC 3410 GALXY14.1
10 52 31 +58 24 24 NGC 3408 GALXY13.4
10 52 37 +61 21 24 NGC 3407 GALXY13.6
10 53 30 +50 15 24 UGC 5998 GALXY13.9
10 54 12 +57 05 24 NGC 3440 GALXY13.2
10 54 54 +56 57 24 NGC 3445 GALXY12.6
10 55 00 +54 17 24 NGC 3448 GALXY12.1
10 55 07 +61 16 24 NGC 3435 GALXY13.2
10 55 18 +49 42 24 UGC 6029 GALXY13.2
10 56 18 +57 05 24 NGC 3458 GALXY12.2
10 57 41 +40 55 24 NGC 3468 GALXY13.0
10 59 00 +59 29 23 NGC 3470 GALXY13.2
10 59 25 +61 30 23 NGC 3471 GALXY12.5
10 59 47 +46 05 23 NGC 3478 GALXY12.9
11 01 42 +57 39 23 NGC 3488 GALXY12.9
11 03 30 +56 11 23 NGC 3499 GALXY13.6
11 04 11 +40 48 23 Arp 148 GALXY15.0
11 05 54 +56 29 23 NGC 3517 GALXY13.8
11 07 08 +72 32 22 NGC 3516 GALXY11.7
11 07 05 +51 10 22 UGC 6162 GALXY13.2
11 07 05 +43 42 22 UGC 6161 GALXY13.5
11 07 34 +28 30 22 NGC 3527 GALXY13.7
11 09 00 +57 12 22 NGC 3530 GALXY13.8
11 09 04 +28 27 22 NGC 3536 GALXY13.7
11 09 22 +28 38 22 NGC 3539 GALXY14.5
11 09 34 +35 59 22 NGC 3540 GALXY13.3
11 10 16 +36 55 22 NGC 3542 GALXY14.1
11 10 28 +36 56 22 NGC 3545A GALXY14.8
11 10 28 +36 56 22 NGC 3545B GALXY14.8
11 10 40 +36 00 22 NGC 3548 NONEX
11 10 52 +28 44 22 NGC 3550 GALXY13.3
11 10 52 +28 44 22 Abell 1185GALCL14.0
11 10 52 +28 40 22 NGC 3552 GALXY15.1
11 10 52 +28 40 22 NGC 3553 GALXY15.1
11 10 58 +28 38 22 NGC 3554 GALXY15.3
11 11 06 +61 20 22 NGC 3543 GALXY14.8
11 11 11 +53 21 22 NGC 3549 GALXY12.1
11 11 10 +28 31 22 NGC 3558 GALXY13.6
11 11 28 +28 41 22 NGC 3561 GALXY14.7
11 11 47 +55 38 22 NGC 3556 GALXY10.0
11 12 22 +35 25 22 NGC 3569 GALXY13.3
11 13 41 +53 34 22 UGC 6251 GALXY14.7
11 14 05 +48 14 22 NGC 3577 GALXY13.4
11 14 29 +48 17 22 NGC 3583 GALXY11.1
11 15 05 +54 59 22 NGC 3587 PLNNB11.0
11 15 30 +60 40 22 NGC 3589 GALXY13.8
11 15 41 +47 25 22 NGC 3595 GALXY12.1
11 16 05 +41 34 22 NGC 3600 GALXY11.7
11 16 23 +55 40 22 NGC 3594 GALXY13.7
11 16 40 +29 15 22 Abell 1213GALCL14.5
11 18 29 +45 41 21 NGC 3614A GALXY
11 18 35 +45 43 21 NGC 3614 GALXY11.6
11 18 41 +58 45 21 NGC 3610 GALXY10.8
11 18 53 +57 58 21 NGC 3613 GALXY10.9
11 19 41 +57 44 21 NGC 3619 GALXY11.5
11 20 30 +67 13 21 NGC 3622 GALXY13.2
11 20 47 +57 45 21 NGC 3625 GALXY13.1
11 21 17 +53 08 21 NGC 3631 GALXY10.4
11 21 46 +34 18 21 Abell 1228GALCL13.8
11 22 35 +59 03 21 NGC 3642 GALXY11.2
11 22 52 +37 44 21 NGC 3652 GALXY12.2
11 22 52 +39 51 21 NGC 3648 GALXY12.6
11 23 41 +50 53 21 UGC 6399 GALXY13.7
11 23 53 +53 49 21 NGC 3656 GALXY12.5
11 24 11 +52 54 21 NGC 3657 GALXY12.4
11 24 16 +38 32 21 NGC 3658 GALXY12.2
11 24 24 +69 24 21 NGC 3654 GALXY12.7
11 24 58 +38 44 21 NGC 3665 GALXY10.8
11 25 41 +57 41 21 NGC 3669 GALXY12.4
11 25 47 +63 25 21 NGC 3668 GALXY12.3
11 26 05 +60 27 21 NGC 3671 GALXY15.7
11 26 22 +43 33 21 NGC 3675 GALXY10.2
11 26 34 +46 56 21 NGC 3677 GALXY12.3
11 26 41 +57 01 21 NGC 3674 GALXY12.2
11 26 53 +53 42 21 UGC 6446 GALXY12.9
11 26 59 +59 07 21 IC 691 GALXY13.9
11 27 05 +64 06 21 UGC 6448 GALXY14.1
11 27 47 +56 51 21 NGC 3683 GALXY12.4
11 28 16 +29 29 21 NGC 3687 GALXY12.0
11 28 47 +58 31 21 NGC 3690 GALXY11.5
11 28 47 +58 32 21 IC 694 GALXY11.8
11 29 10 +35 22 21 NGC 3694 GALXY12.9
11 29 16 +35 38 21 NGC 3698 NONEX
11 29 29 +57 06 21 NGC 3683A GALXY11.9
11 29 28 +35 33 21 NGC 3695 GALXY14.9
11 29 34 +28 56 21 Pal 4 GLOCL14.2
11 29 40 +34 49 21 UGC 6591 GALXY12.6
11 29 46 +35 29 21 NGC 3700 GALXY14.0
11 31 22 +28 32 21 NGC 3712 GALXY13.9
11 32 04 +28 20 21 NGC 3714 GALXY14.1
11 32 47 +62 28 21 UGC 6520 GALXY13.1
11 32 52 +53 02 21 NGC 3718 GALXY10.8
11 33 04 +39 02 20 UGC 6531 GALXY14.3
11 33 29 +63 15 20 UGC 6534 GALXY12.8
11 33 34 +47 00 20 NGC 3726 GALXY10.4
11 33 46 +49 12 20 UGC 6541 GALXY14.2
11 33 59 +61 51 20 NGC 3725 GALXY13.0
11 34 04 +53 06 20 NGC 3729 GALXY11.4
11 35 04 +49 01 20 Abell 1314GALCL13.9
11 35 16 +54 49 20 NGC 3733 GALXY12.4
11 35 46 +54 55 20 NGC 3737A GALXY
11 35 52 +54 55 20 NGC 3737 GALXY12.9
11 36 04 +54 29 20 NGC 3738 GALXY11.7
11 36 16 +45 16 20 NGC 3741 GALXY14.0
11 36 29 +59 57 20 NGC 3740 GALXY14.9
11 36 52 +36 23 20 NGC 3755 GALXY12.8
11 37 04 +54 16 20 NGC 3756 GALXY11.5
11 37 10 +54 47 20 NGC 3759 GALXY13.3
11 37 16 +55 08 20 NGC 3759A GALXY13.6
11 37 22 +58 24 20 NGC 3757 GALXY12.6
11 37 47 +61 44 20 NGC 3762 GALXY12.6
11 37 58 +47 52 20 NGC 3769 GALXY11.8
11 37 58 +47 52 20 NGC 3769A GALXY14.2
11 38 16 +59 35 20 NGC 3770 GALXY12.9
11 38 28 +58 44 20 NGC 3795B GALXY14.0
11 39 34 +46 29 20 NGC 3782 GALXY12.4
11 39 40 +56 14 20 NGC 3780 GALXY11.5
11 39 40 +58 14 20 UGC 6616 GALXY13.1
11 39 40 +58 15 20 NGC 3795A GALXY14.2
11 39 40 +31 50 20 NGC 3793 GALXY15.5
11 39 52 +55 09 20 NGC 3794 GALXY15.0
11 39 58 +31 53 20 NGC 3786 GALXY12.3
11 39 58 +31 54 20 NGC 3788 GALXY12.6
11 40 22 +45 53 20 UGC 6628 GALXY12.7
11 40 22 +58 35 20 NGC 3795 GALXY13.1
11 40 22 +31 52 20 NGC 3797 NONEX
11 40 40 +28 21 20 UGC 6637 GALXY14.0
11 40 52 +60 16 20 NGC 3796 GALXY12.5
11 41 10 +56 10 20 NGC 3804 GALXY12.9
11 41 34 +36 31 20 NGC 3813 GALXY11.6
11 41 34 +47 40 20 NGC 3811 GALXY12.3
11 41 34 +59 52 20 NGC 3809 GALXY12.7
11 42 40 +51 34 20 UGC 6667 GALXY13.5
11 43 04 +52 45 20 NGC 3824 GALXY13.6
11 43 46 +52 41 20 NGC 3829 GALXY14.0
11 44 22 +60 05 20 NGC 3835 GALXY12.4
11 44 28 +57 55 20 NGC 3838 GALXY12.3
11 44 28 +55 01 20 NGC 3846A GALXY13.3
11 44 28 +33 19 20 NGC 3847 GALXY13.3
11 44 34 +33 18 20 NGC 3855 GALXY15.6
11 44 40 +33 18 20 NGC 3856 NONEX
11 44 46 +55 38 20 NGC 3846 GALXY13.9
11 44 46 +48 48 20 UGC 6713 GALXY14.5
11 45 52 +55 51 20 NGC 3850 GALXY13.3
11 45 52 +55 51 20 Abell 1377GALCL14.0
11 46 10 +50 10 20 NGC 3870 GALXY13.0
11 46 22 +47 28 20 NGC 3877 GALXY11.0
11 46 28 +33 03 20 NGC 3871 GALXY15.4
11 46 28 +33 10 20 NGC 3878 GALXY15.5
11 46 34 +33 08 20 NGC 3880 GALXY13.8
11 46 46 +33 05 20 NGC 3881 GALXY15.2
11 47 28 +60 16 20 NGC 3835A GALXY14.0
11 47 52 +55 56 20 NGC 3888 GALXY12.1
11 48 10 +56 00 20 NGC 3889 GALXY
11 48 16 +30 21 20 NGC 3891 GALXY12.4
11 48 52 +48 41 20 NGC 3893 GALXY10.5
11 49 04 +59 23 20 NGC 3894 GALXY11.6
11 49 10 +48 39 20 NGC 3896 GALXY12.9
11 49 16 +34 59 20 NGC 3897 GALXY12.9
11 49 22 +59 24 20 NGC 3895 GALXY13.1
11 49 28 +56 03 20 NGC 3898 GALXY10.7
11 49 58 +48 24 20 NGC 3906 GALXY12.9
11 50 52 +55 19 20 IC 740 GALXY12.6
11 50 52 +55 19 20 NGC 3913 GALXY12.6
11 51 04 +51 48 20 NGC 3917 GALXY11.8
11 51 04 +38 50 20 UGC 6817 GALXY13.1
11 51 04 +55 07 20 NGC 3916 GALXY13.9
11 51 22 +55 03 20 NGC 3921 GALXY12.4
11 51 28 +50 09 20 NGC 3922 GALXY12.8
11 51 28 +51 58 20 NGC 3931 GALXY13.4
11 51 28 +51 59 20 NGC 3917A GALXY14.5
11 51 52 +38 00 20 NGC 3930A GALXY16.0
11 52 04 +37 59 20 NGC 3930 GALXY12.4
11 52 04 +48 39 20 NGC 3928 GALXY12.6
11 52 22 +52 04 20 UGC 6840 GALXY13.9
11 52 40 +32 23 20 NGC 3935 GALXY13.2
11 52 46 +48 26 20 NGC 3932 GALXY15.1
11 52 52 +49 59 20 NGC 3924 GALXY15.7
11 53 04 +44 05 20 NGC 3938 GALXY10.4
11 53 10 +36 57 20 NGC 3941 GALXY10.3
11 53 28 +60 39 20 NGC 3945 GALXY10.9
11 53 58 +47 50 20 NGC 3949 GALXY11.1
11 53 58 +47 54 20 NGC 3950 GALXY15.5
11 54 04 +52 18 20 NGC 3953 GALXY10.1
11 54 52 +58 20 20 NGC 3958 GALXY13.0
11 55 16 +58 28 20 NGC 3963 GALXY11.9
11 55 51 +29 58 20 NGC 3971 GALXY12.7
11 55 57 +32 10 20 NGC 3966 GALXY14.5
11 56 04 +55 17 20 NGC 3972 GALXY12.3
11 56 10 +60 30 20 NGC 3975 GALXY15.0
11 56 22 +55 22 20 NGC 3977 GALXY13.4
11 56 22 +55 21 20 NGC 3980 NONEX
11 56 28 +60 29 20 NGC 3978 GALXY12.7
11 56 34 +58 09 20 UGC 6912 GALXY13.6
11 56 39 +31 59 20 IC 2978 GALXY14.6
11 56 46 +55 06 20 NGC 3982 GALXY11.0
11 56 45 +50 23 20 UGC 6917 GALXY12.6
11 56 57 +48 18 20 NGC 3985 GALXY12.6
11 56 57 +31 59 20 NGC 3986 GALXY12.6
11 57 33 +49 14 20 UGC 6930 GALXY12.1
11 57 45 +32 18 20 NGC 3991 GALXY13.1
11 57 51 +53 21 20 NGC 3992 GALXY09.8
11 57 51 +55 26 20 NGC 3990 GALXY12.6
11 57 51 +32 15 20 NGC 3994 GALXY12.7
11 57 57 +32 16 20 NGC 3995 GALXY12.4
11 58 03 +55 26 20 MCG +09-20GALXY11.8
11 58 03 +29 01 20 NGC 3984 GALXY13.5
11 58 09 +55 25 20 NGC 3998 GALXY10.7
11 58 21 +47 18 20 NGC 4001 GALXY15.6
11 58 39 +38 02 20 UGC 6955 GALXY13.3
11 58 51 +43 56 20 NGC 4013 GALXY11.2
11 58 51 +42 42 20 IC 749 GALXY12.4
11 58 51 +47 14 20 NGC 4010 GALXY12.6
11 59 09 +42 41 20 IC 750 GALXY11.9
11 59 15 +30 23 20 NGC 4020 GALXY12.7
11 59 27 +52 40 20 UGC 6983 GALXY12.4
11 59 27 +37 46 20 NGC 4025 GALXY13.6
11 59 39 +50 56 20 NGC 4026 GALXY10.8
11 59 45 +50 53 20 MCG +09-20GALXY11.7
12 00 45 +31 55 20 NGC 4031 GALXY14.3
12 01 45 +61 52 20 NGC 4036 GALXY10.7
12 02 27 +62 07 20 NGC 4041 GALXY11.3
12 02 51 +64 20 20 UGC 7020 GALXY13.2
12 03 15 +57 58 20 Cr 285 OPNCL0.4
12 03 27 +57 52 20 NGC 4054 GALXY15.2
12 04 09 +48 37 20 NGC 4047 GALXY12.2
12 04 21 +31 53 20 NGC 4062 GALXY11.1
12 04 21 +52 34 20 NGC 4068 GALXY12.5
12 04 27 +44 31 20 NGC 4051 GALXY10.2
12 04 27 +62 28 20 IC 758 GALXY13.3
12 04 51 +64 25 20 NGC 4081 GALXY12.9
12 05 39 +50 20 20 NGC 4085 GALXY12.4
12 05 51 +50 31 20 NGC 4088 GALXY10.6
12 06 09 +43 06 20 UGC 7089 GALXY13.9
12 06 21 +47 27 20 NGC 4096 GALXY10.9
12 06 21 +36 50 20 NGC 4097 GALXY13.4
12 06 27 +49 34 20 NGC 4100 GALXY11.2
12 06 45 +52 41 20 NGC 4102 GALXY11.2
12 09 51 +53 05 20 NGC 4142 GALXY13.3
12 09 57 +58 49 20 NGC 4141 GALXY13.7
12 10 21 +46 26 20 NGC 4144 GALXY11.6
12 10 39 +58 17 20 NGC 4149 GALXY13.2
12 10 57 +58 19 20 NGC 4154 1STAR
12 11 21 +50 28 20 NGC 4157 GALXY11.4
12 11 39 +57 42 20 NGC 4161 GALXY12.9
12 12 27 +56 09 20 NGC 4172 GALXY13.2
12 14 21 +54 30 20 NGC 4194 GALXY12.5
12 14 27 +59 35 20 NGC 4195 GALXY14.2
12 14 33 +55 59 20 NGC 4198 GALXY13.6
12 15 03 +59 52 20 NGC 4199 GALXY15.5
12 19 51 +56 43 20 NGC 4271 GALXY12.6
12 20 26 +58 04 20 NGC 4284 GALXY13.5
12 21 02 +58 04 20 NGC 4290 GALXY11.8
12 22 08 +58 04 20 Winnecke 42STAR 9
12 23 14 +58 26 20 NGC 4335 GALXY12.4
12 24 14 +58 22 20 NGC 4364 GALXY14.3
12 24 14 +58 22 20 NGC 4358 GALXY14.5
12 24 26 +58 20 20 NGC 4362 GALXY14.3
12 25 20 +54 29 20 NGC 4384 GALXY13.0
12 31 38 +57 56 21 NGC 4500 GALXY12.5
12 32 26 +56 27 21 NGC 4511 GALXY14.6
12 35 02 +58 54 21 NGC 4547 GALXY15.3
12 35 02 +58 54 21 NGC 4549 GALXY15.3
12 36 14 +54 12 21 NGC 4566 GALXY13.1
12 40 13 +61 35 21 NGC 4605 GALXY10.3
12 42 50 +55 07 22 NGC 4644 GALXY13.9
12 43 02 +54 49 22 NGC 4646 GALXY13.4
12 43 31 +58 56 22 NGC 4652 GALXY15.5
12 44 56 +54 51 22 NGC 4669 GALXY13.2
12 45 44 +54 42 22 NGC 4675 GALXY14.4
12 46 49 +54 31 22 NGC 4686 GALXY12.6
12 47 43 +54 21 22 NGC 4695 GALXY13.4
12 50 19 +52 50 22 NGC 4732 GALXY13.9
12 54 49 +53 04 23 NGC 4801 GALXY15.7
12 55 37 +58 19 23 NGC 4814 GALXY12.0
12 56 25 +56 50 23 UGC 8058 GALXY13.6
13 02 18 +58 40 23 UGC 8146 GALXY13.8
13 05 37 +56 16 24 NGC 4964 GALXY13.2
13 05 43 +53 38 24 NGC 4973 GALXY13.3
13 05 55 +53 32 24 NGC 4967 GALXY15.2
13 06 25 +55 37 24 NGC 4977 GALXY13.3
13 06 25 +53 35 24 NGC 4974 GALXY15.7
13 08 54 +62 15 24 MCG +10-19GALXY12.0
13 09 30 +62 08 24 NGC 5007 GALXY13.3
13 09 49 +53 27 24 NGC 5001 GALXY14.6
13 17 18 +57 30 25 IC 875 GALXY12.8
13 21 06 +57 37 26 NGC 5109 GALXY12.8
13 21 36 +57 40 26 NGC 5113 GALXY15.2
13 27 06 +52 43 27 NGC 5163 GALXY13.6
13 27 24 +55 27 27 NGC 5164 GALXY13.7
13 29 24 +53 02 27 NGC 5201 GALXY13.1
13 29 41 +58 23 27 NGC 5204 GALXY11.3
13 30 10 +62 28 27 NGC 5205 GALXY12.2
13 31 00 +54 53 28 UGC 8508 GALXY13.9
13 32 22 +62 39 28 NGC 5216 GALXY12.6
13 32 28 +62 43 28 NGC 5218 GALXY12.3
13 34 58 +61 57 28 NGC 5216A GALXY14.0
13 36 12 +51 12 28 NGC 5250 GALXY13.0
13 37 29 +57 04 29 NGC 5255 GALXY15.3
13 38 24 +48 14 29 NGC 5256 GALXY13.2
13 40 53 +54 18 29 UGC 8658 GALXY12.6
13 41 47 +55 37 29 NGC 5278 GALXY13.6
13 41 53 +55 37 29 NGC 5279 GALXY15.0
13 44 53 +55 51 30 UGC 8696 GALXY14.3
13 45 23 +55 15 30 NGC 5294 GALXY15.2
13 47 04 +60 57 30 NGC 5308 GALXY11.4
13 49 22 +60 10 31 NGC 5322 GALXY10.2
13 51 34 +59 51 31 NGC 5342 GALXY13.5
13 54 16 +60 39 32 NGC 5370 GALXY13.1
13 54 41 +54 19 32 NGC 5368 GALXY13.0
13 54 52 +58 39 32 NGC 5372 GALXY13.2
13 54 59 +53 52 32 UGC 8837 GALXY13.4
13 55 22 +59 29 32 NGC 5376 GALXY12.1
13 55 40 +59 43 32 NGC 5379 GALXY12.9
13 56 16 +59 43 32 NGC 5389 GALXY12.0
13 58 22 +59 47 33 NGC 5402 GALXY13.7
14 00 53 +55 08 33 NGC 5422 GALXY11.8
14 00 52 +59 18 33 NGC 5430 GALXY11.9
14 01 00 +48 25 33 NGC 5425 GALXY13.6
14 02 22 +55 47 34 NGC 5443 GALXY12.3
14 02 41 +54 15 34 NGC 5447 GX+DN
14 02 41 +54 17 34 NGC 5449 GX+DN
14 02 41 +54 12 34 NGC 5450 GX+DN
14 02 53 +54 20 34 NGC 5451 GX+DN
14 02 59 +49 08 34 NGC 5448 GALXY11.0
14 03 11 +54 16 34 NGC 5453 GX+DN
14 03 11 +54 10 34 NGC 5455 GX+DN
14 03 23 +54 14 34 NGC 5458 NONEX
14 03 29 +54 20 34 NGC 5457 GALXY07.9
14 03 53 +54 17 34 NGC 5461 GX+DN
14 04 05 +54 20 34 NGC 5462 GX+DN
14 04 47 +54 22 34 NGC 5471 GX+DN
14 04 58 +54 52 34 NGC 5473 GALXY11.4
14 05 17 +53 38 34 NGC 5474 GALXY10.8
14 05 28 +55 43 34 NGC 5475 GALXY12.6
14 05 47 +54 26 34 NGC 5477 GALXY14.0
14 06 29 +50 42 35 NGC 5480 GALXY12.1
14 06 47 +50 42 35 NGC 5481 GALXY12.3
14 07 04 +55 00 35 NGC 5484 GALXY14.7
14 07 22 +54 58 35 NGC 5485 GALXY11.4
14 07 40 +55 04 35 NGC 5486 GALXY13.3
14 09 33 +60 23 35 NGC 5503 GALXY16.0
14 09 45 +60 24 35 NGC 5502 NONEX
14 14 04 +57 44 36 NGC 5526 GALXY14.2
14 14 57 +59 58 37 NGC 5540 GALXY14.9
14 17 33 +58 42 37 NGC 5561 GALXY14.9
14 19 58 +56 42 38 NGC 5585 GALXY10.7
14 26 45 +56 32 40 NGC 5631 GALXY11.5
