08 10 51 -49 16 54 NGC 2547 OPNCL04.7
08 11 39 -48 43 54 PK264- 8.1PLNNB12.4
08 20 58 -46 22 58 PK263- 5.1PLNNB13.6
08 24 58 -47 08 59 Ru 60 OPNCL
08 30 10 -45 01 01 Gum 12 SNREM
08 31 28 -44 30 01 vdB-Ha 34OPNCL
08 31 35 -37 41 01 Pismis 3 OPNCL
08 33 22 -48 03 02 Ru 63 OPNCL
08 34 40 -44 17 03 Pismis 4 OPNCL05.9
08 35 47 -40 39 03 NGC 2626 BRTNB
08 36 29 -42 46 03 vdB-Ha 37OPNCL
08 37 17 -39 27 03 PK259+ 0.1PLNNB14.5
08 37 35 -40 07 04 Ru 64 OPNCL
08 37 41 -39 41 04 Pismis 5 OPNCL09.9
08 39 04 -46 14 04 NGC 2645 NONEX
08 39 16 -44 03 04 Ru 65 OPNCL
08 39 28 -46 14 04 Pismis 6 OPNCL 7
08 40 21 -53 05 04 IC 2391 OPNCL02.5
08 40 34 -46 10 05 Waterloo 6OPNCL08.4
08 41 16 -48 13 05 IC 2395 OPNCL04.6
08 41 40 -46 18 05 Pismis 8 OPNCL09.5
08 41 53 -37 42 05 Pismis 7 OPNCL
08 41 59 -43 24 05 Ru 67 OPNCL09.1
08 42 22 -47 10 05 NGC 2660 OPNCL08.8
08 42 46 -44 58 05 NGC 2659 OPNCL08.6
08 42 46 -48 08 05 vdB-Ha 47OPNCL
08 43 46 -46 07 06 PK265- 2.1PLNNB13.0
08 44 47 -41 18 06 Gum 15 BRTNB
08 44 53 -41 23 06 Cr 197 OPNCL06.7
08 44 58 -46 00 06 Bochum 7 OPNCL06.8
08 45 03 -52 59 06 NGC 2669 OPNCL06.1
08 45 28 -46 47 06 Ru 69 OPNCL
08 45 40 -48 48 06 NGC 2670 OPNCL07.8
08 46 23 -41 54 06 NGC 2671 OPNCL11.6
08 47 21 -51 28 07 vdB-Ha 52OPNCL
08 47 59 -42 30 07 Tr 10 OPNCL04.6
08 49 40 -46 49 08 Ru 71 OPNCL
08 50 04 -45 33 08 Ru 70 OPNCL
08 50 41 -42 08 08 Gum 17 BRTNB
08 50 41 -43 58 08 vdB-Ha 54OPNCL
08 53 41 -40 05 09 PK261+ 2.1PLNNB13.0
08 53 47 -42 14 09 SL 4 DRKNB
08 54 15 -50 33 09 PK269- 3.1PLNNB13.6
08 57 12 -38 53 10 vdB-Ha 55OPNCL
08 57 29 -43 14 10 vdB-Ha 56OPNCL
08 58 16 -46 38 10 Muzzio 1 OPNCL
08 59 52 -47 28 11 Gum 23 BRTNB
09 00 35 -45 55 11 NGC 2736 GALXY
09 00 46 -49 00 11 Mrk 18 OPNCL07.8
09 02 28 -49 29 12 Ru 73 OPNCL
09 02 34 -48 43 12 Gum 35 BRTNB
09 02 47 -43 39 12 Pismis 10 OPNCL
09 08 57 -53 20 14 PK273- 3.1PLNNB14.3
09 09 11 -44 18 14 PK266+ 2.2PLNNB
09 10 27 -56 08 14 vdB-Ha 58OPNCL
09 12 35 -42 27 15 NGC 2792 PLNNB13.5
09 14 03 -55 29 15 PK275- 4.2PLNNB
09 15 03 -54 54 15 PK275- 4.1PLNNB12.9
09 16 10 -48 25 16 Pismis 11 OPNCL
09 16 10 -48 25 16 vdB-Ha 60OPNCL
09 16 23 -45 30 16 PK268+ 2.1PLNNB
09 18 15 -54 41 16 PK275- 3.1PLNNB
09 18 48 -38 01 16 NGC 2845 GALXY11.7
09 19 30 -40 32 17 NGC 2849 OPNCL12.5
09 20 05 -45 09 17 Pismis 12 OPNCL09.7
09 20 34 -49 12 17 vdB-Ha 63OPNCL
09 22 10 -51 06 17 NGC 2866 NONEX
09 22 15 -54 10 17 PK275- 2.1PLNNB14.4
09 22 28 -51 09 17 Pismis 13 OPNCL10.2
09 22 39 -56 10 17 Ru 75 OPNCL
09 24 22 -51 45 18 Ru 76 OPNCL10.8
09 24 45 -54 44 18 UKS0923-54GLOCL
09 24 57 -54 37 18 PK275- 2.2PLNNB13.3
09 25 46 -53 40 18 vdB-Ha 66OPNCL
09 27 09 -56 07 19 NGC 2899 PLNNB
09 27 15 -55 08 19 Ru 77 OPNCL10.4
09 27 16 -51 08 19 vdB-Ha 67OPNCL
09 27 45 -57 00 19 IC 2488 OPNCL07.4
09 29 52 -51 44 19 Pismis 14 OPNCL
09 29 52 -52 47 19 Ru 78 OPNCL
09 30 34 -52 55 20 NGC 2910 OPNCL07.2
09 31 04 -53 10 20 PK275- 1.1PLNNB14.0
09 31 40 -51 28 20 vdB-Ha 72OPNCL
09 32 53 -48 15 20 vdB-Ha 73OPNCL
09 33 09 -56 08 20 Basel 20 OPNCL
09 33 52 -53 27 20 NGC 2925 OPNCL08.3
09 35 29 -46 58 21 NGC 2932 NONEX
09 35 29 -46 20 21 Pismis 15 OPNCL
09 35 34 -53 44 21 vdB-Ha 75OPNCL
09 40 29 -50 21 22 NGC 2972 OPNCL09.9
09 41 10 -53 51 22 Ru 79 OPNCL09.2
09 41 23 -49 24 22 PK274+ 2.1PLNNB
09 41 47 -50 00 22 PK274+ 2.2PLNNB
09 42 30 -44 03 23 Ru 80 OPNCL
09 42 36 -44 13 23 NGC 2982 NONEX
09 44 16 -54 48 23 NGC 2995 NONEX
09 44 34 -55 55 23 vdB-Ha 78OPNCL
09 44 58 -53 10 23 vdB-Ha 79OPNCL
09 45 23 -50 27 23 NGC 2999 NONEX
09 45 46 -54 00 23 Ru 82 OPNCL08.1
09 46 24 -42 21 24 Ru 81 OPNCL
09 47 41 -48 59 24 PK274+ 3.1PLNNB14.0
09 48 58 -56 26 24 NGC 3033 OPNCL08.8
09 49 10 -54 35 24 Ru 83 OPNCL09.8
09 51 17 -53 12 25 Pismis 16 OPNCL 8
09 52 34 -56 11 25 Hogg 2 OPNCL
09 54 53 -50 44 26 Cr 213 OPNCL09.2
09 56 36 -45 28 26 Ru 160 OPNCL
09 58 59 -53 50 27 Hogg 3 OPNCL
09 59 05 -53 54 27 Hogg 4 OPNCL
10 00 59 -54 47 27 NGC 3105 OPNCL09.7
10 02 46 -56 19 27 vdB-Ha 84OPNCL
10 02 53 -53 27 27 Ru 85 OPNCL
10 03 06 -48 51 27 vdB-Ha 85OPNCL
10 04 29 -55 04 28 vdB-Ha 87OPNCL
10 04 47 -54 39 28 Schuster 1OPNCL
10 04 47 -50 56 28 vdB-Ha 88OPNCL
10 07 13 -40 27 28 NGC 3132 PLNNB08.2
10 12 17 -56 26 29 vdB-Ha 90OPNCL10.3
10 13 30 -50 21 30 PK278+ 5.1PLNNB
10 15 42 -50 44 30 Ru 87 OPNCL
10 17 48 -46 26 30 NGC 3201 GLOCL06.8
10 19 23 -56 05 31 vdB-Ha 92OPNCL
10 22 00 -51 44 31 NGC 3228 OPNCL 6
10 26 07 -43 46 32 NGC 3256A GALXY14.5
10 27 55 -40 27 32 NGC 3250B GALXY12.7
10 28 01 -43 55 32 NGC 3256 GALXY11.5
10 29 13 -44 40 32 NGC 3261 GALXY11.2
10 29 11 -56 21 32 Ru 89 OPNCL
10 29 19 -43 52 32 NGC 3256C GALXY12.7
10 29 19 -44 24 32 NGC 3256B GALXY13.1
10 29 25 -44 11 32 NGC 3262 GALXY13.2
10 29 31 -44 09 32 NGC 3263 GALXY11.9
10 31 42 -53 34 33 PK282+ 3.1PLNNB14.8
10 31 48 -55 21 33 PK283+ 2.1PLNNB13.3
10 33 07 -46 06 33 NGC 3283 UVSOB
10 34 30 -53 42 33 PK283+ 3.1PLNNB14.7
10 35 25 -43 42 33 NGC 3366 GALXY11.3
10 35 43 -41 46 33 NGC 3318A GALXY15.1
10 37 31 -41 39 34 NGC 3318 GALXY11.6
10 37 55 -41 29 34 NGC 3318B GALXY13.2
10 38 48 -54 10 34 NGC 3330 OPNCL07.4
10 38 48 -56 48 34 PK285+ 1.1PLNNB08.6
10 39 48 -57 08 34 PK285+ 1.2PLNNB13.9
10 41 30 -56 11 34 PK285+ 2.1PLNNB14.6
10 49 00 -56 04 35 PK286- 4.1PLNNB12.7
10 52 19 -45 10 36 NGC 3446 OPNCL
10 53 43 -52 18 36 vdB-Ha 106OPNCL
10 58 50 -46 36 37 NGC 3482 UVSOB
