11 38 33 -03 21 40 NGC 3776 GALXY
11 40 03 +04 58 20 NGC 3792 NONEX
11 40 33 +08 58 20 IC 719 GALXY13.1
11 42 15 -06 10 40 NGC 3818 GALXY11.7
11 42 27 +10 15 20 NGC 3822 GALXY13.1
11 42 39 +10 15 20 NGC 3825 GALXY13.0
11 43 45 +10 08 20 NGC 3833 GALXY13.5
11 43 57 +10 14 20 NGC 3848 GALXY15.0
11 44 09 +07 54 20 NGC 3843 GALXY13.5
11 44 27 +03 08 20 NGC 3849 NONEX
11 44 27 -03 04 40 Wild's triGALXY13.3
11 44 39 +10 16 20 NGC 3852 NONEX
11 45 21 +08 27 20 NGC 3863 GALXY12.9
11 45 39 +09 09 20 NGC 3876 GALXY12.8
11 46 03 +08 31 20 NGC 3874 2STAR
11 49 09 -02 03 40 UGC 6780 GALXY13.0
11 49 39 -01 05 40 NGC 3907B GALXY14.8
11 49 45 -01 05 40 NGC 3907A GALXY14.4
11 50 51 +06 33 20 NGC 3914 GALXY13.2
11 50 51 -05 09 40 NGC 3915 NONEX
11 53 57 -04 01 40 NGC 3952 GALXY13.1
11 54 33 +00 06 20 IC 745 GALXY13.2
11 55 57 +01 13 20 UGC 6903 GALXY12.3
11 56 15 +06 43 20 NGC 3976 GALXY11.5
11 56 15 +06 40 20 NGC 3976A GALXY15.5
11 56 21 -02 43 40 NGC 3979 GALXY14.2
11 58 27 -02 06 40 NGC 4006 GALXY12.6
11 58 45 +10 00 20 NGC 4012 GALXY13.4
12 00 21 +08 10 20 NGC 4029 GALXY13.5
12 00 39 -01 06 40 NGC 4030 GALXY10.6
12 02 39 +04 19 20 NGC 4043 GALXY13.6
12 02 45 -00 12 40 NGC 4044 GALXY13.0
12 02 57 +01 59 20 NGC 4045 GALXY12.0
12 02 57 +01 59 20 NGC 4046 NONEX
12 03 03 +01 56 20 NGC 4045A GALXY14.4
12 04 03 +03 32 20 NGC 4058 GALXY13.1
12 04 21 +01 50 20 NGC 4063 GALXY15.0
12 04 27 +10 50 20 NGC 4067 GALXY12.5
12 04 45 +01 53 20 NGC 4073 GALXY11.4
12 04 45 +01 46 20 NGC 4139 GALXY13.7
12 04 57 +01 46 20 NGC 4077 GALXY13.1
12 04 57 +02 03 20 NGC 4075 GALXY13.5
12 05 03 +10 34 20 NGC 4078 GALXY13.2
12 05 09 -02 23 40 NGC 4079 GALXY12.4
12 05 33 +10 39 20 NGC 4082 GALXY15.0
12 05 33 +10 35 20 NGC 4083 GALXY15.1
12 07 03 +10 35 20 NGC 4107 NONEX
12 07 57 +02 40 20 NGC 4116 GALXY12.0
12 08 09 +09 31 20 NGC 4119 NONEX
12 08 27 +02 51 20 NGC 4123 GALXY11.4
12 08 27 +10 21 20 NGC 4124 GALXY11.4
12 09 09 -09 02 40 NGC 4129 GALXY12.5
12 09 09 -04 01 40 NGC 4130 NONEX
12 09 57 +01 46 20 NGC 4140 NONEX
12 12 21 +13 10 20 NGC 4164 GALXY15.7
12 12 27 +13 13 20 NGC 4165 GALXY13.5
12 12 33 +13 11 20 NGC 4168 GALXY11.2
12 12 45 +12 05 20 IC 769 GALXY12.6
12 12 57 -09 09 40 NGC 4176 GALXY
12 13 03 +10 51 20 NGC 4178 GALXY11.4
12 13 09 +01 17 20 NGC 4179 GALXY11.0
12 13 27 +07 01 20 NGC 4180 GALXY12.6
12 13 39 +04 01 20 NGC 4182 NONEX
12 14 09 +13 09 20 NGC 4193 GALXY12.3
12 14 09 +07 10 20 NGC 4191 GALXY12.8
12 14 27 +07 44 20 UGC 7239 GALXY13.3
12 14 51 +05 47 20 NGC 4197 GALXY12.8
12 14 51 +12 46 20 UGC 7249 GALXY14.7
12 14 57 -11 35 40 NGC 4201 GALXY14.0
12 15 03 +12 09 20 NGC 4200 GALXY13.0
12 15 33 +13 00 20 NGC 4206 GALXY12.1
12 15 51 +09 34 20 NGC 4207 GALXY12.5
12 15 57 +10 39 20 IC 3074 GALXY14.2
12 16 09 +13 07 20 NGC 4216 GALXY10.0
12 16 15 +06 23 20 NGC 4215 GALXY12.1
12 16 45 +06 40 20 NGC 4223 NONEX
12 16 51 +07 26 20 NGC 4224 GALXY11.8
12 17 27 +07 10 20 NGC 4235 GALXY11.6
12 17 27 +07 36 20 NGC 4233 GALXY11.9
12 17 27 +03 40 20 NGC 4234 GALXY12.7
12 17 39 -09 57 40 NGC 4240 GALXY14.0
12 17 45 +06 40 20 NGC 4241 GALXY11.9
12 17 51 -11 20 40 NGC 4243 NONEX
12 18 15 +07 10 20 NGC 4246 GALXY12.7
12 18 15 +06 37 20 IC 3115 GALXY13.1
12 18 15 +07 15 20 NGC 4247 GALXY13.5
12 18 15 +00 24 20 UGC 7332 GALXY13.5
12 18 15 +05 34 20 NGC 4249 GALXY14.8
12 18 27 -01 05 40 NGC 4202 GALXY13.6
12 18 33 +11 00 20 PK275+72.1PLNNB12.0
12 18 51 +05 32 20 NGC 4252 GALXY14.0
12 19 09 +12 53 20 IC 775 GALXY13.3
12 19 15 +04 46 20 NGC 4255 GALXY12.8
12 19 15 +08 49 20 IC 776 GALXY13.8
12 19 27 +05 42 20 NGC 4257 GALXY14.0
12 19 39 +05 48 20 NGC 4261 GALXY10.4
12 19 39 +06 05 20 NGC 4260 GALXY11.8
12 19 39 +05 21 20 NGC 4259 GALXY13.6
12 19 51 +05 49 20 NGC 4264 GALXY12.8
12 20 03 +12 47 20 NGC 4267 GALXY10.9
12 20 03 +05 16 20 NGC 4268 GALXY12.8
12 20 03 +05 31 20 NGC 4266 GALXY13.7
12 20 09 +05 27 20 NGC 4270 GALXY12.2
12 20 09 +06 00 20 NGC 4269 GALXY12.9
12 20 15 +05 19 20 NGC 4273 GALXY11.9
12 20 21 +05 19 20 NGC 4277 GALXY13.4
12 20 27 +07 40 20 NGC 4276 GALXY12.4
12 20 39 +05 22 20 NGC 4281 GALXY11.3
12 20 39 +05 33 20 NGC 4282 GALXY13.9
12 20 39 -11 41 40 NGC 4279 GALXY14.0
12 20 39 -11 42 40 NGC 4280 NONEX
12 20 57 -11 40 40 NGC 4285 GALXY14.0
12 21 03 +05 37 20 NGC 4287 GALXY15.2
12 21 21 +03 42 20 NGC 4289 GALXY13.9
12 21 33 +04 34 20 NGC 4292 GALXY12.2
12 21 33 +04 36 20 NGC 4292A GALXY15.0
12 21 39 +11 29 20 NGC 4294 GALXY12.1
12 21 45 +06 38 20 NGC 4296 GALXY12.7
12 21 45 +06 38 20 NGC 4297 GALXY16.0
12 21 51 +04 45 20 NGC 4301 GALXY13.6
12 21 57 +11 29 20 NGC 4299 GALXY12.5
12 21 57 +05 21 20 NGC 4300 GALXY12.9
12 22 15 +04 27 20 NGC 4303 GALXY09.6
12 22 21 +09 01 20 NGC 4307 GALXY12.0
12 22 21 +12 43 20 NGC 4305 GALXY12.6
12 22 21 +12 46 20 NGC 4306 GALXY12.6
12 22 27 +08 58 20 NGC 4307A GALXY15.5
12 22 27 +07 08 20 NGC 4309A GALXY
12 22 33 +07 07 20 NGC 4309 GALXY12.7
12 22 45 +04 32 20 NGC 4303A GALXY13.0
12 22 57 +11 47 20 NGC 4313 GALXY11.6
12 22 57 +09 17 20 NGC 4315 NONEX
12 23 03 +09 19 20 NGC 4316 GALXY12.9
12 23 03 +08 11 20 NGC 4318 GALXY13.3
12 23 21 +10 31 20 NGC 4320 GALXY13.8
12 23 27 +05 14 20 NGC 4324 GALXY11.6
12 23 27 +10 36 20 NGC 4325 GALXY13.3
12 23 27 +06 03 20 NGC 4326 GALXY13.3
12 23 33 +11 21 20 NGC 4330 GALXY12.4
12 23 39 +06 01 20 NGC 4333 GALXY13.6
12 23 45 +07 27 20 NGC 4334 GALXY13.0
12 23 51 +06 04 20 NGC 4339 GALXY11.4
12 23 57 +06 56 20 NGC 4343 GALXY12.1
12 23 57 +07 02 20 NGC 4342 GALXY12.5
12 23 57 +12 26 20 IC 3258 GALXY13.1
12 24 03 +07 09 20 IC 3259 GALXY13.5
12 24 09 -03 27 40 NGC 4348 GALXY12.5
12 24 09 -03 15 40 NGC 4347 NONEX
12 24 15 +07 05 20 NGC 4341 GALXY13.2
12 24 21 +12 11 20 NGC 4351 GALXY12.6
12 24 21 +11 12 20 NGC 4352 GALXY12.6
12 24 21 +06 34 20 IC 3268 GALXY13.3
12 24 21 +07 01 20 IC 3267 GALXY13.4
12 24 21 +07 46 20 NGC 4353 GALXY13.6
12 24 21 +12 10 20 NGC 4354 NONEX
12 24 27 -01 01 40 NGC 4355 NONEX
12 24 33 +08 31 20 NGC 4356 GALXY13.3
12 24 33 +09 15 20 NGC 4360B GALXY15.2
12 24 39 +09 16 20 NGC 4360A GALXY13.9
12 24 45 +07 18 20 NGC 4365 GALXY09.6
12 24 51 +12 09 20 NGC 4367 NONEX
12 24 57 +10 34 20 NGC 4368 NONEX
12 25 03 +07 20 20 NGC 4366 GALXY15.2
12 25 15 +11 41 20 NGC 4371 GALXY10.8
12 25 15 +07 25 20 NGC 4370 GALXY12.6
12 25 21 +12 52 20 NGC 4374 GALXY09.1
12 25 33 +04 54 20 NGC 4378 GALXY11.7
12 25 33 +04 54 20 NGC 4376 GALXY13.4
12 25 39 +10 00 20 NGC 4380 GALXY11.7
12 25 57 +00 33 20 NGC 4385 GALXY12.5
12 25 57 +07 11 20 IC 3322A GALXY12.9
12 26 03 +12 38 20 NGC 4388 GALXY11.0
12 26 03 +12 47 20 NGC 4387 GALXY12.1
12 26 09 +10 26 20 NGC 4390 GALXY12.6
12 26 21 +10 40 20 NGC 4398 1STAR
12 26 27 +13 05 20 NGC 4402 GALXY11.8
12 26 33 +12 55 20 NGC 4406 GALXY08.9
12 26 33 -07 42 40 NGC 4403 GALXY14.0
12 26 33 +12 37 20 NGC 4407 NONEX
12 26 39 -07 42 40 NGC 4404 GALXY14.0
12 26 45 +08 51 20 NGC 4411A GALXY12.7
12 26 45 +09 00 20 NGC 4410A GALXY12.8
12 26 45 +02 28 20 NGC 4409 NONEX
12 26 51 +12 35 20 NGC 4413 GALXY12.3
12 26 51 +03 56 20 NGC 4412 GALXY12.4
12 26 51 +09 00 20 NGC 4410B GALXY13.9
12 26 57 +08 24 20 NGC 4415 GALXY12.1
12 27 03 +08 52 20 NGC 4411B GALXY12.3
12 27 03 +07 54 20 NGC 4416 GALXY12.4
12 27 09 +09 34 20 NGC 4417 GALXY11.1
12 27 09 -00 52 40 NGC 4418 GALXY13.1
12 27 15 +02 28 20 NGC 4420 GALXY12.1
12 27 27 +07 13 20 UGC 7557 GALXY12.9
12 27 27 +05 51 20 NGC 4423 GALXY13.5
12 27 33 +09 24 20 NGC 4424 GALXY11.7
12 27 33 +12 43 20 NGC 4425 GALXY11.8
12 27 33 -05 50 40 NGC 4422 GALXY14.5
12 27 45 +11 05 21 NGC 4429 GALXY10.0
12 27 45 +06 14 21 NGC 4430 GALXY12.0
12 27 45 -08 11 39 NGC 4428 GALXY12.6
12 27 45 +12 16 21 NGC 4431 GALXY12.9
12 27 51 +08 08 21 NGC 4434 GALXY12.1
12 27 51 -08 18 39 NGC 4433 GALXY12.7
12 27 51 +06 12 21 NGC 4432 GALXY14.0
12 27 57 +13 03 21 NGC 4435 GALXY10.8
12 28 03 +12 59 21 NGC 4438 GALXY10.2
12 28 03 +12 18 21 NGC 4436 GALXY13.0
12 28 15 +12 16 21 NGC 4440 GALXY11.7
12 28 21 +09 47 21 NGC 4442 GALXY10.4
12 28 21 +13 06 21 NGC 4443 1STAR
12 28 33 +09 25 21 NGC 4445 GALXY12.8
12 28 57 +09 14 21 NGC 4451 GALXY12.5
12 29 03 +11 44 21 NGC 4452 GALXY12.0
12 29 03 +06 29 21 NGC 4453 GALXY14.8
12 29 09 -01 57 39 NGC 4454 GALXY11.9
12 29 10 -11 40 39 NGC 4484 GALXY14.0
12 29 15 +03 33 21 NGC 4457 GALXY10.9
12 29 15 +13 13 21 NGC 4458 GALXY12.1
12 29 21 +13 10 21 NGC 4461 GALXY11.2
12 29 21 +02 04 21 3C 273 QUASR12.0
12 29 39 +08 08 21 NGC 4464 GALXY12.5
12 29 39 +08 00 21 NGC 4465 GALXY15.4
12 29 45 +08 44 21 NGC 4469 GALXY11.2
12 29 51 +07 40 21 NGC 4466 GALXY13.5
12 29 51 +07 58 21 NGC 4467 GALXY13.8
12 29 57 +07 48 21 NGC 4470 GALXY12.1
12 29 57 +07 53 21 NGC 4471 NONEX
12 30 03 +07 59 21 NGC 4472 GALXY08.4
12 30 21 +12 19 21 NGC 4476 GALXY12.2
12 30 27 +10 45 21 NGC 4482 GALXY12.7
12 30 39 +12 18 21 NGC 4478 GALXY11.4
12 30 45 +04 13 21 NGC 4480 GALXY12.4
12 30 51 +12 28 21 NGC 4486B GALXY13.4
12 30 57 +09 00 21 NGC 4483 GALXY12.2
12 31 09 +12 22 21 NGC 4486 GALXY08.6
12 31 10 -08 05 39 NGC 4487 GALXY10.9
12 31 09 +12 14 21 MCG +02-32GALXY11.2
12 31 09 +08 20 21 NGC 4488 GALXY12.2
12 31 15 +12 15 21 NGC 4486A GALXY11.2
12 31 15 +11 28 21 NGC 4491 GALXY12.6
12 31 21 +08 03 21 NGC 4492 GALXY12.6
12 31 27 +00 35 21 NGC 4493 GALXY14.9
12 31 51 +11 36 21 NGC 4497 GALXY12.5
12 31 57 +03 55 21 NGC 4496A GALXY11.4
12 31 57 +03 54 21 NGC 4496B GALXY13.3
12 32 27 +11 09 21 NGC 4503 GALXY11.1
12 32 33 -07 34 39 NGC 4504 GALXY11.2
12 32 33 +03 57 21 NGC 4505 NONEX
12 32 39 +05 48 21 NGC 4508 NONEX
12 32 45 +00 22 21 NGC 4517A GALXY12.5
12 32 57 +12 44 21 IC 3475 GALXY13.1
12 33 03 +00 05 21 NGC 4517 GALXY10.4
12 33 03 +00 05 21 NGC 4437 NONEX
12 33 27 +07 49 21 NGC 4518A GALXY15.0
12 33 27 +07 48 21 NGC 4518B GALXY15.2
12 33 39 +08 38 21 NGC 4519A GALXY15.3
12 33 51 +08 38 21 NGC 4519 GALXY11.8
12 33 57 +09 09 21 NGC 4522 GALXY12.3
12 33 57 +10 57 21 IC 3499 GALXY13.3
12 33 58 -07 24 39 NGC 4520 GALXY
12 34 21 +07 41 21 NGC 4526 GALXY09.7
12 34 27 +02 38 21 NGC 4527 GALXY10.5
12 34 27 +11 18 21 NGC 4528 GALXY12.1
12 34 33 +13 03 21 NGC 4531 GALXY11.4
12 34 33 +08 14 21 NGC 4535A GALXY14.5
12 34 39 +08 11 21 NGC 4535 GALXY10.0
12 34 39 +06 27 21 NGC 4532 GALXY11.9
12 34 39 +02 18 21 NGC 4533 GALXY13.8
12 34 45 +02 10 21 NGC 4536 GALXY10.6
12 34 57 +06 16 21 UGC 7739 GALXY14.0
12 34 57 +03 18 21 NGC 4538 GALXY14.3
12 35 27 -00 14 39 NGC 4541 GALXY13.0
12 35 39 +06 05 21 NGC 4543 GALXY14.6
12 35 45 -03 48 39 NGC 4546 GALXY10.3
12 35 51 +12 12 21 NGC 4550 GALXY11.7
12 35 51 +03 01 21 NGC 4544 GALXY13.0
12 35 57 +12 32 21 NGC 4552 GALXY09.8
12 35 57 +12 14 21 NGC 4551 GALXY12.0
12 35 57 +11 09 21 NGC 4554 NONEX
12 36 21 +07 39 21 NGC 4560 NONEX
12 36 45 +11 25 21 NGC 4564 GALXY11.1
12 36 51 +11 13 21 NGC 4568 GALXY10.8
12 36 51 +11 14 21 NGC 4567 GALXY11.3
12 36 51 +06 35 21 IC 3576 GALXY13.5
12 36 57 +13 13 21 IC 3583 GALXY12.8
12 37 09 +13 08 21 NGC 4569 GALXY09.5
12 37 09 +07 13 21 NGC 4570 GALXY10.9
12 37 45 +06 02 21 NGC 4577 NONEX
12 37 51 +09 32 21 NGC 4578 GALXY11.5
12 37 51 +04 21 21 NGC 4576 GALXY13.5
12 38 03 +11 48 21 NGC 4579 GALXY09.7
12 38 09 +05 21 21 NGC 4580 GALXY11.8
12 38 27 +01 26 21 NGC 4581 GALXY12.5
12 38 27 +00 09 21 NGC 4582 1STAR
12 38 39 +13 05 21 NGC 4584 GALXY12.9
12 38 45 +04 18 21 NGC 4586 GALXY11.7
12 38 51 +02 38 21 NGC 4587 GALXY13.5
12 39 03 +06 44 21 NGC 4588 GALXY14.3
12 39 33 -00 32 39 NGC 4592 GALXY11.7
12 39 33 +05 59 21 NGC 4591 GALXY13.0
12 39 39 +07 56 21 IC 3617 GALXY14.2
12 39 51 -05 21 39 NGC 4593 GALXY10.9
12 40 10 -11 38 39 NGC 4594 GALXY 8
12 40 15 +10 09 21 NGC 4596 GALXY10.4
12 40 21 -05 49 39 NGC 4597 GALXY12.1
12 40 33 +08 21 21 NGC 4598 GALXY12.7
12 40 39 +03 06 21 NGC 4600 GALXY12.7
12 40 45 +01 09 21 NGC 4599 GALXY12.6
12 40 51 -05 09 39 NGC 4602 GALXY11.5
12 40 57 -05 19 39 NGC 4604 GALXY
12 41 15 +11 53 21 NGC 4606 GALXY11.8
12 41 33 +10 08 21 NGC 4608 GALXY11.0
12 41 33 +11 52 21 NGC 4607 GALXY12.8
12 41 39 +07 41 21 NGC 4610 NONEX
12 41 51 +07 17 21 NGC 4612 GALXY10.9
12 42 21 +11 37 21 NGC 4621 GALXY09.6
12 42 21 +12 55 21 NGC 4620 GALXY12.2
12 42 27 +07 39 21 NGC 4623 GALXY12.2
12 42 33 +03 02 21 NGC 4624 NONEX
12 42 40 -07 03 39 NGC 4626 GALXY14.0
12 42 40 -06 58 39 NGC 4628 GALXY14.0
12 42 45 -01 22 38 NGC 4629 2STAR
12 42 51 -00 06 38 NGC 4632 GALXY11.7
12 42 51 +03 56 22 NGC 4630 GALXY12.6
12 43 09 +02 40 22 NGC 4636 GALXY09.5
12 43 09 +11 25 22 NGC 4638 GALXY11.2
12 43 15 +13 14 22 NGC 4639 GALXY11.5
12 43 15 +12 16 22 NGC 4640B GALXY15.2
12 43 15 +11 25 22 NGC 4637 GALXY16.0
12 43 21 +12 16 22 NGC 4640A GALXY15.0
12 43 27 +11 01 22 NGC 4641 GALXY13.2
12 43 33 -00 39 38 NGC 4642 GALXY12.9
12 43 39 +01 57 22 NGC 4643 GALXY10.8
12 43 51 +11 33 22 NGC 4647 GALXY11.3
12 43 57 +11 32 22 NGC 4649 GALXY08.8
12 44 09 -00 34 38 NGC 4653 GALXY12.2
12 44 15 +13 06 22 NGC 4654 GALXY10.5
12 44 45 +00 27 22 UGC 7911 GALXY12.9
12 44 51 +11 10 22 NGC 4660 GALXY11.2
12 44 58 -10 06 38 NGC 4658 GALXY12.5
12 45 16 -10 11 38 NGC 4663 GALXY14.0
12 45 15 +03 11 22 NGC 4664 NONEX
12 45 27 +03 02 22 NGC 4665 GALXY10.5
12 45 27 -00 28 38 NGC 4666 GALXY10.7
12 45 33 +11 24 22 NGC 4667 NONEX
12 45 51 -00 17 38 NGC 4668 GALXY13.1
12 46 04 -07 05 38 NGC 4671 GALXY14.5
12 46 16 -08 40 38 NGC 4674 GALXY15.0
12 46 57 +05 56 22 UGC 7943 GALXY13.1
12 46 57 -04 36 38 NGC 4678 GALXY
12 47 10 -11 38 38 NGC 4680 GALXY13.0
12 47 33 -02 45 38 NGC 4684 GALXY11.4
12 47 34 -10 05 38 NGC 4682 GALXY12.1
12 48 03 +04 19 22 NGC 4688 GALXY11.9
12 48 09 -01 39 38 NGC 4690 GALXY12.9
12 48 27 -03 21 38 NGC 4691 GALXY11.1
12 48 33 +10 57 22 NGC 4694 GALXY11.4
12 48 45 +08 28 22 NGC 4698 GALXY10.6
12 48 52 -05 49 38 NGC 4697 GALXY09.2
12 49 22 -08 41 38 NGC 4699 GALXY09.5
12 49 22 -11 25 38 NGC 4700 GALXY11.9
12 49 27 +03 22 22 NGC 4701 GALXY12.4
12 49 40 -10 08 38 AN 3 GALXY11.6
12 49 40 -09 08 38 NGC 4703 GALXY14.5
12 49 46 -05 12 38 NGC 4705 GALXY14.0
12 49 58 -11 06 38 NGC 4708 GALXY14.0
12 50 15 +05 17 22 NGC 4713 GALXY11.7
12 50 46 -09 27 38 NGC 4716A GALXY15.0
12 50 46 -09 30 38 NGC 4716B GALXY15.0
12 50 52 -09 27 38 NGC 4717 GALXY15.0
12 50 52 -05 17 38 NGC 4718 GALXY15.0
12 51 16 -06 25 38 NGC 4731 GALXY11.5
12 51 27 +10 53 22 NGC 4733 GALXY11.9
12 51 28 -06 34 38 NGC 4731A GALXY14.5
12 51 33 +04 50 22 NGC 4734 GALXY13.5
12 51 52 -08 25 38 NGC 4739 GALXY14.0
12 52 04 -10 29 38 NGC 4742 GALXY11.3
12 52 15 +12 03 22 NGC 4746 GALXY12.6
12 52 15 -04 10 38 NGC 4720 GALXY15.0
12 52 39 -01 13 38 NGC 4753 GALXY09.9
12 52 39 +11 17 22 NGC 4754 GALXY10.6
12 53 10 -10 19 38 NGC 4757 GALXY15.0
12 53 15 +11 12 22 NGC 4762 GALXY10.3
12 53 16 -09 13 38 NGC 4776 GALXY13.0
12 53 22 -10 31 38 NGC 4760 GALXY11.4
12 53 22 -09 13 38 NGC 4778 GALXY12.5
12 53 22 -09 12 38 NGC 4761 GALXY13.8
12 53 22 -09 12 38 NGC 4759 GALXY15.0
12 53 22 -10 23 38 NGC 4766 GALXY15.0
12 53 28 -09 16 38 NGC 4764 GALXY15.0
12 53 33 +04 26 22 NGC 4765 GALXY13.0
12 53 34 -09 33 38 NGC 4768 1STAR
12 53 34 -09 33 38 NGC 4769 2STAR
12 53 39 +01 14 22 NGC 4771 GALXY12.3
12 53 45 +02 08 23 NGC 4772 GALXY11.0
12 53 46 -09 32 37 NGC 4770 GALXY14.0
12 53 52 -08 40 37 NGC 4773 GALXY15.0
12 53 58 -06 38 37 NGC 4775 GALXY11.1
12 54 09 +09 42 23 NGC 4779 GALXY12.4
12 54 16 -08 49 37 NGC 4777 GALXY14.5
12 54 22 -08 38 37 NGC 4780 GALXY14.0
12 54 22 -08 39 37 NGC 4780A GALXY
12 54 40 -10 33 37 NGC 4781 GALXY11.1
12 54 52 -06 52 37 NGC 4786 GALXY11.7
12 54 52 -10 38 37 NGC 4784 GALXY15.0
12 55 04 -10 15 37 NGC 4790 GALXY12.1
12 55 03 +08 01 23 NGC 4791 GALXY15.1
12 55 09 +02 37 23 NGC 4809 GALXY13.7
12 55 09 +02 37 23 NGC 4810 GALXY13.7
12 55 21 +08 02 23 NGC 4795 GALXY12.1
12 55 21 +08 02 23 NGC 4796 GALXY13.5
12 55 27 +00 05 23 UGC 8041 GALXY12.0
12 55 33 +02 52 23 NGC 4799 GALXY13.3
12 55 57 +08 12 23 NGC 4803 GALXY15.0
12 56 03 +03 59 23 UGC 8053 GALXY13.7
12 56 09 +04 16 23 NGC 4808 GALXY11.7
12 56 52 -06 49 37 NGC 4813 GALXY15.0
12 57 10 -08 32 37 NGC 4818 GALXY11.1
12 57 16 -10 46 37 NGC 4822 GALXY14.0
12 57 16 -13 43 37 NGC 4820 GALXY15.0
12 57 22 -13 41 37 NGC 4825 GALXY11.7
12 57 34 -13 45 37 NGC 4829 GALXY
12 57 40 -19 43 37 NGC 4830 GALXY12.1
12 57 40 -13 45 37 NGC 4823 GALXY
12 57 46 -12 46 37 NGC 4836 GALXY13.0
12 58 10 -13 04 37 NGC 4838 GALXY13.0
12 58 15 -03 38 37 NGC 4843 GALXY13.0
12 58 21 +01 33 23 NGC 4845 GALXY11.2
12 58 22 -13 05 37 NGC 4844 1STAR
12 58 46 -13 09 37 NGC 4847 GALXY
12 58 57 +14 11 23 UGC 8091 GALXY14.5
12 59 34 -15 03 37 NGC 4856 GALXY10.5
12 59 34 -13 14 37 NGC 4855 GALXY14.0
12 59 39 +14 08 23 NGC 4866 GALXY11.2
12 59 40 -14 08 37 NGC 4862 GALXY15.0
12 59 52 -14 02 37 NGC 4863 GALXY15.0
13 00 21 +12 27 23 NGC 4880 GALXY11.4
13 00 34 -06 06 37 NGC 4878 GALXY14.5
13 00 40 -15 18 37 NGC 4877 GALXY13.0
13 00 46 -06 51 37 NGC 4885 GALXY15.0
13 00 46 -06 04 37 NGC 4879 GALXY17.0
13 00 52 -14 41 37 NGC 4887 GALXY14.0
13 00 52 -04 35 37 NGC 4890 GALXY14.0
13 00 57 +02 28 23 NGC 4900 GALXY11.4
13 00 58 -13 26 37 NGC 4891 1STAR12.6
13 01 10 -14 32 37 NGC 4902 GALXY10.9
13 01 10 -13 28 37 NGC 4897 GALXY11.8
13 01 10 -13 58 37 NGC 4899 GALXY11.9
13 01 15 -00 03 37 NGC 4904 GALXY12.0
13 01 22 -06 05 37 NGC 4888 NONEX
13 01 40 -04 33 37 NGC 4915 GALXY12.1
13 01 39 +01 38 23 NGC 4910 NONEX
13 02 04 -04 31 37 NGC 4918 GALXY
13 02 10 -11 23 37 NGC 4920 GALXY14.0
13 02 22 -07 43 37 NGC 4925 GALXY14.0
13 02 28 -14 59 37 NGC 4924 GALXY14.0
13 03 10 -08 06 36 NGC 4928 GALXY12.5
13 03 21 +03 58 24 UGC 8153 GALXY13.5
13 04 04 -11 30 36 NGC 4933A GALXY11.7
13 04 04 -11 31 36 NGC 4933B GALXY15.0
13 04 16 -11 31 36 NGC 4933C GALXY17.0
13 04 28 -05 34 36 NGC 4941 GALXY11.1
13 04 34 -10 22 36 NGC 4939 GALXY11.3
13 04 34 -07 41 36 NGC 4942 GALXY14.0
13 05 10 -07 58 36 NGC 4948 GALXY14.0
13 05 22 -06 31 36 NGC 4951 GALXY11.9
13 05 22 -08 10 36 NGC 4948A GALXY13.4
13 05 58 -08 02 36 NGC 4958 GALXY10.7
13 07 15 +13 37 24 NGC 4969 GALXY14.9
13 08 16 -05 02 36 NGC 4975 GALXY15.5
13 08 58 -06 48 36 NGC 4981 GALXY11.3
13 09 04 -10 36 36 NGC 4982 4STAR
13 09 16 -15 32 36 NGC 4984 GALXY11.3
13 09 15 +11 36 24 NGC 4992 GALXY13.4
13 09 33 +02 19 24 NGC 4991 GALXY15.5
13 09 40 -05 26 36 NGC 4989 GALXY14.0
13 09 40 -05 17 36 NGC 4990 GALXY15.0
13 09 52 -07 51 36 NGC 4995 GALXY11.1
13 09 51 +01 38 24 NGC 4999 GALXY11.8
13 09 51 +00 51 24 NGC 4996 GALXY12.6
13 10 04 -22 34 36 NGC 4994 NONEX
13 10 16 -16 31 36 NGC 4997 GALXY13.0
13 12 04 -19 15 35 NGC 5006 GALXY12.3
13 12 27 +03 10 25 NGC 5013 GALXY15.0
13 12 40 -04 20 35 NGC 5015 GALXY13.0
13 12 46 -17 32 35 MCG -03-34GALXY12.0
13 12 46 -15 48 35 NGC 5010 GALXY14.0
13 12 45 +07 09 25 UGC 8285 GALXY14.2
13 12 51 +12 34 25 NGC 5020 GALXY11.7
13 13 03 +04 42 25 NGC 5019 GALXY13.5
13 13 10 -19 32 35 NGC 5018 GALXY10.8
13 13 10 -16 47 35 NGC 5017 GALXY12.6
13 13 34 -19 32 35 NGC 5022 GALXY12.9
13 13 39 +06 02 25 NGC 5027 GALXY13.4
13 13 58 -13 04 35 NGC 5028 GALXY14.0
13 14 04 -16 31 35 NGC 5030 GALXY14.0
13 14 22 -16 07 35 NGC 5031 GALXY14.0
13 14 58 -16 32 35 NGC 5035 GALXY12.8
13 14 58 -04 12 35 NGC 5036 GALXY
13 15 10 -04 11 35 NGC 5039 GALXY
13 15 16 -16 37 35 NGC 5037 GALXY12.2
13 15 22 -15 57 35 NGC 5038 GALXY14.0
13 15 40 -16 25 35 NGC 5044 GALXY10.8
13 15 52 -16 21 35 NGC 5046 GALXY15.0
13 15 58 -16 31 35 NGC 5047 GALXY13.0
13 16 03 +02 50 25 NGC 5050 GALXY13.7
13 16 10 -16 25 35 NGC 5049 GALXY13.0
13 17 03 +12 31 25 NGC 5058 GALXY14.6
13 17 10 -16 40 35 NGC 5054 GALXY10.9
13 17 15 +07 48 25 NGC 5059 GALXY15.5
13 17 33 +06 00 25 NGC 5060 GALXY13.3
13 18 40 -10 15 34 NGC 5066 GALXY14.0
13 18 40 -10 09 34 NGC 5067 2STAR
13 18 57 +07 54 26 NGC 5071 GALXY15.5
13 18 58 -10 13 34 NGC 5069 NONEX
13 19 10 -21 04 34 NGC 5068 GALXY10.0
13 19 22 -12 33 34 NGC 5072 GALXY14.0
13 19 28 -12 30 34 NGC 5070 GALXY15.0
13 19 27 +07 47 26 NGC 5075 GALXY15.1
13 19 34 -14 53 34 NGC 5073 GALXY13.0
13 19 40 -12 46 34 NGC 5076 GALXY13.0
13 19 39 +08 23 26 NGC 5080 GALXY14.6
13 19 46 -12 41 34 NGC 5077 GALXY11.4
13 19 52 -12 44 34 NGC 5079 GALXY12.0
13 20 28 -21 51 34 NGC 5084 GALXY10.5
13 20 34 -12 36 34 NGC 5088 GALXY12.4
13 20 40 -20 38 34 NGC 5087 GALXY11.4
13 20 51 -02 18 34 NGC 5095 GALXY13.7
13 20 57 +09 45 26 UGC 8385 GALXY13.6
13 20 58 -14 06 34 NGC 5094 GALXY14.0
13 21 10 -12 30 34 NGC 5097 GALXY
13 21 21 +08 56 26 NGC 5100 GALXY15.1
13 21 34 -13 05 34 NGC 5099 GALXY
13 21 39 +00 18 26 NGC 5104 GALXY13.7
13 21 58 -13 14 34 NGC 5105 GALXY11.8
13 21 57 +08 27 26 NGC 5106 1STAR
13 22 46 -13 06 34 NGC 5110 GALXY
13 23 04 -12 59 34 NGC 5111 GALXY13.0
13 23 09 +13 55 26 NGC 5115 GALXY13.6
13 23 45 +06 21 26 NGC 5118 GALXY13.7
13 24 09 +09 40 26 NGC 5125 GALXY12.4
13 24 10 -12 18 34 NGC 5119 GALXY14.0
13 24 21 +13 57 26 NGC 5129 GALXY12.1
13 24 22 -10 40 34 NGC 5122 GALXY14.0
13 24 34 -10 14 34 NGC 5130 GALXY14.0
13 24 39 +14 03 27 NGC 5132 GALXY12.9
13 25 03 +13 42 27 NGC 5136 GALXY14.7
13 25 03 +14 02 27 NGC 5137 GALXY15.6
13 25 10 -04 03 33 NGC 5133 GALXY15.0
13 25 34 -21 08 33 NGC 5134 GALXY11.3
13 26 39 +02 04 27 NGC 5147 GALXY11.8
13 26 46 -12 20 33 NGC 5146 GALXY14.0
13 26 57 +02 16 27 NGC 5148 GALXY14.2
13 28 33 +02 57 27 NGC 5159 GALXY14.2
13 28 33 +05 57 27 NGC 5160 2STAR
13 28 51 +11 21 27 NGC 5165 GALXY14.6
13 28 51 +12 40 27 NGC 5167 GALXY14.7
13 29 21 +11 14 27 NGC 5162 GALXY14.1
13 29 33 +11 42 27 NGC 5171 GALXY12.8
13 29 33 +10 58 27 NGC 5174 GALXY13.7
13 29 33 +10 58 27 NGC 5175 GALXY13.7
13 29 33 +11 45 27 NGC 5176 GALXY15.4
13 29 33 +11 46 27 NGC 5177 GALXY15.5
13 29 39 +11 35 27 NGC 5178 GALXY13.8
13 29 39 +11 43 27 NGC 5179 GALXY14.9
13 29 51 +13 16 27 NGC 5181 GALXY14.7
13 29 58 -17 59 33 NGC 5170 GALXY11.1
13 30 15 +13 23 27 NGC 5185 GALXY13.3
13 30 15 +12 08 27 NGC 5186 GALXY15.6
13 30 21 -01 45 33 NGC 5183 GALXY12.7
13 30 27 -01 42 33 NGC 5184 GALXY12.6
13 30 57 +11 10 28 NGC 5191 GALXY14.9
13 31 09 -01 48 32 NGC 5192 GALXY14.6
13 31 39 -01 38 32 NGC 5196 GALXY14.0
13 31 45 -01 43 32 NGC 5197 GALXY15.4
13 31 57 +00 00 28 NGC 5200 2STAR
13 32 21 -01 43 32 NGC 5202 GALXY14.5
13 32 27 +13 52 28 NGC 5207 GALXY13.2
13 32 28 -08 49 32 NGC 5203 GALXY14.0
13 32 45 +07 17 28 NGC 5208 GALXY13.1
13 32 51 +07 16 28 NGC 5212 GALXY15.5
13 32 57 +07 18 28 NGC 5209 GALXY13.0
13 33 09 +07 08 28 NGC 5210 GALXY12.9
13 33 27 -01 03 32 NGC 5211 GALXY12.3
13 34 57 +04 05 28 NGC 5213 GALXY13.7
13 35 09 +13 47 28 NGC 5221 GALXY13.0
13 35 09 +13 42 28 NGC 5222 GALXY14.1
13 35 15 +13 52 28 NGC 5226 GALXY
13 35 27 +06 26 28 NGC 5224 GALXY15.0
13 35 39 +01 22 28 NGC 5227 GALXY13.1
13 35 45 +13 38 28 NGC 5230 GALXY12.1
13 36 03 +02 57 28 NGC 5231 GALXY13.4
13 36 16 -08 31 32 NGC 5232 GALXY13.0
13 36 21 +06 32 28 NGC 5235 GALXY14.9
13 36 52 -08 25 31 NGC 5241 GALXY15.0
13 37 21 +02 44 29 NGC 5242 NONEX
13 37 45 +04 03 29 NGC 5246 GALXY13.6
13 37 45 +03 51 29 NGC 5245 GALXY
13 38 16 -17 54 31 NGC 5247 GALXY10.0
13 38 33 +04 29 29 NGC 5252 GALXY13.0
13 39 46 -11 30 31 NGC 5254 GALXY13.0
13 40 09 +00 48 29 NGC 5257 GALXY12.9
13 40 15 +00 47 29 NGC 5258 GALXY12.9
13 40 33 +05 01 29 NGC 5261 GALXY15.3
13 40 52 -19 54 31 PK318+41.1PLNNB13.0
13 42 22 -13 53 30 NGC 5268 1STAR
13 42 33 +04 12 30 NGC 5270 GALXY13.5
13 44 45 +02 03 30 NGC 5285 GALXY13.9
13 48 33 +03 56 31 NGC 5300 GALXY11.4
13 49 22 -07 13 29 NGC 5306 GALXY12.1
13 50 16 -15 46 29 NGC 5309 NONEX
13 51 15 -00 07 29 NGC 5310 1STAR
13 51 27 +04 58 31 NGC 5317 NONEX
13 52 16 -06 03 28 NGC 5324 GALXY11.7
13 52 21 -02 13 28 NGC 5327 GALXY12.6
13 52 27 +02 18 32 NGC 5329 GALXY12.4
13 52 39 +02 04 32 NGC 5331 GALXY14.3
13 53 09 -01 07 28 NGC 5334 GALXY11.3
13 53 15 +02 48 32 NGC 5335 GALXY12.8
13 53 45 +05 11 32 NGC 5338 GALXY12.4
13 54 04 -07 56 28 NGC 5339 GALXY12.0
13 54 16 -07 35 28 NGC 5343 GALXY14.0
13 54 33 -01 26 28 NGC 5345 GALXY12.4
13 54 33 +05 12 32 NGC 5348 GALXY13.1
13 55 21 +05 19 32 NGC 5356 GALXY12.6
13 55 57 +04 58 32 NGC 5360 GALXY13.3
13 56 27 +05 14 32 NGC 5363 GALXY10.1
13 56 33 +05 00 32 NGC 5364 GALXY10.5
13 56 39 -00 15 28 NGC 5366 GALXY13.7
13 57 04 -05 30 27 NGC 5369 GALXY
13 57 27 +05 14 33 NGC 5373 GALXY15.3
13 57 51 +06 04 33 NGC 5374 GALXY12.5
13 58 21 +06 30 33 NGC 5384 GALXY13.1
13 58 27 +06 14 33 NGC 5382 GALXY12.6
13 58 33 +06 19 33 NGC 5386 GALXY13.2
13 58 45 +06 03 33 NGC 5387 GALXY13.9
13 59 10 -14 10 27 NGC 5388 NONEX
13 59 40 -03 13 27 NGC 5392 GALXY13.4
14 00 52 -02 52 27 NGC 5400 GALXY12.9
14 01 21 +00 03 33 NGC 5404 2STAR
14 03 40 -06 02 26 NGC 5427 GALXY11.4
14 03 40 -06 04 26 NGC 5426 GALXY12.1
14 03 40 -06 03 26 NGC 5428 2STAR
14 03 40 -06 03 26 NGC 5429 2STAR
14 03 52 -05 58 26 NGC 5432 2STAR
14 04 04 -05 55 26 NGC 5435 2STAR
14 04 16 -14 38 26 NGC 5420 GALXY13.0
14 04 40 -17 16 26 IC 972 PLNNB14.9
14 05 10 -09 44 26 NGC 5442 GALXY14.5
14 06 40 -05 32 25 NGC 5465 1STAR
14 06 45 +06 00 35 NGC 5470 GALXY13.4
14 06 46 -05 30 25 NGC 5467 1STAR
14 06 52 -05 29 25 NGC 5468 GALXY12.5
14 07 10 -05 29 25 NGC 5472 GALXY15.0
14 08 27 -01 43 25 NGC 5478 GALXY13.6
14 08 28 -06 06 25 NGC 5476 GALXY14.0
14 10 28 -02 35 24 UGC 9057 GALXY12.9
14 11 09 +06 20 36 NGC 5491A GALXY13.9
14 11 09 +06 21 36 NGC 5491B GALXY
14 11 46 -05 04 24 NGC 5493 GALXY11.4
14 11 57 -01 10 24 NGC 5496 GALXY12.1
14 12 39 +01 14 36 NGC 5501 GALXY13.5
14 13 34 -03 13 24 NGC 5506 GALXY11.9
14 13 40 -03 10 24 NGC 5507 GALXY12.5
14 13 53 -18 00 24 NGC 5510 GALXY14.0
14 15 45 +04 22 37 NGC 5521 GALXY13.7
14 17 45 +07 01 37 NGC 5537 GALXY15.1
14 17 52 -07 26 23 NGC 5534 GALXY12.3
14 18 45 +07 20 38 NGC 5549 GALXY12.9
14 19 09 +05 24 38 NGC 5551 GALXY15.1
14 19 09 +07 00 38 NGC 5552 GALXY15.2
14 19 17 -19 09 22 NGC 5555 GALXY15.0
14 19 27 +06 59 38 NGC 5554 GALXY15.2
14 19 57 +07 00 38 NGC 5558 NONEX
14 20 21 +07 01 38 NGC 5563 GALXY15.3
14 20 27 +03 57 38 NGC 5560 GALXY12.4
14 20 27 +06 59 38 NGC 5564 NONEX
14 20 27 +06 58 38 NGC 5565 NONEX
14 20 39 +03 54 38 NGC 5566 GALXY10.6
14 20 51 +03 57 38 NGC 5569 GALXY13.2
14 20 51 +06 52 38 NGC 5573 GALXY15.0
14 21 09 +06 10 38 NGC 5575 GALXY13.3
14 21 15 +03 12 38 NGC 5574 GALXY12.4
14 21 21 +03 14 38 NGC 5576 GALXY11.0
14 21 27 +06 10 38 NGC 5578 NONEX
14 21 33 +03 24 38 NGC 5577 GALXY12.3
14 22 39 -00 25 21 NGC 5584 GALXY11.4
14 23 57 +06 32 39 NGC 5599 GALXY13.6
14 24 58 -03 14 21 NGC 5604 GALXY12.8
14 27 28 -02 18 20 NGC 5618 GALXY13.4
14 27 39 +04 45 40 NGC 5619A GALXY14.0
14 27 51 +04 44 40 NGC 5619B GALXY15.5
14 28 33 -00 13 20 NGC 5632 GALXY
14 29 52 -06 00 20 NGC 5634 GLOCL11.0
14 29 57 +03 11 40 NGC 5638 GALXY11.2
14 29 57 +03 13 40 NGC 5636 GALXY12.7
14 30 15 +03 11 40 UGC 9310 GALXY14.0
14 30 51 +07 14 41 NGC 5645 GALXY12.5
14 31 03 +05 57 41 NGC 5650 NONEX
14 31 09 +05 56 41 NGC 5652 GALXY12.5
14 31 33 -00 57 19 NGC 5651 NONEX
14 32 09 +06 12 41 NGC 5661 GALXY13.3
14 32 39 +00 14 41 NGC 5658 GALXY14.5
14 33 45 +04 24 41 NGC 5668 GALXY11.5
14 34 03 +05 24 42 NGC 5674 GALXY13.0
14 34 51 +04 14 42 UGC 9380 GALXY13.7
14 35 15 +05 18 42 NGC 5679A GALXY14.2
14 35 15 +05 18 42 NGC 5679B GALXY14.5
14 35 15 +05 18 42 NGC 5679C GALXY16.0
14 36 03 -00 04 18 NGC 5680 GALXY13.7
14 38 03 +02 16 43 NGC 5690 GALXY11.8
14 38 09 -00 25 17 NGC 5691 GALXY12.3
14 38 39 +03 23 43 NGC 5692 GALXY12.9
14 39 21 +05 21 43 NGC 5701 GALXY10.9
14 40 09 -00 43 17 NGC 5705 GALXY12.7
14 40 27 -00 18 17 NGC 5713 GALXY11.2
14 41 03 +03 26 43 NGC 5718 GALXY12.9
14 41 15 -00 19 16 NGC 5719 GALXY12.2
14 41 21 +02 08 44 NGC 5725 GALXY13.6
14 43 03 -00 21 16 NGC 5733 GALXY14.0
14 43 09 +04 51 44 IC 1048 GALXY12.6
14 44 15 +01 35 44 NGC 5738 GALXY13.9
14 44 45 +01 39 45 NGC 5740 GALXY11.9
14 45 15 +01 47 45 NGC 5746 GALXY10.3
14 46 37 -9785 14 15 NGC 5750 GALXY11.6
14 51 03 +05 05 46 NGC 5765B GALXY14.5
14 51 03 +05 05 46 NGC 5765A GALXY14.6
14 53 39 +03 55 47 NGC 5770 GALXY12.3
14 54 03 +03 33 47 NGC 5774 GALXY12.1
14 54 15 +03 31 47 NGC 5775 GALXY11.4
14 54 51 +02 56 47 NGC 5776 GALXY14.7
15 00 21 +01 51 49 NGC 5806 GALXY11.7
15 00 45 +01 35 49 NGC 5811 GALXY14.0
15 01 27 +01 40 50 NGC 5813 GALXY10.5
15 01 39 +01 35 50 NGC 5814 GALXY13.8
15 04 27 +01 11 50 NGC 5831 GALXY11.5
15 05 45 +02 04 51 NGC 5838 GALXY10.9
15 05 45 +01 36 51 NGC 5839 GALXY12.7
15 05 51 +01 57 51 NGC 5841 NONEX
15 06 21 +01 36 51 NGC 5845 GALXY12.5
15 06 33 +06 21 51 NGC 5847 GALXY15.1
15 06 45 +01 34 51 NGC 5846 GALXY10.0
15 06 45 +01 33 51 NGC 5846A GALXY
15 06 57 +01 58 51 NGC 5848 GALXY13.8
15 07 27 +01 30 51 NGC 5850 GALXY10.8
15 08 09 +02 32 52 NGC 5854 GALXY11.9
15 08 09 +03 56 52 NGC 5855 GALXY15.5
15 09 51 +03 01 52 NGC 5864 GALXY11.8
15 10 09 +00 26 52 NGC 5869 GALXY11.9
15 10 09 +00 29 52 NGC 5868 GALXY13.4
15 10 09 +00 25 52 NGC 5865 GALXY13.5
15 10 21 +00 29 52 NGC 5871 1STAR
